Log created on 30-4-2018__12.23.58
Tes

Time	MAT	CHT	MAP	AFR	TPS	RPM	CCM	Cons	State
11156.0	198.19	189.66	833.32	19.98	0.0	0.0	2500.0	0.0	0.0
11206.0	198.19	189.66	833.32	19.98	0.0	0.0	2500.0	0.0	0.0
11261.0	198.19	189.66	833.32	19.98	0.0	0.0	2500.0	0.0	0.0
11312.0	198.19	189.66	833.32	19.98	0.0	0.0	2500.0	0.0	0.0
11363.0	198.19	189.66	833.32	19.98	0.0	0.0	2500.0	0.0	0.0
11413.0	198.19	189.66	833.32	19.98	0.0	0.0	2500.0	0.0	0.0
11468.0	198.19	189.66	833.32	19.98	0.0	0.0	2500.0	0.0	0.0
11525.0	198.19	189.66	833.32	19.98	0.0	0.0	2500.0	0.0	0.0
11575.0	198.19	189.66	833.32	19.98	0.0	0.0	2500.0	0.0	0.0
11619.0	198.19	189.66	833.32	19.98	0.0	0.0	2500.0	0.0	0.0
11675.0	198.19	189.66	833.32	19.98	0.0	0.0	2500.0	0.0	0.0
11725.0	198.19	189.66	833.32	19.98	0.0	0.0	2500.0	0.0	0.0
11776.0	198.19	189.66	833.32	19.98	0.0	0.0	2500.0	0.0	0.0
11831.0	198.19	189.66	833.32	19.98	0.0	0.0	2500.0	0.0	0.0
11892.0	198.19	189.66	833.32	19.98	0.0	0.0	2500.0	0.0	0.0
11942.0	198.19	189.66	833.32	19.98	0.0	0.0	2500.0	0.0	0.0
12004.0	198.19	189.66	833.32	19.98	0.0	0.0	2500.0	0.0	0.0
12054.0	198.19	189.66	833.32	19.98	0.0	0.0	2500.0	0.0	0.0
12104.0	198.19	189.66	833.32	19.98	0.0	0.0	2500.0	0.0	0.0
12154.0	198.19	189.66	833.32	19.98	0.0	0.0	2500.0	0.0	0.0
12199.0	198.19	189.66	833.32	19.98	0.0	0.0	2500.0	0.0	0.0
12250.0	198.19	189.66	833.32	19.98	0.0	0.0	2500.0	0.0	0.0
12300.0	198.19	189.66	833.32	19.98	0.0	0.0	2500.0	0.0	0.0
12344.0	198.19	189.66	833.32	19.98	0.0	0.0	2500.0	0.0	0.0
12405.0	198.19	189.66	833.32	19.98	0.0	0.0	2500.0	0.0	0.0
12462.0	198.19	189.66	833.32	19.98	0.0	0.0	2500.0	0.0	0.0
12512.0	198.19	189.66	833.32	19.98	0.0	0.0	2500.0	0.0	0.0
12562.0	198.19	189.66	833.32	19.98	0.0	0.0	2500.0	0.0	0.0
12612.0	198.19	189.66	833.32	19.98	0.0	0.0	2500.0	0.0	0.0
12657.0	198.19	189.66	833.32	19.98	0.0	0.0	2500.0	0.0	0.0
12712.0	198.19	189.66	833.32	19.98	0.0	0.0	2500.0	0.0	0.0
12758.0	198.19	189.66	833.32	19.98	0.0	0.0	2500.0	0.0	0.0
12808.0	198.19	189.66	833.32	19.98	0.0	0.0	2500.0	0.0	0.0
12858.0	198.19	189.66	833.32	19.98	0.0	0.0	2500.0	0.0	0.0
12908.0	198.19	189.66	833.32	19.98	0.0	0.0	2500.0	0.0	0.0
12958.0	198.19	189.66	833.32	19.98	0.0	0.0	2500.0	0.0	0.0
13002.0	198.19	189.66	833.32	19.98	0.0	0.0	2500.0	0.0	0.0
13052.0	198.19	189.66	833.32	19.98	0.0	0.0	2500.0	0.0	0.0
13103.0	198.19	189.66	833.32	19.98	0.0	0.0	2500.0	0.0	0.0
13159.0	198.19	189.66	833.32	19.98	0.0	0.0	2500.0	0.0	0.0
13214.0	198.19	189.66	833.32	19.98	0.0	0.0	2500.0	0.0	0.0
13264.0	198.19	189.66	833.32	19.98	0.0	0.0	2500.0	0.0	0.0
13315.0	198.19	189.66	833.32	19.98	0.0	0.0	2500.0	0.0	0.0
13365.0	198.19	189.66	833.32	19.98	0.0	0.0	2500.0	0.0	0.0
13415.0	198.19	189.66	833.32	19.98	0.0	0.0	2500.0	0.0	0.0
13465.0	198.19	189.66	833.32	19.98	0.0	0.0	2500.0	0.0	0.0
13510.0	198.19	189.66	833.32	19.98	0.0	0.0	2500.0	0.0	0.0
13572.0	198.19	189.66	833.32	19.98	0.0	0.0	2500.0	0.0	0.0
13622.0	198.19	189.66	833.32	19.98	0.0	0.0	2500.0	0.0	0.0
13667.0	198.19	189.66	833.32	19.98	0.0	0.0	2500.0	0.0	0.0
13717.0	198.19	189.66	833.32	19.98	0.0	0.0	2500.0	0.0	0.0
13767.0	198.19	189.66	833.32	19.98	0.0	0.0	2500.0	0.0	0.0
13811.0	198.19	189.66	833.32	19.98	0.0	0.0	2500.0	0.0	0.0
13868.0	198.19	189.66	833.32	19.98	0.0	0.0	2500.0	0.0	0.0
13912.0	198.19	189.66	833.32	19.98	0.0	0.0	2500.0	0.0	0.0
13962.0	198.19	189.66	833.32	19.98	0.0	0.0	2500.0	0.0	0.0
14012.0	198.19	189.66	833.32	19.98	0.0	0.0	2500.0	0.0	0.0
14062.0	198.19	189.66	833.32	19.98	0.0	0.0	2500.0	0.0	0.0
14112.0	198.19	189.66	833.32	19.98	0.0	0.0	2500.0	0.0	0.0
14163.0	198.19	189.66	833.32	19.98	0.0	0.0	2500.0	0.0	0.0
14219.0	198.19	189.66	833.32	19.98	0.0	0.0	2500.0	0.0	0.0
14269.0	198.19	189.66	833.32	19.98	0.0	0.0	2500.0	0.0	0.0
14319.0	198.19	189.66	833.32	19.98	0.0	0.0	2500.0	0.0	0.0
14369.0	198.19	189.66	833.32	19.98	0.0	0.0	2500.0	0.0	0.0
14419.0	198.19	189.66	833.32	19.98	0.0	0.0	2500.0	0.0	0.0
14465.0	198.19	189.66	833.32	19.98	0.0	0.0	2500.0	0.0	0.0
14515.0	198.19	189.66	833.32	19.98	0.0	0.0	2500.0	0.0	0.0
14565.0	198.19	189.66	833.32	19.98	0.0	0.0	2500.0	0.0	0.0
14615.0	198.19	189.66	833.32	19.98	0.0	0.0	2500.0	0.0	0.0
14665.0	198.19	189.66	833.32	19.98	0.0	0.0	2500.0	0.0	0.0
14715.0	198.19	189.66	833.32	19.98	0.0	0.0	2500.0	0.0	0.0
14760.0	198.19	189.66	833.32	19.98	0.0	0.0	2500.0	0.0	0.0
14816.0	198.19	189.66	833.32	19.98	0.0	0.0	2500.0	0.0	0.0
14866.0	198.19	189.66	833.32	19.98	0.0	0.0	2500.0	0.0	0.0
14911.0	198.19	189.66	833.32	19.98	0.0	0.0	2500.0	0.0	0.0
14961.0	198.19	189.66	833.32	19.98	0.0	0.0	2500.0	0.0	0.0
15011.0	198.19	189.66	833.32	19.98	0.0	0.0	2500.0	0.0	0.0
15067.0	198.19	189.66	833.32	19.98	0.0	0.0	2500.0	0.0	0.0
15112.0	198.19	189.66	833.32	19.98	0.0	0.0	2500.0	0.0	0.0
15162.0	198.19	189.66	833.32	19.98	0.0	0.0	2500.0	0.0	0.0
15212.0	198.19	189.66	833.32	19.98	0.0	0.0	2500.0	0.0	0.0
15262.0	198.19	189.66	833.32	19.98	0.0	0.0	2500.0	0.0	0.0
15312.0	198.19	189.66	833.32	19.98	0.0	0.0	2500.0	0.0	0.0
15363.0	198.19	189.66	833.32	19.98	0.0	0.0	2500.0	0.0	0.0
15413.0	198.19	189.66	833.32	19.98	0.0	0.0	2500.0	0.0	0.0
15463.0	198.19	189.66	833.32	19.98	0.0	0.0	2500.0	0.0	0.0
15513.0	198.19	189.66	833.32	19.98	0.0	0.0	2500.0	0.0	0.0
15563.0	198.19	189.66	833.32	19.98	0.0	0.0	2500.0	0.0	0.0
15613.0	198.19	189.66	833.32	19.98	0.0	0.0	2500.0	0.0	0.0
15664.0	198.19	189.66	833.32	19.98	0.0	0.0	2500.0	0.0	0.0
15714.0	198.19	189.66	833.32	19.98	0.0	0.0	2500.0	0.0	0.0
15764.0	198.19	189.66	833.32	19.98	0.0	0.0	2500.0	0.0	0.0
15814.0	198.19	189.66	833.32	19.98	0.0	0.0	2500.0	0.0	0.0
15864.0	198.19	189.66	833.32	19.98	0.0	0.0	2500.0	0.0	0.0
15915.0	198.19	189.66	833.32	19.98	0.0	0.0	2500.0	0.0	0.0
15960.0	198.19	189.66	833.32	19.98	0.0	0.0	2500.0	0.0	0.0
16015.0	198.19	189.66	833.32	19.98	0.0	0.0	2500.0	0.0	0.0
16065.0	198.19	189.66	833.32	19.98	0.0	0.0	2500.0	0.0	0.0
16115.0	198.19	189.66	833.32	19.98	0.0	0.0	2500.0	0.0	0.0
16160.0	198.19	189.66	833.32	19.98	0.0	0.0	2500.0	0.0	0.0
16216.0	198.19	189.66	833.32	19.98	0.0	0.0	2500.0	0.0	0.0
16266.0	198.19	189.66	833.32	19.98	0.0	0.0	2500.0	0.0	0.0
16317.0	198.19	189.66	833.32	19.98	0.0	0.0	2500.0	0.0	0.0
16367.0	198.19	189.66	833.32	19.98	0.0	0.0	2500.0	0.0	0.0
16417.0	198.19	189.66	833.32	19.98	0.0	0.0	2500.0	0.0	0.0
16467.0	198.19	189.66	833.32	19.98	0.0	0.0	2500.0	0.0	0.0

================================Data log ends here================================