Log created on 11-5-2018__16.31.25
2

Time	MAT	CHT	MAP	AFR	TPS	RPM	CCM	Cons	State
11976.0	22.48	27.99	1.13	17.09	9.0	0.0	3400.0	0.0	0.0
12040.0	22.55	28.06	1.13	17.17	9.0	0.0	3300.0	0.0	0.0
12104.0	22.63	28.03	1.13	17.07	9.0	0.0	3300.0	0.0	0.0
12169.0	22.53	27.96	1.13	17.1	9.0	0.0	3400.0	0.0	0.0
12237.0	22.49	28.03	1.13	16.98	9.0	0.0	3300.0	0.0	0.0
12302.0	22.56	28.08	1.13	16.95	9.0	0.0	3300.0	0.0	0.0
12356.0	22.58	27.99	1.13	17.45	9.0	0.0	3400.0	0.0	0.0
12410.0	22.59	27.98	1.13	17.68	9.0	0.0	3400.0	0.0	0.0
12469.0	22.54	27.99	1.13	17.75	9.0	0.0	3400.0	0.0	0.0
12528.0	22.53	28.05	1.13	17.78	9.0	0.0	3300.0	0.0	0.0
12582.0	22.62	28.15	1.13	17.46	9.0	0.0	3300.0	0.0	0.0
12647.0	22.59	28.05	1.13	17.23	9.0	0.0	3300.0	0.0	0.0
12701.0	22.56	28.01	1.13	17.02	9.0	0.0	3300.0	0.0	0.0
12760.0	22.57	28.03	1.13	16.96	9.0	0.0	3300.0	0.0	0.0
12819.0	22.63	28.06	1.13	17.17	9.0	0.0	3300.0	0.0	0.0
12878.0	22.64	28.05	1.13	17.36	9.0	0.0	3300.0	0.0	0.0
12938.0	22.28	27.91	1.14	17.56	9.0	0.0	3400.0	0.0	0.0
12992.0	22.21	27.89	1.14	17.56	9.0	0.0	3400.0	0.0	0.0
13056.0	22.49	28.12	1.13	17.75	9.0	0.0	3300.0	0.0	0.0
13110.0	22.56	28.05	1.13	17.62	9.0	0.0	3300.0	0.0	0.0
13169.0	22.6	27.96	1.13	17.53	9.0	0.0	3400.0	0.0	0.0
13223.0	22.52	27.89	1.13	17.47	9.0	0.0	3400.0	0.0	0.0
13278.0	22.11	27.52	1.14	17.51	9.0	0.0	3400.0	0.0	0.0
13341.0	22.19	27.71	1.13	17.6	9.0	0.0	3400.0	0.0	0.0
13401.0	22.44	28.02	1.12	17.66	9.0	0.0	3300.0	0.0	0.0
13455.0	22.49	27.98	1.13	17.45	9.0	0.0	3400.0	0.0	0.0
13514.0	22.55	27.99	1.13	17.36	9.0	0.0	3400.0	0.0	0.0
13574.0	22.64	28.04	1.13	17.19	9.0	0.0	3300.0	0.0	0.0
13633.0	22.68	28.01	1.13	17.09	9.0	0.0	3300.0	0.0	0.0
13691.0	22.59	27.98	1.13	16.95	9.0	0.0	3400.0	0.0	0.0
13746.0	22.6	28.05	1.13	16.85	9.0	0.0	3300.0	0.0	0.0
13810.0	22.69	28.04	1.13	16.85	9.0	0.0	3300.0	0.0	0.0
13864.0	22.77	28.04	1.13	16.78	9.0	0.0	3300.0	0.0	0.0
13924.0	22.66	28.01	1.13	16.76	9.0	0.0	3300.0	0.0	0.0
13978.0	22.59	27.99	1.13	16.76	9.0	0.0	3400.0	0.0	0.0
14036.0	22.67	28.09	1.13	16.78	9.0	0.0	3300.0	0.0	0.0
14101.0	22.69	28.02	1.13	17.01	9.0	0.0	3300.0	0.0	0.0
14155.0	22.68	27.98	1.13	17.05	9.0	0.0	3400.0	0.0	0.0
14210.0	22.7	27.93	1.13	17.03	9.0	0.0	3400.0	0.0	0.0
14269.0	22.67	27.95	1.13	17.02	9.0	0.0	3400.0	0.0	0.0
14323.0	22.59	27.95	1.13	17.37	9.0	0.0	3400.0	0.0	0.0
14387.0	22.68	27.93	1.13	17.48	9.0	0.0	3400.0	0.0	0.0
14441.0	22.63	27.91	1.13	17.43	9.0	0.0	3400.0	0.0	0.0
14505.0	22.64	27.95	1.13	17.38	9.0	0.0	3400.0	0.0	0.0
14560.0	22.76	27.97	1.13	16.77	9.0	0.0	3400.0	0.0	0.0
14623.0	22.77	28.03	1.13	16.25	9.0	0.0	3300.0	0.0	0.0
14683.0	22.61	27.96	1.13	16.05	9.0	0.0	3400.0	0.0	0.0
14747.0	22.61	28.06	1.13	15.91	9.0	0.0	3300.0	0.0	0.0
14801.0	22.64	28.05	1.13	16.26	9.0	0.0	3300.0	0.0	0.0
14856.0	22.68	28.01	1.13	16.44	9.0	0.0	3300.0	0.0	0.0
14914.0	22.65	27.95	1.13	16.58	9.0	0.0	3400.0	0.0	0.0
14968.0	22.58	27.94	1.13	16.67	9.0	0.0	3400.0	0.0	0.0
15028.0	22.65	28.07	1.13	16.71	9.0	0.0	3300.0	0.0	0.0
15087.0	22.64	28.08	1.13	16.87	9.0	0.0	3300.0	0.0	0.0
15141.0	22.62	28.03	1.13	16.96	9.0	0.0	3300.0	0.0	0.0
15196.0	22.58	28.0	1.13	16.97	9.0	0.0	3300.0	0.0	0.0
15254.0	22.56	28.01	1.13	16.95	9.0	0.0	3300.0	0.0	0.0
15308.0	22.58	28.05	1.13	16.83	9.0	0.0	3300.0	0.0	0.0
15368.0	22.54	28.01	1.13	16.88	9.0	0.0	3300.0	0.0	0.0
15427.0	22.37	27.97	1.13	16.91	9.0	0.0	3400.0	0.0	0.0
15486.0	22.54	28.27	1.12	16.87	9.0	0.0	3300.0	0.0	0.0
15546.0	22.64	28.14	1.13	16.87	9.0	0.0	3300.0	0.0	0.0
15600.0	22.64	27.99	1.13	16.98	9.0	0.0	3400.0	0.0	0.0
15659.0	22.55	27.91	1.13	16.93	9.0	0.0	3400.0	0.0	0.0
15718.0	21.99	27.73	1.14	17.14	9.0	0.0	3400.0	0.0	0.0
15772.0	22.05	27.87	1.14	17.5	9.0	0.0	3400.0	0.0	0.0
15837.0	22.5	28.2	1.12	17.99	9.0	0.0	3300.0	0.0	0.0
15891.0	22.56	28.06	1.13	17.98	9.0	0.0	3300.0	0.0	0.0
15949.0	22.57	27.98	1.13	17.89	9.0	0.0	3400.0	0.0	0.0
16009.0	22.58	27.97	1.13	17.75	9.0	0.0	3400.0	0.0	0.0
16073.0	22.63	27.61	1.14	17.6	9.0	0.0	3400.0	0.0	0.0
16132.0	22.48	27.73	1.13	17.68	9.0	0.0	3400.0	0.0	0.0
16182.0	22.54	27.93	1.13	17.6	9.0	0.0	3400.0	0.0	0.0
16240.0	22.59	27.99	1.13	17.45	9.0	0.0	3400.0	0.0	0.0
16300.0	22.7	27.99	1.13	17.39	9.0	0.0	3400.0	0.0	0.0
16359.0	22.74	28.02	1.13	17.35	9.0	0.0	3300.0	0.0	0.0
16418.0	22.71	27.97	1.13	17.44	9.0	0.0	3400.0	0.0	0.0
16477.0	22.75	28.02	1.13	17.34	9.0	0.0	3300.0	0.0	0.0
16541.0	22.74	28.03	1.13	17.13	9.0	0.0	3300.0	0.0	0.0
16595.0	22.8	28.05	1.13	16.93	9.0	0.0	3300.0	0.0	0.0
16650.0	22.79	28.02	1.13	16.86	9.0	0.0	3300.0	0.0	0.0
16709.0	22.72	27.98	1.13	16.74	9.0	0.0	3400.0	0.0	0.0
16769.0	22.74	28.1	1.13	16.84	9.0	0.0	3300.0	0.0	0.0
16832.0	22.66	28.07	1.13	16.82	9.0	0.0	3300.0	0.0	0.0
16886.0	22.67	28.03	1.13	16.75	9.0	0.0	3300.0	0.0	0.0
16946.0	22.63	27.96	1.13	16.74	9.0	0.0	3400.0	0.0	0.0
17000.0	22.58	27.99	1.13	17.04	9.0	0.0	3400.0	0.0	0.0
17063.0	22.73	28.09	1.13	17.22	9.0	0.0	3300.0	0.0	0.0
17118.0	22.73	28.0	1.13	17.28	9.0	0.0	3300.0	0.0	0.0
17167.0	22.64	28.02	1.13	17.31	9.0	0.0	3300.0	0.0	0.0
17226.0	22.61	28.1	1.13	17.21	9.0	0.0	3300.0	0.0	0.0
17291.0	22.64	28.02	1.13	17.09	9.0	0.0	3300.0	0.0	0.0
17345.0	22.7	28.08	1.13	17.03	9.0	0.0	3300.0	0.0	0.0
17404.0	22.62	27.99	1.13	17.0	9.0	0.0	3400.0	0.0	0.0
17459.0	22.53	27.95	1.13	16.92	9.0	0.0	3400.0	0.0	0.0
17517.0	22.64	28.07	1.13	16.74	9.0	0.0	3300.0	0.0	0.0
17571.0	22.66	28.09	1.13	16.76	9.0	0.0	3300.0	0.0	0.0
17631.0	22.65	27.97	1.13	16.68	9.0	0.0	3400.0	0.0	0.0
17690.0	22.63	27.95	1.13	16.65	9.0	0.0	3400.0	0.0	0.0
17744.0	22.54	27.94	1.13	16.71	9.0	0.0	3400.0	0.0	0.0
17804.0	22.26	27.59	1.14	16.8	9.0	0.0	3400.0	0.0	0.0
17858.0	22.26	27.77	1.13	17.11	9.0	0.0	3400.0	0.0	0.0
17916.0	22.41	28.07	1.12	16.96	9.0	0.0	3300.0	0.0	0.0
17971.0	22.45	28.02	1.13	16.88	9.0	0.0	3300.0	0.0	0.0
18030.0	22.6	27.99	1.13	16.82	9.0	0.0	3400.0	0.0	0.0
18084.0	22.63	27.98	1.13	16.84	9.0	0.0	3400.0	0.0	0.0
18144.0	22.07	27.75	1.13	16.93	9.0	0.0	3400.0	0.0	0.0
18207.0	22.06	27.77	1.13	17.19	9.0	0.0	3400.0	0.0	0.0
18267.0	22.35	27.96	1.13	17.08	9.0	0.0	3400.0	0.0	0.0
18326.0	22.48	27.99	1.13	17.06	9.0	0.0	3400.0	0.0	0.0
18380.0	22.57	27.93	1.13	17.01	9.0	0.0	3400.0	0.0	0.0
18440.0	22.53	27.97	1.13	16.97	9.0	0.0	3400.0	0.0	0.0
18498.0	22.53	28.0	1.13	16.84	9.0	0.0	3300.0	0.0	0.0
18557.0	22.63	28.08	1.13	16.8	9.0	0.0	3300.0	0.0	0.0
18617.0	22.66	28.01	1.13	16.68	9.0	0.0	3300.0	0.0	0.0
18671.0	22.56	27.92	1.13	16.64	9.0	0.0	3400.0	0.0	0.0
18735.0	22.51	27.93	1.13	16.77	9.0	0.0	3400.0	0.0	0.0
18789.0	22.59	27.96	1.13	16.83	9.0	0.0	3400.0	0.0	0.0
18848.0	22.68	28.05	1.13	16.91	9.0	0.0	3300.0	0.0	0.0
18908.0	22.58	27.97	1.13	16.91	9.0	0.0	3400.0	0.0	0.0
18962.0	22.51	27.99	1.13	16.76	9.0	0.0	3400.0	0.0	0.0
19026.0	22.58	28.01	1.13	16.74	9.0	0.0	3300.0	0.0	0.0
19081.0	22.58	28.01	1.13	16.68	9.0	0.0	3300.0	0.0	0.0
19139.0	22.59	28.02	1.13	16.61	9.0	0.0	3300.0	0.0	0.0
19198.0	22.53	27.95	1.13	16.72	9.0	0.0	3400.0	0.0	0.0
19258.0	22.59	28.08	1.13	16.82	9.0	0.0	3300.0	0.0	0.0
19312.0	22.66	28.1	1.13	16.98	9.0	0.0	3300.0	0.0	0.0
19372.0	22.64	27.98	1.13	17.03	9.0	0.0	3400.0	0.0	0.0
19426.0	22.64	27.99	1.13	16.91	9.0	0.0	3400.0	0.0	0.0
19484.0	22.54	28.0	1.13	16.63	9.0	0.0	3400.0	0.0	0.0
19538.0	22.59	28.01	1.13	16.52	9.0	0.0	3300.0	0.0	0.0
19593.0	22.65	28.06	1.13	16.46	9.0	0.0	3300.0	0.0	0.0
19652.0	22.58	28.0	1.13	16.45	9.0	0.0	3300.0	0.0	0.0
19706.0	22.55	27.96	1.13	16.56	9.0	0.0	3400.0	0.0	0.0
19761.0	22.58	28.0	1.13	16.7	9.0	0.0	3400.0	0.0	0.0
19820.0	22.62	28.06	1.13	16.81	9.0	0.0	3300.0	0.0	0.0
19878.0	22.55	27.98	1.13	16.95	9.0	0.0	3400.0	0.0	0.0
19938.0	22.53	27.96	1.13	16.88	9.0	0.0	3400.0	0.0	0.0
19997.0	22.51	28.01	1.13	16.86	9.0	0.0	3300.0	0.0	0.0
20051.0	22.61	28.03	1.13	16.87	9.0	0.0	3300.0	0.0	0.0
20116.0	22.71	27.95	1.13	16.95	9.0	0.0	3400.0	0.0	0.0
20165.0	22.64	27.91	1.13	16.95	9.0	0.0	3400.0	0.0	0.0
20229.0	22.17	27.79	1.15	17.01	9.0	0.0	3400.0	0.0	0.0
20288.0	22.04	27.85	1.14	17.38	9.0	0.0	3400.0	0.0	0.0
20342.0	22.5	28.22	1.13	17.44	9.0	0.0	3300.0	0.0	0.0
20407.0	22.58	28.05	1.13	17.27	9.0	0.0	3300.0	0.0	0.0
20461.0	22.55	27.96	1.13	17.13	9.0	0.0	3400.0	0.0	0.0
20519.0	22.6	27.99	1.13	17.03	9.0	0.0	3400.0	0.0	0.0
20579.0	22.31	27.38	1.14	17.22	9.0	0.0	3400.0	0.0	0.0
20633.0	22.3	27.62	1.13	17.19	9.0	0.0	3400.0	0.0	0.0
20698.0	22.46	27.9	1.12	17.1	9.0	0.0	3400.0	0.0	0.0
20752.0	22.57	27.98	1.13	16.72	9.0	0.0	3400.0	0.0	0.0
20810.0	22.61	28.01	1.13	16.6	9.0	0.0	3300.0	0.0	0.0
20870.0	22.57	27.93	1.13	16.61	9.0	0.0	3400.0	0.0	0.0
20929.0	22.55	27.98	1.13	16.58	9.0	0.0	3400.0	0.0	0.0
20988.0	22.51	28.02	1.13	16.65	9.0	0.0	3300.0	0.0	0.0
21038.0	22.57	28.04	1.13	16.59	9.0	0.0	3300.0	0.0	0.0
21097.0	22.69	28.02	1.13	16.61	9.0	0.0	3300.0	0.0	0.0
21155.0	22.61	27.94	1.13	16.68	9.0	0.0	3400.0	0.0	0.0
21210.0	22.57	28.0	1.13	16.69	9.0	0.0	3400.0	0.0	0.0
21269.0	22.61	28.06	1.13	16.65	9.0	0.0	3300.0	0.0	0.0
21328.0	22.66	28.06	1.13	16.74	9.0	0.0	3300.0	0.0	0.0
21388.0	22.61	28.04	1.13	16.81	9.0	0.0	3300.0	0.0	0.0
21446.0	22.62	27.95	1.13	16.75	9.0	0.0	3400.0	0.0	0.0
21506.0	22.63	28.02	1.13	16.7	9.0	0.0	3300.0	0.0	0.0
21560.0	22.69	28.01	1.13	16.76	9.0	0.0	3300.0	0.0	0.0
21619.0	22.65	27.95	1.13	16.7	9.0	0.0	3400.0	0.0	0.0
21679.0	22.65	27.96	1.13	16.84	9.0	0.0	3400.0	0.0	0.0
21742.0	22.58	28.0	1.13	16.96	9.0	0.0	3300.0	0.0	0.0
21807.0	22.63	28.03	1.13	17.07	9.0	0.0	3300.0	0.0	0.0
21861.0	22.66	27.94	1.13	17.06	9.0	0.0	3400.0	0.0	0.0
21915.0	22.64	27.97	1.13	16.63	9.0	0.0	3400.0	0.0	0.0
21975.0	22.61	27.97	1.13	16.35	9.0	0.0	3400.0	0.0	0.0
22033.0	22.73	28.03	1.13	16.18	9.0	0.0	3300.0	0.0	0.0
22092.0	22.78	28.03	1.13	16.04	9.0	0.0	3300.0	0.0	0.0
22147.0	22.69	27.97	1.13	16.18	9.0	0.0	3400.0	0.0	0.0
22211.0	22.66	28.0	1.13	16.34	9.0	0.0	3400.0	0.0	0.0
22269.0	22.69	28.02	1.13	16.43	9.0	0.0	3300.0	0.0	0.0
22320.0	22.72	28.04	1.13	16.49	9.0	0.0	3300.0	0.0	0.0
22378.0	22.75	28.0	1.13	16.7	9.0	0.0	3400.0	0.0	0.0
22437.0	22.67	27.93	1.13	17.06	9.0	0.0	3400.0	0.0	0.0
22492.0	22.65	27.95	1.13	17.13	9.0	0.0	3400.0	0.0	0.0
22551.0	22.71	27.96	1.13	17.23	9.0	0.0	3400.0	0.0	0.0
22610.0	22.74	27.91	1.13	17.29	9.0	0.0	3400.0	0.0	0.0
22669.0	21.97	27.67	1.13	17.15	9.0	0.0	3400.0	0.0	0.0
22728.0	21.95	27.76	1.13	17.39	9.0	0.0	3400.0	0.0	0.0
22788.0	22.5	28.21	1.12	17.38	9.0	0.0	3300.0	0.0	0.0
22847.0	22.63	28.03	1.12	17.21	9.0	0.0	3300.0	0.0	0.0
22901.0	22.62	27.95	1.13	17.1	9.0	0.0	3400.0	0.0	0.0
22965.0	22.56	27.91	1.13	16.83	9.0	0.0	3400.0	0.0	0.0
23019.0	22.37	27.87	1.14	16.98	9.0	0.0	3400.0	0.0	0.0
23078.0	22.51	28.04	1.13	17.15	9.0	0.0	3300.0	0.0	0.0
23138.0	22.58	27.97	1.13	17.13	9.0	0.0	3400.0	0.0	0.0
23192.0	22.57	27.93	1.13	17.04	9.0	0.0	3400.0	0.0	0.0
23246.0	22.65	27.99	1.13	17.0	9.0	0.0	3400.0	0.0	0.0
23305.0	22.7	28.02	1.13	17.08	9.0	0.0	3300.0	0.0	0.0
23359.0	22.77	28.0	1.13	17.06	9.0	0.0	3400.0	0.0	0.0
23418.0	22.78	27.95	1.13	16.9	9.0	0.0	3400.0	0.0	0.0
23478.0	22.77	27.98	1.13	16.86	9.0	0.0	3400.0	0.0	0.0
23532.0	22.83	28.02	1.13	16.82	9.0	0.0	3300.0	0.0	0.0
23591.0	22.83	27.99	1.13	16.89	9.0	0.0	3400.0	0.0	0.0
23646.0	22.71	27.95	1.13	16.68	9.0	0.0	3400.0	0.0	0.0
23709.0	22.75	28.0	1.13	16.56	9.0	0.0	3300.0	0.0	0.0
23769.0	22.77	27.95	1.13	16.54	9.0	0.0	3400.0	0.0	0.0
23823.0	22.82	28.04	1.13	16.51	9.0	0.0	3300.0	0.0	0.0
23882.0	22.81	27.92	1.13	16.63	9.0	0.0	3400.0	0.0	0.0
23942.0	22.7	27.91	1.13	16.82	9.0	0.0	3400.0	0.0	0.0
23996.0	22.78	28.01	1.13	16.88	9.0	0.0	3300.0	0.0	0.0
24059.0	22.78	28.02	1.13	17.04	9.0	0.0	3300.0	0.0	0.0
24114.0	22.76	28.02	1.13	17.12	9.0	0.0	3300.0	0.0	0.0
24178.0	22.71	27.95	1.13	17.31	9.0	0.0	3400.0	0.0	0.0
24227.0	22.72	27.96	1.13	17.33	9.0	0.0	3400.0	0.0	0.0
24291.0	22.81	28.02	1.13	17.32	9.0	0.0	3300.0	0.0	0.0
24350.0	22.8	27.95	1.13	17.19	9.0	0.0	3400.0	0.0	0.0
24404.0	22.81	27.96	1.13	16.87	9.0	0.0	3400.0	0.0	0.0
24464.0	22.76	27.96	1.13	16.86	9.0	0.0	3400.0	0.0	0.0
24518.0	22.79	28.03	1.13	16.78	9.0	0.0	3300.0	0.0	0.0
24578.0	22.87	28.05	1.13	16.75	9.0	0.0	3300.0	0.0	0.0
24636.0	22.8	27.96	1.13	17.22	9.0	0.0	3400.0	0.0	0.0
24686.0	22.8	27.95	1.13	17.39	9.0	0.0	3400.0	0.0	0.0
24744.0	22.79	28.03	1.13	17.51	9.0	0.0	3300.0	0.0	0.0
24809.0	22.8	28.02	1.13	17.67	9.0	0.0	3300.0	0.0	0.0
24863.0	22.84	27.98	1.13	17.31	9.0	0.0	3400.0	0.0	0.0
24923.0	22.8	27.96	1.13	16.95	9.0	0.0	3400.0	0.0	0.0
24977.0	22.79	27.93	1.13	16.91	9.0	0.0	3400.0	0.0	0.0
25031.0	22.85	27.97	1.13	16.81	9.0	0.0	3400.0	0.0	0.0
25095.0	22.68	27.32	1.14	16.97	9.0	0.0	3400.0	0.0	0.0
25149.0	22.33	27.51	1.13	17.41	9.0	0.0	3400.0	0.0	0.0
25210.0	22.58	28.03	1.13	17.54	9.0	0.0	3300.0	0.0	0.0
25264.0	22.57	28.22	1.13	17.58	9.0	0.0	3300.0	0.0	0.0
25320.0	22.7	28.39	1.13	17.67	9.0	1658.56	3300.0	0.0	2.0
25384.0	22.64	28.43	1.15	17.82	9.0	1538.46	3300.0	0.0	2.0
25445.0	22.92	28.55	1.15	18.31	9.0	1338.69	3300.0	0.0	2.0
25501.0	22.93	28.52	1.14	19.09	9.0	1183.99	3300.0	0.0	2.0
25556.0	23.03	28.56	1.14	19.51	9.0	1373.63	3300.0	0.0	2.0
25621.0	23.08	28.65	1.14	19.76	9.0	1441.75	3300.0	0.0	2.0
25677.0	22.88	28.57	1.14	19.87	9.0	1269.9	3300.0	0.0	2.0
25734.0	22.86	28.57	1.14	19.93	9.0	1083.74	3300.0	0.0	2.0
25789.0	22.8	28.57	1.14	19.96	9.0	1542.26	3300.0	0.0	2.0
25847.0	22.97	28.66	1.14	19.98	9.0	1544.0	3300.0	0.0	2.0
25903.0	22.99	28.73	1.13	19.99	9.0	1516.68	3300.0	0.0	2.0
25963.0	22.84	28.61	1.13	19.99	9.0	1414.96	3300.0	0.0	2.0
26023.0	23.12	28.81	1.13	20.0	9.0	1256.07	3300.0	0.0	2.0
26087.0	23.04	28.72	1.15	20.0	9.0	1662.05	3300.0	0.0	2.0
26137.0	23.12	28.7	1.14	20.0	9.0	1543.05	3300.0	0.0	2.0
26193.0	23.14	28.67	1.14	20.0	9.0	1385.94	3300.0	0.0	2.0
26258.0	22.92	28.64	1.13	20.0	9.0	1707.46	3300.0	0.0	2.0
26320.0	22.83	28.58	1.14	20.0	9.0	1642.76	3300.0	51.48	1.0
26377.0	22.79	28.6	1.14	20.0	9.0	1716.25	3300.0	53.44	1.0
26435.0	22.84	28.65	1.14	20.0	9.0	1798.13	3300.0	53.45	1.0
26494.0	22.94	28.66	1.14	20.0	9.0	1784.02	3300.0	53.45	1.0
26553.0	22.84	28.29	1.14	20.0	9.0	1667.96	3300.0	53.45	1.0
26609.0	22.95	28.45	1.14	20.0	9.0	1876.17	3300.0	51.49	1.0
26668.0	22.92	28.55	1.14	20.0	9.0	1667.04	3300.0	51.49	1.0
26724.0	22.96	28.62	1.14	20.0	9.0	1539.25	3300.0	53.46	1.0
26783.0	22.97	28.67	1.14	20.0	9.0	1914.49	3300.0	53.46	1.0
26838.0	22.98	28.62	1.14	20.0	9.0	1709.4	3300.0	53.46	1.0
26894.0	22.98	28.63	1.14	20.0	9.0	1596.25	3300.0	51.5	1.0
26957.0	22.96	28.63	1.14	20.0	9.0	1978.37	3300.0	51.5	1.0
27016.0	22.89	28.6	1.14	20.0	9.0	1758.71	3300.0	51.5	1.0
27075.0	23.05	28.63	1.14	20.0	9.0	1779.57	3300.0	51.5	1.0
27133.0	22.89	28.62	1.14	20.0	9.0	1945.27	3300.0	51.5	1.0
27190.0	22.99	28.64	1.14	19.99	9.0	1801.37	3300.0	53.39	1.0
27248.0	23.02	28.71	1.14	20.0	9.0	1849.11	3300.0	53.44	1.0
27308.0	23.0	28.67	1.14	19.77	9.0	1662.42	3300.0	52.85	1.0
27364.0	23.03	28.64	1.14	19.36	9.0	1534.37	3300.0	50.07	1.0
27422.0	23.01	28.66	1.14	19.16	9.0	1772.63	3300.0	46.1	1.0
27482.0	22.92	28.59	1.14	19.19	9.0	1675.79	3300.0	45.14	1.0
27538.0	23.0	28.64	1.14	19.32	9.0	1845.47	3300.0	48.02	1.0
27601.0	22.94	28.65	1.14	19.6	9.0	1902.83	3300.0	47.57	1.0
27661.0	23.01	28.67	1.14	19.74	9.0	1686.72	3300.0	49.21	1.0
27715.0	23.01	28.68	1.14	19.63	9.0	2082.18	3300.0	48.9	1.0
27773.0	22.58	28.49	1.14	19.66	9.0	1873.59	3300.0	49.28	1.0
27837.0	22.65	28.44	1.14	19.79	9.0	1976.02	3300.0	49.91	1.0
27888.0	22.66	28.46	1.14	19.87	9.0	1875.7	3300.0	52.12	1.0
27948.0	22.71	28.44	1.14	19.86	9.0	1600.17	3300.0	50.59	1.0
28006.0	22.79	28.5	1.14	19.91	9.0	2022.93	3300.0	50.8	1.0
28065.0	22.91	28.58	1.14	19.62	9.0	1814.0	3300.0	51.23	1.0
28129.0	22.78	28.51	1.14	19.32	9.0	1794.69	3300.0	48.42	1.0
28188.0	22.93	28.6	1.14	19.21	9.0	1985.44	3300.0	47.81	1.0
28243.0	23.01	28.74	1.13	19.15	9.0	1845.02	3300.0	45.41	1.0
28303.0	22.96	28.65	1.14	18.76	9.0	1701.07	3300.0	45.4	1.0
28362.0	22.86	28.64	1.14	18.66	9.0	1765.54	3300.0	41.19	1.0
28422.0	22.81	28.53	1.14	18.35	9.0	1871.72	3300.0	40.85	1.0
28477.0	22.76	28.51	1.14	18.34	9.0	1782.11	3300.0	40.48	1.0
28540.0	22.49	28.34	1.14	18.09	9.0	1702.22	3300.0	39.86	1.0
28595.0	22.65	28.36	1.14	17.76	9.0	1830.61	3300.0	35.31	1.0
28651.0	22.76	28.47	1.13	17.58	9.0	1689.0	3300.0	34.36	1.0
28710.0	22.76	28.52	1.14	17.46	9.0	1748.86	3300.0	30.06	1.0
28774.0	22.91	28.59	1.14	17.09	9.0	1666.85	3300.0	29.51	1.0
28829.0	22.88	28.6	1.14	17.34	9.0	1748.46	3300.0	27.64	1.0
28889.0	22.93	28.57	1.14	17.48	9.0	1733.5	3300.0	30.38	1.0
28948.0	22.88	28.54	1.14	17.48	9.0	1704.74	3300.0	30.37	1.0
29008.0	22.89	28.54	1.13	17.56	9.0	1559.74	3300.0	33.16	1.0
29064.0	22.86	28.56	1.13	17.68	9.0	1725.53	3300.0	34.69	1.0
29124.0	22.88	28.61	1.14	17.66	9.0	1720.58	3300.0	32.57	1.0
29179.0	22.91	28.64	1.14	17.91	9.0	1692.81	3300.0	35.69	1.0
29243.0	22.76	28.52	1.14	18.08	9.0	1778.52	3300.0	35.99	1.0
29302.0	22.76	28.55	1.13	17.77	9.0	1868.69	3300.0	36.64	1.0
29361.0	22.56	28.04	1.14	17.36	9.0	1857.13	3300.0	31.76	1.0
29412.0	22.57	28.21	1.14	17.08	9.0	2037.49	3300.0	30.66	1.0
29471.0	22.76	28.35	1.14	16.83	9.0	1814.66	3300.0	25.02	1.0
29526.0	22.79	28.45	1.14	16.76	9.0	1768.24	3300.0	25.46	1.0
29585.0	22.76	28.58	1.15	16.74	9.0	1950.84	3300.0	25.66	1.0
29640.0	22.57	28.39	1.14	16.87	9.0	1810.5	3300.0	23.44	1.0
29700.0	22.72	28.57	1.13	16.87	9.0	2016.4	3300.0	23.63	1.0
29758.0	22.83	28.57	1.14	16.88	9.0	1782.74	3300.0	23.41	1.0
29822.0	22.91	28.68	1.13	17.27	9.0	1767.62	3300.0	30.95	1.0
29873.0	22.86	28.56	1.13	17.29	9.0	1656.36	3300.0	29.31	1.0
29933.0	22.87	28.6	1.13	17.61	9.0	1551.67	3300.0	34.67	1.0
29998.0	22.68	28.49	1.13	17.52	9.0	1754.18	3300.0	33.72	1.0
30053.0	22.68	28.49	1.14	17.08	9.0	1629.02	3300.0	31.34	1.0
30112.0	22.66	28.43	1.13	16.84	9.0	2023.47	3300.0	25.28	1.0
30167.0	22.57	28.44	1.14	16.64	9.0	1815.32	3300.0	25.19	1.0
30226.0	22.69	28.49	1.14	16.48	9.0	2073.83	3300.0	22.76	1.0
30280.0	22.77	28.57	1.13	16.36	9.0	1851.39	3300.0	21.37	1.0
30339.0	22.78	28.55	1.13	16.22	9.0	1973.16	3300.0	17.63	1.0
30390.0	22.63	28.47	1.13	16.26	9.0	1870.79	3300.0	16.69	1.0
30454.0	22.79	28.57	1.13	16.22	9.0	1616.21	3300.0	18.23	1.0
30509.0	22.15	28.33	1.13	16.47	9.0	1953.38	3300.0	22.54	1.0
30560.0	22.37	28.52	1.13	16.69	9.0	1878.29	3300.0	20.95	1.0
30618.0	22.55	28.45	1.13	16.57	9.0	1650.89	3300.0	21.94	1.0
30678.0	22.52	28.41	1.13	16.48	9.0	1868.93	3300.0	21.31	1.0
30734.0	22.78	28.56	1.13	16.33	9.0	1777.04	3300.0	19.85	1.0
30793.0	22.69	28.51	1.13	16.39	9.0	1738.53	3300.0	21.69	1.0
30849.0	22.66	28.57	1.13	16.43	9.0	1643.66	3300.0	19.91	1.0
30908.0	22.78	28.6	1.13	16.11	9.0	1829.94	3300.0	19.91	1.0
30962.0	22.77	28.61	1.13	15.93	9.0	1687.48	3300.0	16.41	1.0
31027.0	22.85	28.63	1.14	16.57	9.0	1947.04	3300.0	22.9	1.0
31086.0	22.84	28.62	1.14	16.92	9.0	1968.25	3300.0	26.79	1.0
31150.0	22.59	28.29	1.14	17.35	9.0	1775.99	3300.0	31.18	1.0
31201.0	22.6	28.57	1.14	17.24	9.0	1892.51	3300.0	29.56	1.0
31259.0	22.85	28.77	1.13	17.11	9.0	1920.86	3300.0	29.37	1.0
31319.0	22.8	28.68	1.13	16.88	9.0	1834.19	3300.0	25.88	1.0
31378.0	22.76	28.62	1.13	16.75	9.0	1944.77	3300.0	26.09	1.0
31437.0	22.7	28.35	1.14	16.64	9.0	1737.52	3300.0	22.42	1.0
31493.0	22.71	28.46	1.14	16.53	9.0	1646.54	3300.0	23.85	1.0
31552.0	22.81	28.55	1.14	16.44	9.0	1931.99	3300.0	20.15	1.0
31611.0	22.82	28.61	1.13	16.51	9.0	2006.42	3300.0	19.56	1.0
31670.0	22.65	28.56	1.13	16.83	9.0	1811.59	3300.0	25.96	1.0
31725.0	22.61	28.57	1.13	16.83	9.0	2006.96	3300.0	26.38	1.0
31780.0	22.68	28.62	1.13	16.96	9.0	1898.49	3300.0	24.28	1.0
31840.0	22.48	28.52	1.14	16.97	9.0	1719.0	3300.0	25.84	1.0
31903.0	22.74	28.61	1.14	16.77	9.0	1827.26	3300.0	26.09	1.0
31958.0	22.82	28.68	1.13	16.76	9.0	1797.7	3300.0	26.06	1.0
32013.0	22.84	28.67	1.13	16.35	9.0	2000.0	3300.0	23.15	1.0
32072.0	22.85	28.66	1.13	16.15	9.0	1787.2	3300.0	17.62	1.0
32132.0	22.76	28.71	1.13	16.02	9.0	2025.11	3300.0	18.05	1.0
32186.0	22.64	28.56	1.13	16.26	9.0	1806.79	3300.0	17.39	1.0
32245.0	22.62	28.55	1.13	16.33	9.0	1932.74	3300.0	21.22	1.0
32295.0	22.57	28.52	1.13	16.22	9.0	1859.2	3300.0	20.06	1.0
32360.0	22.7	28.57	1.13	16.18	9.0	1836.88	3300.0	19.95	1.0
32419.0	22.75	28.62	1.14	16.22	9.0	1928.02	3300.0	19.43	1.0
32478.0	22.61	28.12	1.14	16.36	9.0	1807.01	3300.0	21.44	1.0
32537.0	22.76	28.41	1.14	16.33	9.0	1921.6	3300.0	19.03	1.0
32593.0	22.78	28.44	1.14	16.43	9.0	1782.95	3300.0	21.54	1.0
32648.0	22.71	28.46	1.13	16.41	9.0	1838.01	3300.0	22.53	1.0
32706.0	22.79	28.56	1.14	16.22	9.0	1752.54	3300.0	17.8	1.0
32771.0	22.62	28.5	1.14	16.26	9.0	1802.45	3300.0	18.66	1.0
32829.0	22.75	28.57	1.14	16.18	9.0	1889.41	3300.0	17.43	1.0
32885.0	22.83	28.61	1.14	16.14	9.0	1782.32	3300.0	19.35	1.0
32940.0	22.83	28.58	1.13	16.21	9.0	1613.6	3300.0	19.39	1.0
32995.0	22.83	28.58	1.13	16.51	9.0	1814.0	3300.0	21.4	1.0
33059.0	22.88	28.67	1.13	16.74	9.0	1643.12	3300.0	21.64	1.0
33119.0	22.78	28.59	1.13	16.68	9.0	1959.25	3300.0	23.34	1.0
33173.0	22.66	28.53	1.13	16.72	9.0	1768.03	3300.0	25.3	1.0
33228.0	22.77	28.55	1.13	16.4	9.0	1854.37	3300.0	23.32	1.0
33288.0	22.9	28.67	1.13	16.42	9.0	1977.59	3300.0	20.41	1.0
33352.0	22.75	28.58	1.14	16.32	9.0	1868.23	3300.0	20.24	1.0
33406.0	22.88	28.59	1.14	16.32	9.0	1900.42	3300.0	20.55	1.0
33461.0	22.75	28.58	1.13	16.57	9.0	1831.28	3300.0	20.15	1.0
33520.0	22.71	28.61	1.13	16.38	9.0	1884.9	3300.0	19.7	1.0
33581.0	22.75	28.7	1.13	16.63	9.0	1741.55	3300.0	21.84	1.0
33635.0	22.87	28.72	1.13	16.65	9.0	1879.46	3300.0	21.58	1.0
33694.0	22.46	28.29	1.13	16.74	9.0	1657.82	3300.0	25.64	1.0
33750.0	22.68	28.56	1.13	16.68	9.0	1762.01	3300.0	24.84	1.0
33813.0	22.68	28.52	1.13	16.85	9.0	1894.42	3300.0	26.29	1.0
33878.0	22.71	28.3	1.14	16.83	9.0	1677.1	3300.0	26.9	1.0
33941.0	22.52	28.33	1.13	16.63	9.0	1876.64	3300.0	22.71	1.0
33995.0	22.74	28.5	1.13	16.44	9.0	1872.89	3300.0	22.15	1.0
34052.0	22.78	28.56	1.14	16.38	9.0	1788.27	3300.0	20.17	1.0
34111.0	22.79	28.61	1.14	16.26	9.0	1799.42	3300.0	19.15	1.0
34169.0	22.85	28.68	1.13	16.32	9.0	1933.99	3300.0	19.48	1.0
34229.0	22.91	28.71	1.13	16.26	9.0	1857.59	3300.0	20.8	1.0
34283.0	22.82	28.65	1.13	16.32	9.0	1968.25	3300.0	20.77	1.0
34348.0	22.92	28.6	1.14	16.24	9.0	1910.83	3300.0	20.44	1.0
34407.0	22.87	28.55	1.14	16.25	9.0	1941.75	3300.0	20.06	1.0
34462.0	22.72	28.48	1.13	16.72	9.0	1799.21	3300.0	22.84	1.0
34516.0	22.71	28.43	1.13	16.58	9.0	1954.65	3300.0	22.34	1.0
34580.0	22.62	28.34	1.14	16.56	9.0	1736.71	3300.0	24.4	1.0
34634.0	22.67	28.34	1.13	16.54	9.0	1975.24	3300.0	23.47	1.0
34691.0	22.67	28.14	1.14	16.48	9.0	1897.05	3300.0	22.83	1.0
34745.0	22.78	28.43	1.14	16.31	9.0	1757.26	3300.0	21.69	1.0
34808.0	22.8	28.48	1.14	16.31	9.0	1868.69	3300.0	19.03	1.0
34868.0	22.93	28.6	1.14	16.29	9.0	1856.9	3300.0	19.01	1.0
34927.0	22.88	28.62	1.14	16.19	9.0	1989.65	3300.0	17.86	1.0
34987.0	22.94	28.63	1.14	15.99	9.0	1913.75	3300.0	17.45	1.0
35045.0	22.88	28.64	1.14	15.93	9.0	1921.11	3300.0	14.23	1.0
35101.0	22.88	28.64	1.14	15.94	9.0	1777.88	3300.0	17.01	1.0
35165.0	22.89	28.68	1.14	15.97	9.0	1943.51	3300.0	15.26	1.0
35224.0	22.9	28.66	1.14	16.23	9.0	1716.25	3300.0	19.42	1.0
35278.0	22.83	28.64	1.14	16.36	9.0	1976.81	3300.0	21.18	1.0
35338.0	22.87	28.65	1.14	16.4	9.0	1765.54	3300.0	21.93	1.0
35398.0	22.88	28.68	1.14	16.37	9.0	1737.32	3300.0	19.93	1.0
35458.0	22.89	28.68	1.14	16.17	9.0	1753.98	3300.0	20.33	1.0
35516.0	22.86	28.66	1.14	16.1	9.0	1707.46	3300.0	16.81	1.0
35575.0	22.98	28.7	1.14	16.02	9.0	1862.89	3300.0	15.8	1.0
35636.0	22.97	28.71	1.14	15.93	9.0	1722.75	3300.0	17.32	1.0
35690.0	22.95	28.73	1.14	16.01	9.0	1970.06	3300.0	14.96	1.0
35749.0	22.65	28.43	1.14	16.04	9.0	1750.09	3300.0	15.99	1.0
35809.0	22.76	28.51	1.14	16.07	9.0	1951.85	3300.0	15.82	1.0
35872.0	22.85	28.7	1.13	16.15	9.0	1737.92	3300.0	19.14	1.0
35923.0	22.75	28.67	1.13	16.09	9.0	1803.97	3300.0	17.3	1.0
35987.0	22.52	28.53	1.14	16.09	9.0	1933.49	3300.0	18.42	1.0
36046.0	22.66	28.63	1.14	15.91	9.0	1786.14	3300.0	15.01	1.0
36101.0	22.87	28.81	1.13	16.03	9.0	1884.66	3300.0	14.35	1.0
36156.0	22.76	28.7	1.13	16.06	9.0	1747.84	3300.0	17.56	1.0
36215.0	22.7	28.69	1.13	16.12	9.0	1978.63	3300.0	17.73	1.0
36280.0	22.75	28.75	1.13	16.13	9.0	1755.82	3300.0	18.78	1.0
36338.0	22.87	28.79	1.13	16.16	9.0	1921.6	3300.0	20.32	1.0
36398.0	22.85	28.72	1.13	15.97	9.0	1703.38	3300.0	15.33	1.0
36457.0	22.77	28.67	1.13	15.79	9.0	1958.74	3300.0	13.18	1.0
36512.0	22.75	28.62	1.13	15.77	9.0	1877.11	3300.0	15.17	1.0
36577.0	22.86	28.68	1.13	15.68	9.0	1692.62	3300.0	14.58	1.0
36636.0	22.84	28.66	1.13	15.63	9.0	1716.05	3300.0	10.87	1.0
36695.0	22.83	28.38	1.13	15.74	9.0	1798.56	3300.0	12.14	1.0
36746.0	22.83	28.49	1.13	15.85	9.0	1669.63	3300.0	15.02	1.0
36805.0	22.86	28.55	1.13	16.06	9.0	1666.67	3300.0	17.9	1.0
36861.0	22.85	28.6	1.14	15.97	9.0	1780.2	3300.0	15.58	1.0
36925.0	22.81	28.58	1.13	15.98	9.0	1626.19	3300.0	16.76	1.0
36984.0	22.86	28.54	1.14	15.96	9.0	1594.56	3300.0	16.89	1.0
37041.0	22.91	28.61	1.13	15.96	9.0	1787.84	3300.0	14.72	1.0
37100.0	22.86	28.57	1.14	15.99	9.0	1577.45	3300.0	17.39	1.0
37164.0	22.83	28.5	1.13	16.37	9.0	1931.5	3300.0	21.22	1.0
37223.0	22.81	28.51	1.13	16.49	9.0	1728.51	3300.0	22.72	1.0
37278.0	22.71	28.48	1.13	16.5	9.0	1770.75	3300.0	23.99	1.0
37338.0	22.86	28.6	1.13	16.57	9.0	1937.73	3300.0	24.26	1.0
37397.0	22.84	28.58	1.13	16.54	9.0	1784.65	3300.0	23.71	1.0
37456.0	22.87	28.64	1.14	16.44	9.0	1899.94	3300.0	20.69	1.0
37516.0	22.88	28.64	1.14	16.29	9.0	1846.15	3300.0	20.92	1.0
37574.0	22.89	28.63	1.14	16.3	9.0	1919.88	3300.0	20.39	1.0
37630.0	22.86	28.64	1.14	16.17	9.0	1821.27	3300.0	17.92	1.0
37685.0	22.92	28.69	1.14	16.06	9.0	1971.87	3300.0	17.87	1.0
37744.0	22.87	28.65	1.14	16.07	9.0	1758.09	3300.0	18.41	1.0
37803.0	22.84	28.72	1.14	15.83	9.0	1964.38	3300.0	13.76	1.0
37859.0	22.87	28.69	1.14	15.93	9.0	1873.83	3300.0	15.67	1.0
37917.0	22.84	28.67	1.14	16.06	9.0	1715.85	3300.0	18.34	1.0
37977.0	22.76	28.6	1.14	16.22	9.0	1826.6	3300.0	17.82	1.0
38036.0	22.69	28.78	1.14	16.24	9.0	1801.37	3300.0	20.35	1.0
38099.0	22.64	29.0	1.14	16.35	9.0	1906.46	3300.0	21.18	1.0
38151.0	22.72	28.99	1.14	16.25	9.0	1765.33	3300.0	19.18	1.0
38210.0	22.65	28.92	1.14	16.07	9.0	1944.01	3300.0	16.79	1.0
38274.0	22.63	28.94	1.13	16.3	9.0	1738.73	3300.0	20.92	1.0
38333.0	22.73	28.92	1.13	16.25	9.0	1969.54	3300.0	20.02	1.0
38384.0	22.81	28.91	1.14	16.17	9.0	1885.61	3300.0	17.65	1.0
38444.0	22.69	28.81	1.14	16.06	9.0	1774.31	3300.0	18.82	1.0
38507.0	22.61	28.87	1.13	16.2	9.0	1856.67	3300.0	17.95	1.0
38566.0	22.75	28.82	1.13	16.05	9.0	1732.5	3300.0	18.42	1.0
38625.0	22.8	28.78	1.13	16.07	9.0	1850.25	3300.0	18.18	1.0
38681.0	22.73	28.67	1.13	16.02	9.0	1709.79	3300.0	15.26	1.0
38739.0	22.81	28.77	1.13	15.9	9.0	2006.96	3300.0	16.03	1.0
38799.0	22.83	28.83	1.13	15.93	9.0	1798.35	3300.0	17.31	1.0
38858.0	22.82	28.75	1.13	16.0	9.0	1744.59	3300.0	15.21	1.0
38922.0	22.85	28.71	1.14	16.2	9.0	1931.99	3300.0	17.18	1.0
38981.0	22.87	28.69	1.14	16.33	9.0	1827.04	3300.0	18.88	1.0
39036.0	22.89	28.67	1.14	16.31	9.0	2015.32	3300.0	20.45	1.0
39101.0	22.85	28.59	1.13	16.48	9.0	1799.42	3300.0	19.99	1.0
39155.0	22.91	28.61	1.14	16.38	9.0	1980.72	3300.0	19.79	1.0
39215.0	22.85	28.58	1.14	16.4	9.0	1778.52	3300.0	19.65	1.0
39273.0	22.92	28.64	1.14	16.32	9.0	2062.99	3300.0	21.0	1.0
39328.0	22.88	28.62	1.14	16.44	9.0	1847.52	3300.0	20.47	1.0
39392.0	22.78	28.63	1.14	16.12	9.0	1969.28	3300.0	19.18	1.0
39447.0	22.78	28.64	1.13	16.11	9.0	1854.37	3300.0	18.32	1.0
39506.0	22.85	28.6	1.14	15.95	9.0	1594.9	3300.0	17.66	1.0
39566.0	22.8	28.62	1.14	15.72	9.0	1827.49	3300.0	14.57	1.0
39621.0	22.86	28.77	1.13	15.77	9.0	1695.49	3300.0	11.68	1.0
39681.0	22.87	28.67	1.14	16.14	9.0	1977.33	3300.0	17.68	1.0
39740.0	22.84	28.66	1.14	16.52	9.0	2043.88	3300.0	18.74	1.0
39803.0	22.88	28.77	1.13	16.69	9.0	1866.14	3300.0	25.54	1.0
39863.0	22.78	28.76	1.13	17.06	9.0	1995.48	3300.0	26.94	1.0
39926.0	22.77	28.66	1.13	17.12	9.0	1739.94	3300.0	25.94	1.0
39986.0	22.77	28.63	1.14	16.96	9.0	2000.27	3300.0	26.42	1.0
40040.0	22.78	28.61	1.14	16.97	9.0	1797.05	3300.0	25.63	1.0
40099.0	22.87	28.68	1.13	16.62	9.0	2022.93	3300.0	22.65	1.0
40155.0	22.89	28.68	1.13	16.38	9.0	1936.98	3300.0	20.42	1.0
40219.0	22.78	28.61	1.14	16.06	9.0	1836.21	3300.0	19.98	1.0
40273.0	22.77	28.59	1.14	16.0	9.0	1875.23	3300.0	15.69	1.0
40333.0	22.79	28.59	1.14	16.09	9.0	1718.02	3300.0	15.96	1.0
40396.0	22.52	28.44	1.14	16.05	9.0	1797.7	3300.0	16.02	1.0
40452.0	22.52	28.42	1.13	16.12	9.0	1665.19	3300.0	17.8	1.0
40511.0	22.73	28.66	1.13	15.94	9.0	1952.87	3300.0	14.55	1.0
40570.0	22.78	28.59	1.13	15.78	9.0	1729.11	3300.0	13.95	1.0
40634.0	22.72	28.58	1.13	15.52	9.0	1856.9	3300.0	10.26	1.0
40685.0	22.83	28.53	1.13	15.38	9.0	1771.37	3300.0	8.52	1.0
40749.0	22.89	28.55	1.14	15.23	9.0	1712.92	3300.0	8.91	1.0
40802.0	22.86	28.58	1.14	15.24	9.0	1860.35	3300.0	7.74	1.0
40857.0	22.21	28.38	1.14	15.61	9.0	1719.59	3300.0	11.02	1.0
40922.0	22.61	28.69	1.13	15.86	9.0	1931.0	3300.0	12.36	1.0
40980.0	22.59	28.62	1.13	15.95	9.0	1722.36	3300.0	17.43	1.0
41039.0	22.68	28.59	1.13	15.98	9.0	1939.49	3300.0	15.16	1.0
41099.0	22.78	28.58	1.13	16.05	9.0	1721.76	3300.0	16.13	1.0
41154.0	22.69	28.58	1.13	16.11	9.0	1758.71	3300.0	19.01	1.0
41213.0	22.74	28.66	1.13	16.32	9.0	1854.37	3300.0	21.07	1.0
41277.0	22.56	28.4	1.14	16.18	9.0	1768.45	3300.0	20.09	1.0
41336.0	22.29	28.37	1.14	15.95	9.0	1862.43	3300.0	15.71	1.0
41396.0	22.56	28.47	1.14	15.82	9.0	1794.9	3300.0	15.53	1.0
41447.0	22.75	28.6	1.14	15.63	9.0	1990.97	3300.0	13.78	1.0
41505.0	22.83	28.61	1.13	15.53	9.0	1777.67	3300.0	10.7	1.0
41565.0	22.82	28.6	1.13	15.6	9.0	1936.98	3300.0	10.42	1.0
41629.0	22.9	28.66	1.14	15.75	9.0	1767.41	3300.0	12.61	1.0
41688.0	22.63	28.52	1.15	15.77	9.0	2103.49	3300.0	14.47	1.0
41743.0	22.67	28.6	1.15	16.0	9.0	1896.09	3300.0	14.56	1.0
41801.0	22.75	28.59	1.14	15.81	9.0	2113.27	3300.0	15.22	1.0
41865.0	22.83	28.62	1.14	15.72	9.0	1888.69	3300.0	14.69	1.0
41924.0	22.87	28.69	1.13	15.7	9.0	1974.2	3300.0	13.86	1.0
41979.0	22.89	28.67	1.13	15.81	9.0	1851.85	3300.0	12.71	1.0
42039.0	22.96	28.63	1.13	15.9	9.0	1703.38	3300.0	13.6	1.0
42103.0	22.9	28.63	1.14	15.94	9.0	2007.49	3300.0	14.47	1.0
42158.0	22.87	28.66	1.13	16.12	9.0	1789.34	3300.0	16.24	1.0
42208.0	22.92	28.77	1.13	16.09	9.0	1837.33	3300.0	19.7	1.0
42272.0	22.91	28.73	1.13	16.22	9.0	1942.75	3300.0	17.17	1.0
42332.0	22.89	28.81	1.13	16.21	9.0	1855.98	3300.0	17.44	1.0
42390.0	22.88	28.78	1.13	16.15	9.0	1956.18	3300.0	18.92	1.0
42455.0	22.81	28.72	1.13	16.05	9.0	1850.71	3300.0	18.49	1.0
42509.0	22.65	28.63	1.13	16.13	9.0	1933.24	3300.0	19.07	1.0
42568.0	22.46	28.55	1.13	16.35	9.0	1813.57	3300.0	20.32	1.0
42628.0	22.58	28.63	1.14	16.34	9.0	1881.59	3300.0	21.13	1.0
42678.0	22.67	28.62	1.14	16.28	9.0	1742.16	3300.0	18.67	1.0
42737.0	22.72	28.59	1.14	16.16	9.0	1958.74	3300.0	17.83	1.0
42797.0	22.8	28.7	1.13	16.31	9.0	1738.73	3300.0	18.79	1.0
42856.0	22.8	28.68	1.13	16.28	9.0	1971.87	3300.0	18.33	1.0
42911.0	22.89	28.85	1.13	16.43	9.0	1901.14	3300.0	21.12	1.0
42971.0	22.82	28.76	1.13	16.35	9.0	1726.32	3300.0	20.12	1.0
43030.0	22.85	28.71	1.13	16.1	9.0	1750.09	3300.0	19.28	1.0
43089.0	22.87	28.68	1.14	15.81	9.0	1824.37	3300.0	15.56	1.0
43145.0	22.84	28.69	1.14	15.78	9.0	1703.96	3300.0	15.17	1.0
43204.0	22.88	28.66	1.13	15.85	9.0	1600.68	3300.0	13.63	1.0
43269.0	22.85	28.65	1.13	15.81	9.0	1862.2	3300.0	15.05	1.0
43324.0	22.67	28.53	1.14	15.9	9.0	1758.91	3300.0	15.99	1.0
43388.0	22.6	28.58	1.15	16.08	9.0	1620.05	3300.0	18.18	1.0
43448.0	22.58	28.59	1.14	16.31	9.0	1785.71	3300.0	17.44	1.0
43503.0	22.57	28.61	1.13	16.41	9.0	1644.2	3300.0	21.08	1.0
43557.0	22.58	28.59	1.13	16.4	9.0	1944.26	3300.0	19.2	1.0
43617.0	22.66	28.61	1.13	16.32	9.0	1736.71	3300.0	20.85	1.0
43676.0	22.77	28.63	1.13	16.18	9.0	1936.98	3300.0	19.57	1.0
43731.0	22.83	28.69	1.13	16.33	9.0	1859.2	3300.0	18.27	1.0
43786.0	22.91	28.75	1.14	15.94	9.0	1759.32	3300.0	17.84	1.0
43845.0	22.87	28.68	1.13	15.79	9.0	1830.16	3300.0	15.21	1.0
43901.0	22.89	28.67	1.13	15.7	9.0	1689.57	3300.0	13.27	1.0
43965.0	22.83	28.65	1.13	15.97	9.0	1891.79	3300.0	12.47	1.0
44024.0	22.91	28.72	1.14	15.91	9.0	1683.31	3300.0	17.23	1.0
44084.0	22.87	28.69	1.14	15.71	9.0	1893.22	3300.0	12.17	1.0
44130.0	22.9	28.69	1.14	15.63	9.0	1815.76	3300.0	13.71	1.0
44193.0	22.78	28.64	1.13	15.59	9.0	1665.74	3300.0	11.28	1.0
44248.0	22.69	28.59	1.13	15.64	9.0	1805.49	3300.0	11.64	1.0
44304.0	22.67	28.63	1.13	16.13	9.0	1663.34	3300.0	16.15	1.0
44367.0	22.62	28.63	1.13	16.41	9.0	1950.33	3300.0	18.54	1.0
44422.0	22.71	28.74	1.13	16.52	9.0	1746.83	3300.0	20.49	1.0
44486.0	22.73	28.76	1.13	16.49	9.0	2046.38	3300.0	23.38	1.0
44546.0	22.74	28.72	1.13	16.26	9.0	1836.21	3300.0	20.74	1.0
44601.0	22.82	28.69	1.13	16.0	9.0	1742.57	3300.0	18.83	1.0
44664.0	22.76	28.66	1.13	15.9	9.0	1993.89	3300.0	17.35	1.0
44719.0	22.75	28.65	1.13	15.77	9.0	1922.83	3300.0	13.83	1.0
44783.0	22.78	28.71	1.13	16.02	9.0	1944.01	3300.0	15.05	1.0
44843.0	22.85	28.97	1.13	16.15	9.0	1976.55	3300.0	16.96	1.0
44901.0	22.72	28.81	1.13	16.34	9.0	2013.69	3300.0	20.53	1.0
44960.0	22.7	28.77	1.13	16.54	9.0	1820.39	3300.0	21.15	1.0
45015.0	22.79	28.87	1.14	16.48	9.0	2016.94	3300.0	22.83	1.0
45071.0	22.79	28.83	1.14	16.38	9.0	1925.3	3300.0	20.04	1.0
45129.0	22.88	28.97	1.13	16.33	9.0	1822.6	3300.0	19.91	1.0
45184.0	22.87	29.02	1.13	16.41	9.0	1834.41	3300.0	21.87	1.0
45248.0	22.85	28.92	1.13	16.26	9.0	1631.32	3300.0	18.54	1.0
45303.0	22.88	28.85	1.13	16.06	9.0	1731.9	3300.0	17.04	1.0
45363.0	22.96	28.85	1.13	15.8	9.0	1697.41	3300.0	15.71	1.0
45414.0	22.91	28.81	1.14	15.75	9.0	1792.76	3300.0	14.69	1.0
45473.0	22.91	28.8	1.14	15.82	9.0	1548.31	3300.0	15.17	1.0
45530.0	22.87	28.74	1.14	15.88	9.0	1431.71	3300.0	15.79	1.0
45589.0	22.91	28.77	1.14	15.79	9.0	1743.38	3300.0	15.38	1.0
45648.0	22.87	28.72	1.14	16.01	9.0	1715.66	3300.0	17.35	1.0
45712.0	22.85	28.72	1.14	16.09	9.0	1807.23	3300.0	18.43	1.0
45763.0	22.84	28.69	1.14	16.09	9.0	1917.67	3300.0	16.42	1.0
45827.0	22.89	28.74	1.14	15.99	9.0	1749.07	3300.0	15.8	1.0
45891.0	22.9	28.81	1.14	16.61	9.0	1913.02	3300.0	22.99	1.0
45945.0	22.87	28.75	1.14	16.78	9.0	1742.57	3300.0	25.73	1.0
46009.0	22.95	28.76	1.14	16.61	9.0	1999.2	3300.0	22.46	1.0
46065.0	22.9	28.74	1.14	16.65	9.0	1927.77	3300.0	24.26	1.0
46125.0	22.76	28.27	1.14	16.64	9.0	1799.64	3300.0	24.45	1.0
46183.0	22.83	28.49	1.14	16.55	9.0	1914.98	3300.0	23.5	1.0
46242.0	22.85	28.6	1.14	16.38	9.0	1800.29	3300.0	20.14	1.0
46302.0	22.72	28.52	1.14	16.42	9.0	1783.38	3300.0	20.32	1.0
46353.0	22.77	28.57	1.13	16.41	9.0	1642.58	3300.0	21.99	1.0
46416.0	22.82	28.62	1.13	16.25	9.0	1796.62	3300.0	18.34	1.0
46473.0	22.84	28.67	1.14	16.05	9.0	1727.51	3300.0	19.85	1.0
46536.0	22.83	28.65	1.13	15.84	9.0	1531.08	3300.0	16.31	1.0
46590.0	22.95	28.8	1.14	15.58	9.0	1778.94	3300.0	13.08	1.0
46647.0	22.9	28.78	1.14	15.61	9.0	1634.88	3300.0	10.27	1.0
46706.0	22.9	28.77	1.14	15.88	9.0	1715.85	3300.0	14.61	1.0
46770.0	22.86	28.74	1.13	16.53	9.0	1798.99	3300.0	22.07	1.0
46829.0	22.88	28.82	1.14	16.7	9.0	1800.72	3300.0	23.09	1.0
46887.0	22.71	28.81	1.13	16.72	9.0	1960.53	3300.0	25.49	1.0
46952.0	22.66	28.82	1.13	16.56	9.0	1940.49	3300.0	22.27	1.0
47003.0	22.67	29.15	1.13	16.29	9.0	2144.39	3300.0	20.83	1.0
47057.0	22.74	29.18	1.13	16.01	9.0	1935.98	3300.0	17.11	1.0
47121.0	22.88	29.16	1.13	15.67	9.0	1835.54	3300.0	12.56	1.0
47175.0	22.85	29.24	1.13	15.77	9.0	1878.76	3300.0	12.34	1.0
47235.0	22.9	29.3	1.13	16.04	9.0	1894.42	3300.0	17.44	1.0
47294.0	22.78	29.17	1.13	16.38	9.0	1983.86	3300.0	21.82	1.0
47357.0	22.82	29.16	1.13	16.34	9.0	1965.15	3300.0	21.5	1.0
47404.0	22.77	28.97	1.13	16.26	9.0	1977.07	3300.0	20.64	1.0
47468.0	22.85	29.08	1.13	16.21	9.0	1719.2	3300.0	20.22	1.0
47526.0	22.72	29.08	1.14	15.96	9.0	1846.38	3300.0	15.38	1.0
47586.0	22.86	30.18	1.14	15.69	9.0	1817.3	3300.0	12.12	1.0
47642.0	22.87	29.67	1.14	15.53	9.0	1745.0	3300.0	10.68	1.0
47706.0	22.88	29.3	1.14	16.19	9.0	1756.85	3300.0	15.39	1.0
47765.0	22.85	29.48	1.13	16.71	9.0	1719.59	3300.0	24.14	1.0
47828.0	22.92	29.38	1.14	17.0	9.0	1913.02	3300.0	26.11	1.0
47888.0	22.95	29.41	1.12	17.13	9.0	1815.76	3300.0	25.91	1.0
47951.0	22.8	29.43	1.13	16.94	9.0	1903.31	3300.0	26.17	1.0
48003.0	22.89	29.3	1.13	16.63	9.0	1764.71	3300.0	23.99	1.0
48066.0	22.92	29.23	1.14	16.38	9.0	1942.75	3300.0	20.54	1.0
48125.0	22.87	29.14	1.13	16.36	9.0	1723.35	3300.0	19.88	1.0
48185.0	22.88	29.16	1.13	16.19	9.0	1914.24	3300.0	19.81	1.0
48244.0	22.88	29.13	1.13	16.3	9.0	1704.55	3300.0	21.0	1.0
48305.0	22.89	29.11	1.14	16.29	9.0	1703.38	3300.0	18.7	1.0
48364.0	22.64	28.99	1.14	16.16	9.0	1802.02	3300.0	17.58	1.0
48422.0	22.71	29.0	1.14	16.14	9.0	1729.51	3300.0	17.32	1.0
48482.0	22.79	29.04	1.13	16.07	9.0	1878.99	3300.0	18.07	1.0
48537.0	22.84	29.06	1.13	16.18	9.0	1738.53	3300.0	16.89	1.0
48602.0	22.59	28.86	1.13	16.22	9.0	1721.76	3300.0	18.6	1.0
48656.0	22.55	28.91	1.13	16.2	9.0	1836.43	3300.0	17.86	1.0
48712.0	22.76	28.98	1.14	15.74	9.0	1697.22	3300.0	15.62	1.0
48771.0	22.83	28.95	1.14	15.4	9.0	1850.71	3300.0	11.55	1.0
48830.0	22.82	28.91	1.14	15.27	9.0	1673.17	3300.0	9.34	1.0
48893.0	22.85	28.91	1.14	15.13	9.0	1944.01	3300.0	5.07	1.0
48949.0	22.88	28.95	1.14	15.16	9.0	1875.7	3300.0	7.12	1.0
49007.0	22.89	28.95	1.14	15.14	9.0	1833.29	3300.0	5.52	1.0
49061.0	22.87	28.96	1.14	15.18	9.0	1940.49	3300.0	7.27	1.0
49120.0	22.85	28.97	1.13	15.21	9.0	1768.24	3300.0	6.06	1.0
49175.0	22.75	28.88	1.13	15.4	9.0	1876.17	3300.0	9.34	1.0
49239.0	22.76	28.87	1.13	15.58	9.0	1671.31	3300.0	9.1	1.0
49297.0	22.88	28.99	1.13	15.58	9.0	1933.24	3300.0	10.02	1.0
49356.0	22.73	28.91	1.13	15.57	9.0	1719.39	3300.0	10.72	1.0
49416.0	22.79	28.91	1.13	15.46	9.0	1926.04	3300.0	9.56	1.0
49467.0	22.8	28.97	1.13	15.59	9.0	1847.97	3300.0	12.1	1.0
49530.0	22.81	28.93	1.13	15.64	9.0	1656.54	3300.0	11.67	1.0
49590.0	22.84	28.96	1.13	15.68	9.0	1702.8	3300.0	11.53	1.0
49640.0	22.82	28.98	1.13	15.65	9.0	1646.54	3300.0	13.67	1.0
49700.0	22.81	28.99	1.13	15.52	9.0	1508.14	3300.0	10.17	1.0
49761.0	22.81	28.93	1.13	15.44	9.0	1563.15	3300.0	11.52	1.0
49820.0	22.81	28.96	1.13	15.46	9.0	1743.78	3300.0	9.18	1.0
49875.0	22.86	29.0	1.13	15.47	9.0	1602.05	3300.0	11.48	1.0
49935.0	22.82	29.0	1.13	15.45	9.0	1859.2	3300.0	9.2	1.0
49994.0	22.87	28.98	1.14	15.45	9.0	1662.79	3300.0	8.88	1.0
50049.0	22.85	28.98	1.13	15.47	9.0	1996.27	3300.0	9.24	1.0
50104.0	22.88	29.01	1.13	15.56	9.0	1927.03	3300.0	11.62	1.0
50167.0	22.88	29.06	1.14	15.4	9.0	1818.62	3300.0	11.69	1.0
50226.0	22.85	29.06	1.13	15.35	9.0	1857.59	3300.0	7.92	1.0
50285.0	22.71	29.03	1.13	15.46	9.0	1793.61	3300.0	8.36	1.0
50339.0	22.77	29.04	1.13	15.45	9.0	1850.71	3300.0	8.75	1.0
50395.0	22.79	28.99	1.13	15.56	9.0	1709.4	3300.0	11.97	1.0
50454.0	22.84	28.99	1.13	15.7	9.0	1734.71	3300.0	11.97	1.0
50518.0	22.85	29.01	1.13	15.58	9.0	1660.58	3300.0	13.11	1.0
50573.0	22.85	29.0	1.13	15.62	9.0	1730.1	3300.0	9.86	1.0
50632.0	22.88	29.01	1.14	15.85	9.0	1531.39	3300.0	12.98	1.0
50689.0	22.86	28.98	1.14	16.09	9.0	1605.65	3300.0	17.93	1.0
50747.0	22.86	29.03	1.14	16.19	9.0	1671.5	3300.0	19.34	1.0
50799.0	22.85	29.06	1.14	16.34	9.0	1534.37	3300.0	18.34	1.0
50857.0	22.88	29.09	1.14	16.31	9.0	1895.85	3300.0	21.1	1.0
50917.0	22.85	29.09	1.13	16.26	9.0	1670.38	3300.0	20.67	1.0
50976.0	22.93	29.12	1.14	16.14	9.0	1971.87	3300.0	19.31	1.0
51033.0	22.88	29.09	1.14	16.27	9.0	1906.7	3300.0	18.06	1.0
51087.0	22.85	29.09	1.14	16.17	9.0	1810.72	3300.0	17.91	1.0
51145.0	22.91	29.11	1.13	16.01	9.0	1910.58	3300.0	18.12	1.0
51205.0	22.87	29.09	1.14	15.76	9.0	1685.2	3300.0	14.94	1.0
51265.0	22.88	29.1	1.14	15.64	9.0	1584.28	3300.0	12.26	1.0
51319.0	22.85	29.07	1.13	15.49	9.0	1786.35	3300.0	11.97	1.0
51379.0	22.87	29.09	1.13	15.36	9.0	1707.84	3300.0	8.23	1.0
51434.0	22.75	29.05	1.13	15.35	9.0	1898.73	3300.0	7.24	1.0
51492.0	22.8	29.11	1.14	15.25	9.0	1946.03	3300.0	6.54	1.0
51556.0	22.74	29.03	1.13	15.47	9.0	1784.23	3300.0	11.45	1.0
51615.0	22.67	29.03	1.14	15.32	9.0	1767.83	3300.0	8.02	1.0
51674.0	22.55	28.95	1.14	15.41	9.0	1777.04	3300.0	10.63	1.0
51729.0	22.51	28.9	1.13	15.6	9.0	1900.66	3300.0	8.77	1.0
51788.0	22.78	29.16	1.13	15.72	9.0	1712.92	3300.0	13.56	1.0
51843.0	22.84	29.1	1.13	15.64	9.0	1867.3	3300.0	11.33	1.0
51898.0	22.88	29.11	1.13	15.74	9.0	1788.06	3300.0	13.59	1.0
51953.0	22.76	29.03	1.13	15.85	9.0	1722.16	3300.0	15.81	1.0
52013.0	22.88	29.14	1.14	15.9	9.0	1814.22	3300.0	16.5	1.0
52068.0	22.9	29.15	1.14	15.92	9.0	1673.17	3300.0	14.38	1.0
52127.0	22.98	29.17	1.14	15.73	9.0	1721.37	3300.0	15.01	1.0
52183.0	22.91	29.13	1.14	15.64	9.0	1706.1	3300.0	11.78	1.0
52238.0	22.92	29.15	1.14	15.75	9.0	1584.95	3300.0	11.97	1.0
52293.0	22.92	29.13	1.14	15.82	9.0	1508.6	3300.0	14.88	1.0
52348.0	22.95	29.18	1.14	16.1	9.0	1697.6	3300.0	18.68	1.0
52412.0	22.88	29.13	1.14	16.03	9.0	1637.73	3300.0	17.98	1.0
52468.0	22.89	29.13	1.14	15.91	9.0	1842.53	3300.0	17.07	1.0
52523.0	22.61	29.03	1.14	15.97	9.0	1631.68	3300.0	17.41	1.0
52574.0	22.78	29.19	1.13	15.92	9.0	1709.01	3300.0	16.34	1.0
52637.0	22.8	29.12	1.13	15.98	9.0	1854.14	3300.0	17.95	1.0
52697.0	22.77	29.12	1.13	15.92	9.0	1628.84	3300.0	17.37	1.0
52756.0	22.77	29.08	1.13	15.76	9.0	1792.33	3300.0	15.06	1.0
52806.0	22.79	29.16	1.13	15.77	9.0	1704.93	3300.0	15.9	1.0
52861.0	22.81	29.11	1.13	16.11	9.0	1717.03	3300.0	18.06	1.0
52917.0	22.8	29.1	1.13	16.46	9.0	1588.14	3300.0	21.44	1.0
52981.0	22.88	29.16	1.13	16.6	9.0	1880.88	3300.0	21.68	1.0
53045.0	22.89	29.2	1.14	16.59	9.0	1682.56	3300.0	22.19	1.0
53096.0	22.83	29.17	1.14	16.44	9.0	1713.7	3300.0	23.97	1.0
53159.0	22.86	29.18	1.14	16.15	9.0	1780.84	3300.0	20.32	1.0
53224.0	22.84	29.14	1.14	15.94	9.0	1605.14	3300.0	15.5	1.0
53283.0	22.84	29.14	1.14	15.75	9.0	1729.51	3300.0	12.75	1.0
53334.0	22.84	29.14	1.13	15.86	9.0	1614.99	3300.0	14.37	1.0
53398.0	22.71	29.05	1.14	15.84	9.0	1887.5	3300.0	15.24	1.0
53462.0	22.75	29.2	1.13	15.98	9.0	1689.0	3300.0	17.94	1.0
53521.0	22.69	29.12	1.13	16.01	9.0	1902.59	3300.0	17.88	1.0
53572.0	22.75	29.12	1.13	16.03	9.0	1831.73	3300.0	15.81	1.0
53632.0	22.79	29.11	1.13	16.1	9.0	1623.03	3300.0	16.92	1.0
53682.0	22.85	29.18	1.14	16.07	9.0	1698.37	3300.0	18.57	1.0
53741.0	22.95	29.25	1.14	15.92	9.0	1675.23	3300.0	15.15	1.0
53800.0	22.77	29.12	1.13	16.17	9.0	1674.11	3300.0	19.38	1.0
53861.0	22.75	29.11	1.13	16.57	9.0	1531.39	3300.0	22.36	1.0
53920.0	22.78	29.1	1.14	16.66	9.0	1821.27	3300.0	22.72	1.0
53980.0	22.8	29.11	1.14	16.66	9.0	1620.57	3300.0	22.75	1.0
54031.0	22.86	29.16	1.14	16.5	9.0	1575.63	3300.0	23.62	1.0
54090.0	22.84	29.14	1.14	16.51	9.0	1740.34	3300.0	21.05	1.0
54151.0	22.85	29.16	1.14	16.41	9.0	1621.62	3300.0	22.4	1.0
54210.0	22.83	29.14	1.13	16.35	9.0	1911.31	3300.0	21.4	1.0
54269.0	22.92	29.17	1.14	16.36	9.0	1712.33	3300.0	18.49	1.0
54333.0	22.81	29.08	1.14	16.18	9.0	1845.25	3300.0	20.04	1.0
54389.0	22.78	29.22	1.13	16.26	9.0	1765.95	3300.0	19.02	1.0
54449.0	22.8	29.17	1.13	16.03	9.0	1625.14	3300.0	18.47	1.0
54508.0	22.84	29.17	1.13	15.96	9.0	1699.91	3300.0	15.22	1.0
54563.0	22.88	29.17	1.14	15.87	9.0	1557.31	3300.0	16.57	1.0
54623.0	22.85	29.13	1.14	15.73	9.0	1784.65	3300.0	12.49	1.0
54679.0	22.86	29.18	1.14	15.67	9.0	1715.85	3300.0	13.79	1.0
54738.0	22.84	29.17	1.13	15.66	9.0	1569.53	3300.0	13.87	1.0
54793.0	22.91	29.26	1.14	15.64	9.0	1714.68	3300.0	11.27	1.0
54844.0	22.96	29.29	1.14	15.57	9.0	1580.44	3300.0	13.18	1.0
54903.0	23.03	29.33	1.14	15.43	9.0	1819.28	3300.0	9.16	1.0
54959.0	22.94	29.3	1.14	15.38	9.0	1756.85	3300.0	10.76	1.0
55013.0	22.9	29.28	1.14	15.33	9.0	1618.65	3300.0	9.82	1.0
55068.0	22.91	29.34	1.14	15.47	9.0	1773.26	3300.0	7.72	1.0
55122.0	22.87	29.37	1.14	15.84	9.0	1555.21	3300.0	14.84	1.0
55183.0	22.89	29.37	1.14	15.94	9.0	1586.8	3300.0	16.13	1.0
55237.0	22.86	29.35	1.14	15.98	9.0	1736.71	3300.0	16.84	1.0
55302.0	22.9	29.36	1.14	16.0	9.0	1609.44	3300.0	15.8	1.0
55353.0	22.84	29.37	1.13	15.89	9.0	1830.38	3300.0	14.47	1.0
55412.0	22.94	29.45	1.14	15.71	9.0	1627.43	3300.0	14.71	1.0
55468.0	22.92	29.45	1.14	15.7	9.0	1602.05	3300.0	11.82	1.0
55527.0	22.91	29.44	1.14	15.6	9.0	1717.62	3300.0	11.67	1.0
55586.0	22.87	29.4	1.14	15.55	9.0	1582.45	3300.0	12.22	1.0
55642.0	22.86	29.39	1.14	15.58	9.0	1663.71	3300.0	9.93	1.0
55706.0	22.88	29.42	1.14	15.6	9.0	1608.58	3300.0	11.14	1.0
55766.0	22.85	29.41	1.13	15.62	9.0	1696.07	3300.0	11.11	1.0
55821.0	22.88	29.39	1.13	15.85	9.0	1552.15	3300.0	15.1	1.0
55880.0	22.77	29.32	1.13	16.08	9.0	1752.75	3300.0	16.19	1.0
55937.0	22.79	29.38	1.13	16.23	9.0	1688.05	3300.0	20.77	1.0
56001.0	22.7	29.29	1.13	16.14	9.0	1633.99	3300.0	19.61	1.0
56055.0	22.66	29.24	1.13	16.1	9.0	1808.1	3300.0	16.92	1.0
56116.0	22.27	29.04	1.14	16.17	9.0	1667.22	3300.0	17.98	1.0
56175.0	22.45	29.15	1.13	16.37	9.0	1660.39	3300.0	18.27	1.0
56235.0	22.57	29.22	1.15	16.38	9.0	1604.96	3300.0	21.74	1.0
56291.0	22.54	29.19	1.15	16.42	9.0	1459.14	3300.0	20.54	1.0
56350.0	22.71	29.33	1.14	16.12	9.0	1700.87	3300.0	19.3	1.0
56401.0	22.81	29.35	1.14	16.07	9.0	1780.63	3300.0	18.44	1.0
56465.0	22.92	29.54	1.14	16.22	9.0	1710.96	3300.0	18.72	1.0
56528.0	22.74	29.41	1.14	16.29	9.0	1824.82	3300.0	18.22	1.0
56588.0	22.78	29.42	1.14	16.5	9.0	1706.48	3300.0	21.13	1.0
56652.0	22.96	29.56	1.13	16.69	9.0	1811.59	3300.0	25.03	1.0
56708.0	22.94	29.54	1.13	16.63	9.0	1674.11	3300.0	22.88	1.0
56767.0	22.76	29.48	1.14	16.62	9.0	1874.3	3300.0	22.84	1.0
56826.0	22.79	29.48	1.13	16.32	9.0	1664.45	3300.0	21.11	1.0
56882.0	22.88	29.57	1.13	16.15	9.0	1548.47	3300.0	18.51	1.0
56941.0	22.87	29.55	1.13	16.02	9.0	1692.81	3300.0	17.84	1.0
57006.0	22.68	29.52	1.13	16.4	9.0	1705.71	3300.0	19.93	1.0
57057.0	22.74	29.54	1.13	16.6	9.0	1784.44	3300.0	23.5	1.0
57116.0	22.68	29.45	1.14	16.66	9.0	1812.25	3300.0	24.63	1.0
57171.0	22.67	29.42	1.14	16.92	9.0	1731.5	3300.0	26.51	1.0
57235.0	22.83	29.54	1.14	16.84	9.0	1735.91	3300.0	26.04	1.0
57294.0	22.87	29.55	1.14	16.66	9.0	1917.42	3300.0	25.4	1.0
57349.0	22.85	29.54	1.14	16.57	9.0	1673.73	3300.0	21.99	1.0
57405.0	22.87	29.55	1.14	16.36	9.0	1703.0	3300.0	20.93	1.0
57459.0	22.92	29.6	1.14	16.25	9.0	1833.97	3300.0	20.6	1.0
57528.0	22.91	29.57	1.14	16.11	9.0	1731.5	3300.0	19.95	1.0
57582.0	22.88	29.55	1.14	16.0	9.0	1798.56	3300.0	15.8	1.0
57637.0	22.79	29.52	1.14	16.03	9.0	1659.66	3300.0	18.36	1.0
57702.0	22.82	29.55	1.13	16.01	9.0	1633.99	3300.0	18.11	1.0
57766.0	22.74	29.48	1.13	15.98	9.0	1774.94	3300.0	13.78	1.0
57822.0	22.78	29.46	1.13	15.99	9.0	1636.48	3300.0	17.58	1.0
57877.0	22.77	29.43	1.15	15.97	9.0	1798.99	3300.0	17.55	1.0
57935.0	22.8	29.46	1.14	16.0	9.0	1639.17	3300.0	15.32	1.0
57992.0	22.69	29.44	1.14	16.27	9.0	1716.44	3300.0	19.58	1.0
58055.0	22.75	29.48	1.14	15.98	9.0	1812.25	3300.0	16.08	1.0
58109.0	22.89	29.6	1.14	16.45	9.0	1878.52	3300.0	21.32	1.0
58169.0	22.86	29.58	1.14	16.75	9.0	1828.6	3300.0	25.43	1.0
58233.0	22.96	29.64	1.14	16.68	9.0	1929.51	3300.0	22.69	1.0
58289.0	22.9	29.61	1.14	16.61	9.0	1791.69	3300.0	23.66	1.0
58343.0	22.91	29.6	1.14	16.58	9.0	1749.88	3300.0	24.19	1.0
58402.0	22.87	29.56	1.14	16.6	9.0	1899.7	3300.0	23.82	1.0
58458.0	22.74	29.53	1.13	16.65	9.0	1761.18	3300.0	25.41	1.0
58517.0	22.86	29.6	1.13	16.35	9.0	1577.29	3300.0	21.33	1.0
58576.0	22.54	29.09	1.14	15.87	9.0	1919.14	3300.0	17.4	1.0
58636.0	22.53	29.26	1.14	15.71	9.0	1823.93	3300.0	14.13	1.0
58691.0	22.74	29.47	1.13	15.77	9.0	1717.03	3300.0	13.07	1.0
58750.0	22.78	29.49	1.13	15.6	9.0	1621.1	3300.0	11.6	1.0
58810.0	22.83	29.59	1.14	15.35	9.0	1747.64	3300.0	8.5	1.0
58869.0	22.86	29.58	1.14	15.26	9.0	1608.06	3300.0	7.5	1.0
58933.0	22.88	29.63	1.14	15.18	9.0	1786.99	3300.0	5.81	1.0
58991.0	22.86	29.59	1.14	15.22	9.0	1576.13	3300.0	6.27	1.0
59046.0	22.72	29.13	1.14	15.41	9.0	1532.02	3300.0	10.68	1.0
59106.0	22.75	29.31	1.14	15.51	9.0	1662.79	3300.0	10.45	1.0
59161.0	22.72	29.35	1.14	15.38	9.0	1560.55	3300.0	8.91	1.0
59220.0	22.67	29.37	1.14	15.35	9.0	1667.78	3300.0	8.17	1.0
59276.0	22.67	29.56	1.13	15.45	9.0	1897.29	3300.0	9.91	1.0
59334.0	22.79	29.61	1.13	15.49	9.0	1908.15	3300.0	10.62	1.0
59394.0	22.77	29.61	1.13	15.67	9.0	1718.41	3300.0	13.43	1.0
59453.0	22.9	29.65	1.14	15.55	9.0	1885.37	3300.0	10.64	1.0
59508.0	22.87	29.65	1.14	15.58	9.0	1803.97	3300.0	12.49	1.0
59568.0	22.89	29.64	1.14	15.59	9.0	1623.9	3300.0	13.14	1.0
59627.0	22.86	29.64	1.13	15.65	9.0	1661.5	3300.0	13.81	1.0
59683.0	22.78	29.61	1.13	15.63	9.0	1586.8	3300.0	11.81	1.0
59748.0	22.89	29.64	1.14	15.44	9.0	1524.55	3300.0	11.79	1.0
59799.0	22.6	29.42	1.14	15.34	9.0	1693.58	3300.0	10.65	1.0
59863.0	22.7	29.49	1.14	15.25	9.0	1734.51	3300.0	7.24	1.0
59921.0	22.78	29.52	1.14	15.31	9.0	1462.27	3300.0	7.42	1.0
59972.0	22.28	29.44	1.14	15.42	9.0	1726.72	3300.0	10.26	1.0
60032.0	22.4	29.45	1.14	15.58	9.0	1587.3	3300.0	10.54	1.0
60087.0	22.48	29.22	1.14	15.82	9.0	1674.48	3300.0	14.47	1.0
60141.0	22.75	29.42	1.14	15.92	9.0	1696.45	3300.0	14.75	1.0
60197.0	22.72	29.54	1.13	16.03	9.0	1727.71	3300.0	18.14	1.0
60257.0	22.74	29.64	1.13	16.55	9.0	1484.27	3300.0	22.21	1.0
60316.0	22.77	29.73	1.14	16.61	9.0	1829.05	3300.0	22.36	1.0
60377.0	22.83	29.8	1.14	16.6	9.0	1741.15	3300.0	23.91	1.0
60436.0	22.87	29.82	1.14	16.55	9.0	1533.74	3300.0	24.2	1.0
60487.0	22.85	29.82	1.14	16.44	9.0	1758.09	3300.0	21.32	1.0
60547.0	22.89	29.85	1.14	16.23	9.0	1630.79	3300.0	19.02	1.0
60606.0	22.86	29.87	1.14	16.12	9.0	1750.9	3300.0	19.04	1.0
60661.0	22.89	29.89	1.14	16.09	9.0	1716.25	3300.0	16.91	1.0
60726.0	22.85	29.86	1.14	16.23	9.0	1718.02	3300.0	20.41	1.0
60785.0	22.87	29.89	1.14	16.25	9.0	1804.84	3300.0	20.39	1.0
60849.0	23.0	29.96	1.14	16.03	9.0	1597.61	3300.0	16.31	1.0
60904.0	22.99	29.98	1.14	16.07	9.0	1657.64	3300.0	17.67	1.0
60963.0	22.95	29.99	1.14	15.99	9.0	1817.08	3300.0	18.04	1.0
61019.0	22.9	29.94	1.14	16.07	9.0	1678.23	3300.0	15.87	1.0
61074.0	22.91	29.95	1.14	15.96	9.0	1574.31	3300.0	16.02	1.0
61133.0	22.87	29.95	1.14	15.84	9.0	1808.97	3300.0	15.68	1.0
61189.0	22.91	29.97	1.14	15.87	9.0	1706.87	3300.0	14.12	1.0
61249.0	22.78	29.99	1.13	16.05	9.0	1461.56	3300.0	18.21	1.0
61304.0	22.88	30.03	1.13	15.99	9.0	1646.72	3300.0	17.26	1.0
61364.0	22.79	29.97	1.13	15.97	9.0	1740.75	3300.0	17.54	1.0
61423.0	22.96	29.98	1.13	16.34	9.0	1730.5	3300.0	20.43	1.0
61478.0	22.86	29.91	1.14	16.35	9.0	1602.39	3300.0	23.08	1.0
61533.0	22.93	30.03	1.14	16.12	9.0	1873.59	3300.0	18.11	1.0
61592.0	22.88	29.98	1.13	16.03	9.0	1665.0	3300.0	17.93	1.0
61652.0	22.85	29.99	1.14	15.88	9.0	1550.23	3300.0	16.87	1.0
61712.0	22.83	29.97	1.13	15.74	9.0	1892.98	3300.0	13.25	1.0
61771.0	22.77	29.94	1.13	15.87	9.0	1692.24	3300.0	12.46	1.0
61828.0	22.6	29.58	1.13	15.82	9.0	1567.07	3300.0	15.96	1.0
61886.0	22.81	29.78	1.14	15.61	9.0	1868.0	3300.0	11.71	1.0
61945.0	22.79	29.83	1.13	15.74	9.0	1627.78	3300.0	12.43	1.0
62002.0	22.69	29.81	1.14	15.72	9.0	1518.22	3300.0	14.66	1.0
62056.0	22.8	29.88	1.14	15.71	9.0	1676.54	3300.0	14.25	1.0
62117.0	22.88	29.95	1.14	15.81	9.0	1577.29	3300.0	12.09	1.0
62172.0	22.97	30.02	1.14	15.92	9.0	1617.6	3300.0	14.88	1.0
62236.0	22.89	29.99	1.14	16.11	9.0	1754.8	3300.0	17.04	1.0
62291.0	22.9	30.01	1.14	16.33	9.0	1611.17	3300.0	20.72	1.0
62352.0	22.89	30.01	1.14	16.27	9.0	1736.92	3300.0	19.35	1.0
62411.0	22.89	29.98	1.14	16.11	9.0	1726.52	3300.0	18.05	1.0
62472.0	22.76	29.98	1.14	16.34	9.0	1707.07	3300.0	20.2	1.0
62526.0	22.84	30.15	1.13	16.48	9.0	1721.17	3300.0	19.95	1.0
62581.0	22.72	30.03	1.13	16.7	9.0	1789.98	3300.0	22.47	1.0
62641.0	22.75	29.99	1.13	16.98	9.0	1567.89	3300.0	25.19	1.0
62705.0	22.82	29.99	1.13	17.04	9.0	1775.78	3300.0	26.66	1.0
62760.0	22.86	30.01	1.14	16.83	9.0	1715.85	3300.0	27.7	1.0
62825.0	22.95	30.04	1.14	16.58	9.0	1670.01	3300.0	24.64	1.0

================================Data log ends here================================