Log created on 12-5-2018__14.16.14
4

Time	MAT	CHT	MAP	AFR	TPS	RPM	CCM	Cons	State
5486.0	25.32	70.94	1.09	20.0	9.0	0.0	2900.0	0.0	0.0
5544.0	25.44	71.0	1.09	20.0	9.0	0.0	2900.0	0.0	0.0
5603.0	25.55	70.99	1.09	20.0	9.0	0.0	2900.0	0.0	0.0
5660.0	25.43	70.49	1.1	20.0	9.0	0.0	2900.0	0.0	0.0
5719.0	25.6	70.71	1.09	20.0	9.0	0.0	2900.0	0.0	0.0
5777.0	25.66	70.9	1.09	20.0	9.0	0.0	2900.0	0.0	0.0
5835.0	25.71	70.94	1.09	20.0	9.0	0.0	2900.0	0.0	0.0
5894.0	25.63	70.92	1.09	20.0	9.0	0.0	2900.0	0.0	0.0
5951.0	25.73	70.96	1.09	20.0	9.0	0.0	2900.0	0.0	0.0
6009.0	25.8	70.96	1.09	20.0	9.0	0.0	2900.0	0.0	0.0
6073.0	25.8	70.94	1.1	20.0	9.0	0.0	2900.0	0.0	0.0
6130.0	25.78	71.05	1.1	20.0	9.0	0.0	2900.0	0.0	0.0
6189.0	25.77	70.98	1.1	20.0	9.0	0.0	2900.0	0.0	0.0
6252.0	25.75	70.96	1.1	20.0	9.0	0.0	2900.0	0.0	0.0
6309.0	25.77	70.97	1.1	20.0	9.0	0.0	2900.0	0.0	0.0
6368.0	25.75	70.95	1.1	20.0	9.0	0.0	2900.0	0.0	0.0
6435.0	25.78	70.99	1.1	20.0	9.0	0.0	2900.0	0.0	0.0
6494.0	25.79	70.97	1.11	20.0	9.0	0.0	2900.0	0.0	0.0
6552.0	25.78	70.94	1.1	20.0	9.0	0.0	2900.0	0.0	0.0
6620.0	25.76	70.92	1.11	20.0	9.0	0.0	2900.0	0.0	0.0
6678.0	25.75	70.93	1.11	20.0	9.0	0.0	2900.0	0.0	0.0
6746.0	25.47	70.77	1.1	20.0	9.0	0.0	2900.0	0.0	0.0
6809.0	25.63	70.93	1.1	20.0	9.0	0.0	2900.0	0.0	0.0
6867.0	25.63	70.91	1.1	20.0	9.0	0.0	2900.0	0.0	0.0
6921.0	25.65	70.91	1.1	20.0	9.0	0.0	2900.0	0.0	0.0
6978.0	25.66	70.86	1.09	20.0	9.0	0.0	2900.0	0.0	0.0
7036.0	25.68	70.84	1.09	20.0	9.0	0.0	2900.0	0.0	0.0
7100.0	25.75	70.84	1.09	20.0	9.0	0.0	2900.0	0.0	0.0
7157.0	25.78	70.85	1.09	20.0	9.0	0.0	2900.0	0.0	0.0
7216.0	25.81	70.87	1.09	20.0	9.0	0.0	2900.0	0.0	0.0
7279.0	25.83	70.95	1.1	20.0	9.0	0.0	2900.0	0.0	0.0
7337.0	25.8	70.93	1.1	20.0	9.0	0.0	2900.0	0.0	0.0
7395.0	25.75	70.9	1.1	20.0	9.0	0.0	2900.0	0.0	0.0
7453.0	25.71	70.82	1.11	20.0	9.0	0.0	2900.0	0.0	0.0
7521.0	25.56	70.84	1.1	20.0	9.0	0.0	2900.0	0.0	0.0
7579.0	25.74	70.89	1.1	20.0	9.0	0.0	2900.0	0.0	0.0
7643.0	25.68	70.87	1.09	20.0	9.0	0.0	2900.0	0.0	0.0
7710.0	25.58	70.52	1.1	20.0	9.0	0.0	2900.0	0.0	0.0
7769.0	25.64	70.69	1.1	20.0	9.0	0.0	2900.0	0.0	0.0
7826.0	25.53	70.62	1.1	20.0	9.0	0.0	2900.0	0.0	0.0
7889.0	25.66	70.73	1.09	20.0	9.0	0.0	2900.0	0.0	0.0
7948.0	25.67	70.74	1.09	20.0	9.0	0.0	2900.0	0.0	0.0
8005.0	25.55	70.61	1.08	20.0	9.0	0.0	2900.0	0.0	0.0
8064.0	25.61	70.79	1.08	20.0	9.0	0.0	2900.0	0.0	0.0
8127.0	25.51	70.76	1.08	20.0	9.0	0.0	2900.0	0.0	0.0
8185.0	25.63	70.8	1.08	20.0	9.0	0.0	2900.0	0.0	0.0
8243.0	25.66	70.75	1.08	20.0	9.0	0.0	2900.0	0.0	0.0
8301.0	25.69	70.79	1.08	20.0	9.0	0.0	2900.0	0.0	0.0
8365.0	25.65	70.8	1.09	20.0	9.0	0.0	2900.0	0.0	0.0
8427.0	25.65	70.84	1.09	20.0	9.0	0.0	2900.0	0.0	0.0
8480.0	25.7	70.82	1.09	20.0	9.0	0.0	2900.0	0.0	0.0
8539.0	25.72	70.85	1.09	20.0	9.0	0.0	2900.0	0.0	0.0
8597.0	25.74	70.82	1.09	20.0	9.0	0.0	2900.0	0.0	0.0
8654.0	25.78	70.84	1.09	20.0	9.0	0.0	2900.0	0.0	0.0
8713.0	25.74	70.84	1.1	20.0	9.0	0.0	2900.0	0.0	0.0
8771.0	25.71	70.85	1.1	20.0	9.0	0.0	2900.0	0.0	0.0
8829.0	25.75	70.81	1.1	20.0	9.0	0.0	2900.0	0.0	0.0
8892.0	25.72	70.78	1.1	20.0	9.0	0.0	2900.0	0.0	0.0
8950.0	25.77	70.76	1.1	20.0	9.0	0.0	2900.0	0.0	0.0
9009.0	25.77	70.77	1.1	20.0	9.0	0.0	2900.0	0.0	0.0
9062.0	25.71	70.76	1.1	20.0	9.0	0.0	2900.0	0.0	0.0
9124.0	25.69	70.76	1.1	20.0	9.0	0.0	2900.0	0.0	0.0
9188.0	25.76	70.78	1.1	20.0	9.0	0.0	2900.0	0.0	0.0
9246.0	25.75	70.7	1.1	20.0	9.0	0.0	2900.0	0.0	0.0
9309.0	25.69	70.72	1.1	20.0	9.0	0.0	2900.0	0.0	0.0
9367.0	25.72	70.77	1.1	20.0	9.0	0.0	2900.0	0.0	0.0
9425.0	25.78	70.69	1.1	20.0	9.0	0.0	2900.0	0.0	0.0
9484.0	25.77	70.68	1.1	20.0	9.0	0.0	2900.0	0.0	0.0
9546.0	25.69	70.66	1.1	20.0	9.0	0.0	2900.0	0.0	0.0
9605.0	25.67	70.75	1.1	20.0	9.0	0.0	2900.0	0.0	0.0
9667.0	25.7	70.81	1.1	20.0	9.0	0.0	2900.0	0.0	0.0
9725.0	25.63	70.57	1.1	20.0	9.0	0.0	2900.0	0.0	0.0
9789.0	25.61	70.59	1.1	20.0	9.0	0.0	2900.0	0.0	0.0
9846.0	25.68	70.59	1.1	20.0	9.0	0.0	2900.0	0.0	0.0
9910.0	25.74	70.59	1.1	20.0	9.0	0.0	2900.0	0.0	0.0
9972.0	25.69	70.59	1.1	20.0	9.0	0.0	2900.0	0.0	0.0
10037.0	25.68	70.56	1.1	20.0	9.0	0.0	2900.0	0.0	0.0
10095.0	25.6	70.58	1.09	20.0	9.0	0.0	2900.0	0.0	0.0
10155.0	25.67	70.63	1.1	20.0	9.0	0.0	2900.0	0.0	0.0
10214.0	25.66	70.59	1.1	20.0	9.0	0.0	2900.0	0.0	0.0
10277.0	25.74	70.65	1.1	20.0	9.0	0.0	2900.0	0.0	0.0
10337.0	25.41	70.04	1.1	20.0	9.0	0.0	2900.0	0.0	0.0
10396.0	25.4	70.11	1.09	20.0	9.0	0.0	2900.0	0.0	0.0
10461.0	25.59	70.42	1.09	20.0	9.0	0.0	2900.0	0.0	0.0
10519.0	25.72	70.48	1.1	20.0	9.0	0.0	2900.0	0.0	0.0
10584.0	25.69	70.48	1.1	20.0	9.0	0.0	2900.0	0.0	0.0
10638.0	25.72	70.53	1.1	20.0	9.0	0.0	2900.0	0.0	0.0
10701.0	25.35	70.44	1.1	20.0	9.0	0.0	2900.0	0.0	0.0
10761.0	25.58	70.52	1.1	20.0	9.0	0.0	2900.0	0.0	0.0
10820.0	25.63	70.5	1.1	20.0	9.0	0.0	2900.0	0.0	0.0
10880.0	25.7	70.51	1.09	20.0	9.0	0.0	2900.0	0.0	0.0
10934.0	25.71	70.49	1.1	20.0	9.0	0.0	2900.0	0.0	0.0
10997.0	25.76	70.53	1.1	20.0	9.0	0.0	2900.0	0.0	0.0
11052.0	25.74	70.54	1.09	20.0	9.0	0.0	2900.0	0.0	0.0
11111.0	25.69	70.49	1.09	20.0	9.0	0.0	2900.0	0.0	0.0
11170.0	25.7	70.51	1.09	20.0	9.0	0.0	2900.0	0.0	0.0
11230.0	25.68	70.53	1.09	20.0	9.0	0.0	2900.0	0.0	0.0
11288.0	25.74	70.53	1.09	20.0	9.0	0.0	2900.0	0.0	0.0
11342.0	25.7	70.5	1.09	20.0	9.0	0.0	2900.0	0.0	0.0
11402.0	25.68	70.48	1.09	20.0	9.0	0.0	2900.0	0.0	0.0
11471.0	25.71	70.48	1.1	20.0	9.0	0.0	2900.0	0.0	0.0
11535.0	25.75	70.5	1.1	20.0	9.0	0.0	2900.0	0.0	0.0
11594.0	25.67	70.47	1.1	20.0	9.0	0.0	2900.0	0.0	0.0
11658.0	25.7	70.5	1.1	20.0	9.0	0.0	2900.0	0.0	0.0
11717.0	25.65	70.51	1.1	20.0	9.0	0.0	2900.0	0.0	0.0
11782.0	25.7	70.52	1.1	20.0	9.0	0.0	2900.0	0.0	0.0
11841.0	25.68	70.54	1.1	20.0	9.0	0.0	2900.0	0.0	0.0
11895.0	25.72	70.52	1.1	20.0	9.0	0.0	2900.0	0.0	0.0
11954.0	25.67	70.49	1.1	20.0	9.0	0.0	2900.0	0.0	0.0
12013.0	25.72	70.54	1.1	20.0	9.0	0.0	2900.0	0.0	0.0
12067.0	25.67	70.52	1.1	20.0	9.0	0.0	2900.0	0.0	0.0
12127.0	25.57	70.43	1.09	20.0	9.0	0.0	2900.0	0.0	0.0
12186.0	25.7	70.62	1.09	20.0	9.0	0.0	2900.0	0.0	0.0
12250.0	25.72	70.56	1.09	20.0	9.0	0.0	2900.0	0.0	0.0
12309.0	25.71	70.53	1.09	20.0	9.0	0.0	2900.0	0.0	0.0
12368.0	25.69	70.49	1.09	20.0	9.0	0.0	2900.0	0.0	0.0
12428.0	25.76	70.54	1.1	20.0	9.0	0.0	2900.0	0.0	0.0
12496.0	25.74	70.54	1.09	20.0	9.0	0.0	2900.0	0.0	0.0
12556.0	25.7	70.5	1.09	20.0	9.0	0.0	2900.0	0.0	0.0
12614.0	25.69	70.49	1.09	20.0	9.0	0.0	2900.0	0.0	0.0
12668.0	25.71	70.5	1.09	20.0	9.0	0.0	2900.0	0.0	0.0
12733.0	25.64	70.48	1.09	20.0	9.0	0.0	2900.0	0.0	0.0
12792.0	25.65	70.47	1.09	20.0	9.0	0.0	2900.0	0.0	0.0
12852.0	25.6	70.43	1.09	20.0	9.0	0.0	2900.0	0.0	0.0
12910.0	25.66	70.47	1.09	20.0	9.0	0.0	2900.0	0.0	0.0
12980.0	25.69	70.5	1.09	20.0	9.0	0.0	2900.0	0.0	0.0
13039.0	25.72	70.48	1.09	20.0	9.0	0.0	2900.0	0.0	0.0
13092.0	25.66	70.43	1.09	20.0	9.0	0.0	2900.0	0.0	0.0
13152.0	25.71	70.46	1.09	20.0	9.0	0.0	2900.0	0.0	0.0
13201.0	25.73	70.44	1.09	20.0	9.0	0.0	2900.0	0.0	0.0
13265.0	25.75	70.46	1.09	20.0	9.0	0.0	2900.0	0.0	0.0
13325.0	25.74	70.44	1.08	20.0	9.0	0.0	2900.0	0.0	0.0
13388.0	25.68	70.44	1.08	20.0	9.0	0.0	2900.0	0.0	0.0
13448.0	25.7	70.46	1.08	20.0	9.0	0.0	2900.0	0.0	0.0
13517.0	25.74	70.4	1.08	20.0	9.0	0.0	2900.0	0.0	0.0
13571.0	25.73	70.38	1.08	20.0	9.0	0.0	2900.0	0.0	0.0
13635.0	25.71	70.4	1.09	20.0	9.0	0.0	2900.0	0.0	0.0
13689.0	25.7	70.42	1.09	20.0	9.0	0.0	2900.0	0.0	0.0
13749.0	25.69	70.45	1.09	20.0	9.0	0.0	2900.0	0.0	0.0
13808.0	25.67	70.43	1.09	20.0	9.0	0.0	2900.0	0.0	0.0
13867.0	25.48	70.29	1.08	20.0	9.0	0.0	2900.0	0.0	0.0
13926.0	25.59	70.46	1.08	20.0	9.0	0.0	2900.0	0.0	0.0
13985.0	25.59	70.32	1.07	20.0	9.0	0.0	2900.0	0.0	0.0
14045.0	25.7	70.32	1.08	20.0	9.0	0.0	2900.0	0.0	0.0
14103.0	25.65	70.26	1.08	20.0	9.0	0.0	2900.0	0.0	0.0
14157.0	25.62	70.2	1.09	20.0	9.0	0.0	2900.0	0.0	0.0
14217.0	25.7	70.22	1.09	20.0	9.0	0.0	2900.0	0.0	0.0
14276.0	25.69	70.2	1.09	20.0	9.0	0.0	2900.0	0.0	0.0
14336.0	25.72	70.21	1.09	20.0	9.0	0.0	2900.0	0.0	0.0
14394.0	25.67	70.2	1.09	20.0	9.0	0.0	2900.0	0.0	0.0
14453.0	25.69	70.21	1.09	20.0	9.0	0.0	2900.0	0.0	0.0
14508.0	25.74	70.2	1.09	20.0	9.0	0.0	2900.0	0.0	0.0
14567.0	25.67	70.18	1.09	20.0	9.0	0.0	2900.0	0.0	0.0
14626.0	25.69	70.21	1.09	20.0	9.0	0.0	2900.0	0.0	0.0
14681.0	25.65	70.14	1.09	20.0	9.0	0.0	2900.0	0.0	0.0
14744.0	25.75	70.19	1.09	20.0	9.0	0.0	2900.0	0.0	0.0
14798.0	25.73	70.15	1.09	20.0	9.0	0.0	2900.0	0.0	0.0
14858.0	25.71	70.17	1.09	20.0	9.0	0.0	2900.0	0.0	0.0
14917.0	25.72	70.16	1.09	20.0	9.0	0.0	2900.0	0.0	0.0
14977.0	25.65	70.14	1.09	20.0	9.0	0.0	2900.0	0.0	0.0
15040.0	25.73	70.13	1.09	20.0	9.0	0.0	2900.0	0.0	0.0
15089.0	25.71	70.14	1.09	20.0	9.0	0.0	2900.0	0.0	0.0
15154.0	25.73	70.17	1.09	20.0	9.0	0.0	2900.0	0.0	0.0
15208.0	25.73	70.22	1.09	20.0	9.0	0.0	2900.0	0.0	0.0
15267.0	25.72	70.17	1.09	20.0	9.0	0.0	2900.0	0.0	0.0
15326.0	25.72	70.17	1.09	20.0	9.0	0.0	2900.0	0.0	0.0
15390.0	25.63	70.13	1.09	20.0	9.0	0.0	2900.0	0.0	0.0
15450.0	25.67	70.16	1.09	20.0	9.0	0.0	2900.0	0.0	0.0
15507.0	25.81	70.26	1.09	20.0	9.0	0.0	2900.0	0.0	0.0
15563.0	25.85	70.34	1.09	20.0	9.0	0.0	2900.0	0.0	0.0
15622.0	25.89	70.36	1.09	20.0	9.0	0.0	2900.0	0.0	0.0
15681.0	25.83	70.31	1.09	20.0	9.0	0.0	2900.0	0.0	0.0
15740.0	25.91	70.32	1.09	20.0	9.0	0.0	2900.0	0.0	0.0
15804.0	25.77	70.21	1.09	20.0	9.0	0.0	2900.0	0.0	0.0
15858.0	25.78	70.18	1.09	20.0	9.0	0.0	2900.0	0.0	0.0
15923.0	25.25	69.72	1.09	20.0	9.0	0.0	2900.0	0.0	0.0
15977.0	25.43	69.83	1.09	20.0	9.0	0.0	2900.0	0.0	0.0
16036.0	25.61	70.04	1.09	20.0	9.0	0.0	2900.0	0.0	2.0
16095.0	25.62	70.07	1.09	20.0	9.0	0.0	2900.0	0.0	2.0
16149.0	25.67	70.09	1.1	20.0	9.0	0.0	2900.0	0.0	2.0
16208.0	25.69	70.1	1.1	20.0	9.0	0.0	2900.0	0.0	2.0
16268.0	25.32	69.86	1.11	20.0	9.0	0.0	2900.0	0.0	2.0
16317.0	25.32	69.86	1.1	20.0	9.0	0.0	2900.0	0.0	2.0
16381.0	25.56	70.07	1.1	20.0	9.0	0.0	2900.0	0.0	2.0
16440.0	25.75	70.12	1.1	20.0	9.0	0.0	2900.0	0.0	2.0
16504.0	25.72	70.11	1.1	20.0	9.0	0.0	2900.0	0.0	0.0
16559.0	25.73	70.1	1.1	20.0	9.0	0.0	2900.0	0.0	0.0
16618.0	25.65	70.08	1.1	20.0	9.0	0.0	2900.0	0.0	0.0
16677.0	25.69	70.12	1.1	20.0	9.0	0.0	2900.0	0.0	0.0
16736.0	25.76	70.1	1.1	20.0	9.0	0.0	2900.0	0.0	0.0
16795.0	25.72	70.09	1.1	20.0	9.0	0.0	2900.0	0.0	0.0
16849.0	25.73	70.09	1.1	20.0	9.0	0.0	2900.0	0.0	0.0
16909.0	25.67	70.1	1.1	20.0	9.0	0.0	2900.0	0.0	0.0
16968.0	25.77	70.15	1.1	20.0	9.0	0.0	2900.0	0.0	0.0
17027.0	25.7	70.1	1.1	20.0	9.0	0.0	2900.0	0.0	0.0
17086.0	25.69	70.07	1.1	20.0	9.0	0.0	2900.0	0.0	0.0
17140.0	25.71	70.1	1.11	20.0	9.0	0.0	2900.0	0.0	0.0
17195.0	25.74	70.11	1.1	20.0	9.0	0.0	2900.0	0.0	0.0
17254.0	25.73	70.08	1.1	20.0	9.0	0.0	2900.0	0.0	0.0
17308.0	25.69	70.06	1.1	20.0	9.0	0.0	2900.0	0.0	0.0
17368.0	25.63	70.07	1.1	20.0	9.0	0.0	2900.0	0.0	0.0
17426.0	25.75	70.12	1.1	20.0	9.0	0.0	2900.0	0.0	0.0
17485.0	25.7	70.09	1.09	20.0	9.0	0.0	2900.0	0.0	0.0
17545.0	25.67	70.08	1.09	20.0	9.0	0.0	2900.0	0.0	0.0
17604.0	25.67	70.06	1.09	20.0	9.0	0.0	2900.0	0.0	0.0
17662.0	25.71	70.08	1.09	20.0	9.0	0.0	2900.0	0.0	0.0
17722.0	25.78	70.09	1.09	20.0	9.0	0.0	2900.0	0.0	0.0
17776.0	25.72	70.06	1.09	20.0	9.0	0.0	2900.0	0.0	0.0
17836.0	25.68	70.06	1.09	20.0	9.0	0.0	2900.0	0.0	0.0
17890.0	25.73	70.11	1.09	20.0	9.0	0.0	2900.0	0.0	0.0
17949.0	25.72	70.09	1.08	20.0	9.0	0.0	2900.0	0.0	0.0
18008.0	25.75	70.1	1.08	20.0	9.0	0.0	2900.0	0.0	0.0
18067.0	25.7	70.02	1.07	20.0	9.0	0.0	2900.0	0.0	0.0
18126.0	25.67	70.1	1.08	20.0	9.0	0.0	2900.0	0.0	0.0
18186.0	25.77	70.09	1.09	20.0	9.0	0.0	2900.0	0.0	0.0
18240.0	25.74	70.07	1.09	20.0	9.0	0.0	2900.0	0.0	0.0
18299.0	25.66	70.09	1.09	20.0	9.0	0.0	2900.0	0.0	0.0
18358.0	25.29	69.5	1.09	20.0	9.0	0.0	2900.0	0.0	0.0
18417.0	25.51	69.8	1.09	20.0	9.0	0.0	2900.0	0.0	0.0
18471.0	25.63	69.95	1.09	20.0	9.0	0.0	2900.0	0.0	0.0
18536.0	25.66	69.97	1.09	20.0	9.0	0.0	2900.0	0.0	0.0
18599.0	25.65	70.0	1.09	20.0	9.0	0.0	2900.0	0.0	0.0
18654.0	25.68	70.03	1.09	20.0	9.0	0.0	2900.0	0.0	0.0
18713.0	25.28	69.63	1.08	20.0	9.0	0.0	2900.0	0.0	0.0
18772.0	25.34	69.73	1.08	20.0	9.0	0.0	2900.0	0.0	0.0
18831.0	25.57	69.94	1.08	20.0	9.0	0.0	2900.0	0.0	0.0
18890.0	25.63	69.99	1.08	20.0	9.0	0.0	2900.0	0.0	0.0
18955.0	25.73	70.02	1.08	20.0	9.0	0.0	2900.0	0.0	0.0
19009.0	25.69	70.03	1.08	20.0	9.0	0.0	2900.0	0.0	0.0
19068.0	25.86	70.1	1.08	20.0	9.0	0.0	2900.0	0.0	0.0
19123.0	25.91	70.1	1.09	19.98	9.0	0.0	2900.0	0.0	0.0
19177.0	25.95	70.11	1.1	19.86	9.0	0.0	2900.0	0.0	0.0
19235.0	25.93	70.08	1.1	19.66	9.0	0.0	2900.0	0.0	0.0
19290.0	25.84	70.02	1.11	19.36	9.0	0.0	2900.0	0.0	0.0
19349.0	25.73	69.96	1.11	19.13	9.0	0.0	2900.0	0.0	0.0
19414.0	25.77	70.03	1.11	19.1	9.0	0.0	2900.0	0.0	0.0
19472.0	25.72	69.94	1.11	19.16	9.0	0.0	2900.0	0.0	0.0
19531.0	25.71	69.94	1.11	19.15	9.0	0.0	2900.0	0.0	2.0
19586.0	25.66	69.93	1.11	19.09	9.0	0.0	2900.0	0.0	2.0
19645.0	25.67	69.94	1.11	19.22	9.0	0.0	2900.0	0.0	2.0
19704.0	25.77	69.94	1.11	19.25	9.0	0.0	2900.0	0.0	2.0
19763.0	25.67	69.9	1.11	19.1	9.0	0.0	2900.0	0.0	2.0
19822.0	25.69	69.97	1.11	18.74	9.0	0.0	2900.0	0.0	2.0
19876.0	25.7	69.94	1.11	18.72	9.0	0.0	2900.0	0.0	2.0
19941.0	25.73	69.96	1.11	18.69	9.0	0.0	2900.0	0.0	2.0
19995.0	25.7	69.85	1.11	18.73	9.0	0.0	2900.0	0.0	2.0
20059.0	25.68	69.83	1.11	18.77	9.0	0.0	2900.0	0.0	0.0
20118.0	25.68	69.88	1.11	18.75	9.0	0.0	2900.0	0.0	0.0
20183.0	25.72	69.94	1.11	18.84	9.0	0.0	2900.0	0.0	0.0
20241.0	25.72	69.95	1.11	18.8	9.0	0.0	2900.0	0.0	0.0
20305.0	25.71	69.96	1.11	18.59	9.0	0.0	2900.0	0.0	0.0
20365.0	25.64	69.97	1.11	18.42	9.0	0.0	2900.0	0.0	0.0
20419.0	25.71	69.89	1.11	18.29	9.0	0.0	2900.0	0.0	0.0
20478.0	25.79	69.84	1.11	18.24	9.0	0.0	2900.0	0.0	0.0
20537.0	25.73	69.79	1.11	18.17	9.0	0.0	2900.0	0.0	0.0
20596.0	25.73	69.83	1.11	18.02	9.0	0.0	2900.0	0.0	0.0
20661.0	25.75	69.81	1.11	18.09	9.0	0.0	2900.0	0.0	0.0
20719.0	25.77	69.79	1.11	18.11	9.0	0.0	2900.0	0.0	0.0
20779.0	25.27	69.45	1.12	17.88	9.0	0.0	2900.0	0.0	0.0
20828.0	25.24	69.47	1.11	17.85	9.0	0.0	2900.0	0.0	0.0
20887.0	25.62	69.72	1.11	17.73	9.0	0.0	2900.0	0.0	0.0
20941.0	25.73	69.77	1.11	17.63	9.0	0.0	2900.0	0.0	0.0
21001.0	25.71	69.77	1.11	17.79	9.0	0.0	2900.0	0.0	0.0
21055.0	25.74	69.77	1.11	17.89	9.0	0.0	2900.0	0.0	0.0
21109.0	25.51	69.34	1.11	17.99	9.0	0.0	2900.0	0.0	0.0
21169.0	25.37	69.31	1.11	18.16	9.0	0.0	2900.0	0.0	0.0
21227.0	25.55	69.65	1.1	18.15	9.0	0.0	2900.0	0.0	0.0
21289.0	25.68	69.72	1.11	17.96	9.0	0.0	2900.0	0.0	0.0
21346.0	25.74	69.82	1.1	17.71	9.0	0.0	2900.0	0.0	0.0
21395.0	25.84	69.89	1.09	17.6	9.0	0.0	2900.0	0.0	0.0
21454.0	25.88	69.85	1.08	17.56	9.0	0.0	2900.0	0.0	0.0
21509.0	25.75	69.75	1.08	17.13	9.0	0.0	2900.0	0.0	2.0
21563.0	25.72	69.71	1.08	16.88	9.0	0.0	2900.0	0.0	2.0
21621.0	25.64	69.74	1.08	16.7	9.0	0.0	2900.0	0.0	2.0
21681.0	25.72	69.75	1.08	16.6	9.0	0.0	2900.0	0.0	2.0
21735.0	25.72	69.73	1.08	16.64	9.0	0.0	2900.0	0.0	2.0
21799.0	25.68	69.72	1.08	16.55	9.0	0.0	2900.0	0.0	2.0
21854.0	25.72	69.74	1.08	16.47	9.0	0.0	2900.0	0.0	2.0
21913.0	25.7	69.74	1.08	16.47	9.0	0.0	2900.0	0.0	2.0
21971.0	25.74	69.75	1.09	16.5	9.0	0.0	2900.0	0.0	2.0
22031.0	25.66	69.69	1.08	16.51	9.0	0.0	2900.0	0.0	0.0
22090.0	25.68	69.68	1.09	16.41	9.0	0.0	2900.0	0.0	0.0
22145.0	25.73	69.71	1.09	16.53	9.0	0.0	2900.0	0.0	0.0
22199.0	25.78	69.68	1.09	16.53	9.0	0.0	2900.0	0.0	0.0
22258.0	25.67	69.7	1.09	16.56	9.0	0.0	2900.0	0.0	0.0
22311.0	25.68	69.69	1.09	16.55	9.0	0.0	2900.0	0.0	0.0
22371.0	25.62	69.68	1.09	16.53	9.0	0.0	2900.0	0.0	0.0
22430.0	25.71	69.69	1.09	16.53	9.0	0.0	2900.0	0.0	0.0
22490.0	25.67	69.66	1.09	16.45	9.0	0.0	2900.0	0.0	0.0
22549.0	25.67	69.66	1.09	16.34	9.0	0.0	2900.0	0.0	0.0
22603.0	25.69	69.67	1.09	16.24	9.0	0.0	2900.0	0.0	0.0
22667.0	25.69	69.68	1.09	16.28	9.0	0.0	2900.0	0.0	0.0
22736.0	25.65	69.67	1.08	16.24	9.0	0.0	2900.0	0.0	0.0
22795.0	25.67	69.69	1.09	16.19	9.0	0.0	2900.0	0.0	0.0
22854.0	25.62	69.66	1.08	16.14	9.0	0.0	2900.0	0.0	0.0
22914.0	25.67	69.7	1.08	16.09	9.0	0.0	2900.0	0.0	0.0
22973.0	25.61	69.67	1.08	15.97	9.0	0.0	2900.0	0.0	0.0
23031.0	25.62	69.66	1.08	15.84	9.0	0.0	2900.0	0.0	0.0
23091.0	25.63	69.7	1.09	15.7	9.0	0.0	2900.0	0.0	0.0
23150.0	25.64	69.73	1.09	15.7	9.0	0.0	2900.0	0.0	0.0
23209.0	25.06	69.31	1.08	15.97	9.0	0.0	2900.0	0.0	0.0
23264.0	25.03	69.19	1.08	16.35	9.0	0.0	2900.0	0.0	0.0
23322.0	25.36	69.47	1.08	16.35	9.0	0.0	2900.0	0.0	0.0
23376.0	25.46	69.58	1.08	16.35	9.0	0.0	2900.0	0.0	0.0
23441.0	25.65	69.6	1.09	16.37	9.0	0.0	2900.0	0.0	0.0
23495.0	25.67	69.62	1.09	16.34	9.0	0.0	2900.0	0.0	0.0
23549.0	25.4	69.42	1.1	16.36	9.0	0.0	2900.0	0.0	0.0
23609.0	25.25	69.27	1.09	16.43	9.0	0.0	2900.0	0.0	0.0
23667.0	25.57	69.51	1.09	16.4	9.0	0.0	2900.0	0.0	0.0
23727.0	25.58	69.56	1.09	16.32	9.0	0.0	2900.0	0.0	0.0
23786.0	25.66	69.57	1.09	16.15	9.0	0.0	2900.0	0.0	0.0
23840.0	25.68	69.57	1.09	16.1	9.0	0.0	2900.0	0.0	0.0
23900.0	25.69	69.62	1.09	16.1	9.0	0.0	2900.0	0.0	0.0
23959.0	25.72	69.62	1.08	16.06	9.0	0.0	2900.0	0.0	0.0
24017.0	25.64	69.57	1.08	15.99	9.0	0.0	2900.0	0.0	0.0
24077.0	25.67	69.55	1.08	15.88	9.0	0.0	2900.0	0.0	0.0
24126.0	25.68	69.6	1.08	15.83	9.0	0.0	2900.0	0.0	0.0
24185.0	25.64	69.53	1.08	15.82	9.0	0.0	2900.0	0.0	0.0
24245.0	25.7	69.57	1.08	15.7	9.0	0.0	2900.0	0.0	0.0
24299.0	25.66	69.57	1.08	15.7	9.0	0.0	2900.0	0.0	0.0
24363.0	25.64	69.56	1.09	15.69	9.0	0.0	2900.0	0.0	0.0
24417.0	25.7	69.55	1.09	15.68	9.0	0.0	2900.0	0.0	0.0
24476.0	25.63	69.45	1.09	15.57	9.0	0.0	2900.0	0.0	0.0
24536.0	25.69	69.48	1.09	15.44	9.0	0.0	2900.0	0.0	0.0
24585.0	25.7	69.49	1.09	15.36	9.0	0.0	2900.0	0.0	0.0
24644.0	25.65	69.48	1.09	15.33	9.0	0.0	2900.0	0.0	0.0
24704.0	25.71	69.48	1.09	15.34	9.0	0.0	2900.0	0.0	0.0
24757.0	25.67	69.45	1.08	15.35	9.0	0.0	2900.0	0.0	0.0
24816.0	25.6	69.41	1.08	15.31	9.0	0.0	2900.0	0.0	0.0
24876.0	25.65	69.47	1.08	15.29	9.0	0.0	2900.0	0.0	0.0
24930.0	25.74	69.41	1.08	15.35	9.0	0.0	2900.0	0.0	0.0
24989.0	25.68	69.43	1.08	15.39	9.0	0.0	2900.0	0.0	0.0
25043.0	25.68	69.4	1.09	15.37	9.0	0.0	2900.0	0.0	0.0
25102.0	25.63	69.39	1.09	15.34	9.0	0.0	2900.0	0.0	0.0
25166.0	25.71	69.45	1.09	15.51	9.0	0.0	2900.0	0.0	0.0
25221.0	25.68	69.35	1.08	15.75	9.0	0.0	2900.0	0.0	0.0
25285.0	25.69	69.34	1.08	15.81	9.0	0.0	2900.0	0.0	0.0
25339.0	25.65	69.31	1.09	15.78	9.0	0.0	2900.0	0.0	0.0
25398.0	25.6	69.31	1.09	15.63	9.0	0.0	2900.0	0.0	0.0
25457.0	25.6	69.31	1.09	15.44	9.0	0.0	2900.0	0.0	0.0
25517.0	25.62	69.3	1.09	15.39	9.0	0.0	2900.0	0.0	0.0
25576.0	25.65	69.33	1.09	15.34	9.0	0.0	2900.0	0.0	0.0
25634.0	25.5	68.91	1.09	15.43	9.0	0.0	2900.0	0.0	0.0
25694.0	25.41	68.96	1.09	15.54	9.0	0.0	2900.0	0.0	0.0
25748.0	25.52	69.22	1.08	15.58	9.0	0.0	2900.0	0.0	0.0
25812.0	25.57	69.24	1.09	15.62	9.0	0.0	2900.0	0.0	0.0
25872.0	25.6	69.31	1.09	15.69	9.0	0.0	2900.0	0.0	0.0
25930.0	25.59	69.31	1.08	15.62	9.0	0.0	2900.0	0.0	0.0
25985.0	24.9	69.03	1.08	15.62	9.0	0.0	2900.0	0.0	0.0
26049.0	25.03	68.93	1.07	15.78	9.0	0.0	2900.0	0.0	0.0
26108.0	25.39	69.2	1.07	15.72	9.0	0.0	2900.0	0.0	0.0
26163.0	25.48	69.2	1.07	15.64	9.0	0.0	2900.0	0.0	0.0
26221.0	25.5	69.22	1.08	15.53	9.0	0.0	2900.0	0.0	0.0
26275.0	25.6	69.29	1.08	15.45	9.0	0.0	2900.0	0.0	0.0
26330.0	25.63	69.3	1.08	15.46	9.0	0.0	2900.0	0.0	0.0
26394.0	25.78	69.45	1.08	15.36	9.0	0.0	2900.0	0.0	0.0
26448.0	25.81	69.51	1.09	15.43	9.0	0.0	2900.0	0.0	0.0
26508.0	25.76	69.44	1.1	15.47	9.0	0.0	2900.0	0.0	2.0
26566.0	25.82	69.42	1.11	15.5	9.0	0.0	2900.0	0.0	2.0
26626.0	25.71	69.33	1.1	15.52	9.0	0.0	2900.0	0.0	2.0
26685.0	25.62	69.33	1.11	15.43	9.0	0.0	2900.0	0.0	2.0
26739.0	25.59	69.29	1.11	15.42	9.0	0.0	2900.0	0.0	2.0
26799.0	25.59	69.27	1.1	15.43	9.0	0.0	2900.0	0.0	2.0
26857.0	25.67	69.3	1.1	15.42	9.0	0.0	2900.0	0.0	2.0
26911.0	25.64	69.24	1.1	15.32	9.0	0.0	2900.0	0.0	2.0
26971.0	25.61	69.24	1.1	15.27	9.0	0.0	2900.0	0.0	2.0
27025.0	25.6	69.26	1.11	15.22	9.0	0.0	2900.0	0.0	0.0
27079.0	25.6	69.25	1.1	15.28	9.0	0.0	2900.0	0.0	0.0
27139.0	25.56	69.25	1.1	15.34	9.0	0.0	2900.0	0.0	0.0
27198.0	25.57	69.29	1.1	15.34	9.0	0.0	2900.0	0.0	0.0
27252.0	25.58	69.26	1.1	15.29	9.0	0.0	2900.0	0.0	0.0
27316.0	25.63	69.28	1.1	15.3	9.0	0.0	2900.0	0.0	0.0
27370.0	25.62	69.26	1.1	15.35	9.0	0.0	2900.0	0.0	0.0
27429.0	25.59	69.25	1.1	15.51	9.0	0.0	2900.0	0.0	0.0
27489.0	25.63	69.25	1.1	15.56	9.0	0.0	2900.0	0.0	0.0
27543.0	25.57	69.25	1.1	15.53	9.0	0.0	2900.0	0.0	0.0
27607.0	25.62	69.25	1.1	15.56	9.0	0.0	2900.0	0.0	0.0
27671.0	25.62	69.23	1.1	15.51	9.0	0.0	2900.0	0.0	0.0
27725.0	25.61	69.26	1.1	15.46	9.0	0.0	2900.0	0.0	0.0
27789.0	25.57	69.24	1.1	15.4	9.0	0.0	2900.0	0.0	0.0
27848.0	25.64	69.26	1.1	15.28	9.0	0.0	2900.0	0.0	0.0
27902.0	25.65	69.21	1.1	15.26	9.0	0.0	2900.0	0.0	0.0
27962.0	25.6	69.2	1.1	15.23	9.0	0.0	2900.0	0.0	0.0
28016.0	25.63	69.22	1.11	15.17	9.0	0.0	2900.0	0.0	0.0
28076.0	25.48	69.07	1.12	15.18	9.0	0.0	2900.0	0.0	0.0
28134.0	25.33	68.96	1.11	15.28	9.0	0.0	2900.0	0.0	0.0
28188.0	25.5	69.18	1.1	15.3	9.0	0.0	2900.0	0.0	0.0
28242.0	25.53	69.15	1.11	15.23	9.0	0.0	2900.0	0.0	0.0
28302.0	25.53	69.21	1.11	15.14	9.0	0.0	2900.0	0.0	0.0
28361.0	25.54	69.22	1.11	15.23	9.0	0.0	2900.0	0.0	0.0
28421.0	25.3	68.66	1.11	15.39	9.0	0.0	2900.0	0.0	0.0
28475.0	25.28	68.74	1.11	15.44	9.0	0.0	2900.0	0.0	0.0
28529.0	25.43	69.02	1.1	15.46	9.0	0.0	2900.0	0.0	0.0
28593.0	25.5	69.11	1.11	15.37	9.0	0.0	2900.0	0.0	0.0
28647.0	25.6	69.17	1.11	15.31	9.0	0.0	2900.0	0.0	0.0
28701.0	25.59	69.16	1.11	15.27	9.0	0.0	2900.0	0.0	0.0
28761.0	25.59	69.17	1.11	15.16	9.0	0.0	2900.0	0.0	0.0
28815.0	25.65	69.14	1.11	15.09	9.0	0.0	2900.0	0.0	0.0
28874.0	25.61	69.16	1.11	15.29	9.0	0.0	2900.0	0.0	0.0
28933.0	25.68	69.19	1.11	15.43	9.0	0.0	2900.0	0.0	0.0
28992.0	25.62	69.17	1.11	15.5	9.0	0.0	2900.0	0.0	0.0
29053.0	25.69	69.19	1.11	15.56	9.0	0.0	2900.0	0.0	0.0
29111.0	25.59	69.01	1.12	15.42	9.0	0.0	2900.0	0.0	0.0
29169.0	25.65	69.05	1.12	15.36	9.0	0.0	2900.0	0.0	0.0
29229.0	25.71	69.12	1.12	15.28	9.0	0.0	2900.0	0.0	0.0
29293.0	25.7	69.19	1.11	15.19	9.0	0.0	2900.0	0.0	0.0
29347.0	25.69	69.22	1.12	15.26	9.0	0.0	2900.0	0.0	0.0
29406.0	25.59	69.15	1.11	15.37	9.0	0.0	2900.0	0.0	0.0
29465.0	25.65	69.14	1.11	15.36	9.0	0.0	2900.0	0.0	0.0
29530.0	25.64	69.1	1.11	15.39	9.0	0.0	2900.0	0.0	2.0
29589.0	25.63	69.11	1.11	15.38	9.0	0.0	2900.0	0.0	2.0
29647.0	25.62	69.1	1.11	15.56	9.0	0.0	2900.0	0.0	2.0
29707.0	25.66	69.14	1.11	15.53	9.0	0.0	2900.0	0.0	2.0
29766.0	25.61	69.08	1.11	15.59	9.0	0.0	2900.0	0.0	2.0
29831.0	25.65	69.12	1.11	15.69	9.0	0.0	2900.0	0.0	2.0
29889.0	25.65	69.09	1.11	15.96	9.0	0.0	2900.0	0.0	2.0
29948.0	25.67	69.14	1.11	16.02	9.0	0.0	2900.0	0.0	2.0
30008.0	25.66	69.08	1.11	16.16	9.0	0.0	2900.0	0.0	0.0
30067.0	25.65	68.99	1.11	16.01	9.0	0.0	2900.0	0.0	0.0
30121.0	25.65	69.04	1.11	15.79	9.0	0.0	2900.0	0.0	0.0
30185.0	25.63	69.02	1.11	15.64	9.0	0.0	2900.0	0.0	0.0
30239.0	25.66	68.97	1.11	15.55	9.0	0.0	2900.0	0.0	0.0
30304.0	25.6	68.96	1.11	15.54	9.0	0.0	2900.0	0.0	0.0
30362.0	25.66	68.95	1.11	15.46	9.0	0.0	2900.0	0.0	0.0
30422.0	25.62	68.95	1.11	15.45	9.0	0.0	2900.0	0.0	0.0
30481.0	25.63	68.98	1.11	15.36	9.0	0.0	2900.0	0.0	0.0
30535.0	25.38	68.78	1.11	15.41	9.0	0.0	2900.0	0.0	0.0
30595.0	25.38	68.8	1.11	15.48	9.0	0.0	2900.0	0.0	0.0
30654.0	25.61	68.92	1.11	15.32	9.0	0.0	2900.0	0.0	0.0
30708.0	25.58	68.92	1.11	15.23	9.0	0.0	2900.0	0.0	0.0
30767.0	25.6	68.93	1.11	15.13	9.0	0.0	2900.0	0.0	0.0
30826.0	25.54	68.95	1.11	15.24	9.0	0.0	2900.0	0.0	0.0
30885.0	25.28	68.65	1.11	15.5	9.0	0.0	2900.0	0.0	0.0
30945.0	25.41	68.76	1.11	15.63	9.0	0.0	2900.0	0.0	0.0
30999.0	25.48	68.91	1.11	15.58	9.0	0.0	2900.0	0.0	0.0
31057.0	25.52	68.89	1.11	15.41	9.0	0.0	2900.0	0.0	0.0
31112.0	25.57	68.9	1.11	15.31	9.0	0.0	2900.0	0.0	0.0
31171.0	25.54	68.95	1.11	15.27	9.0	0.0	2900.0	0.0	0.0
31230.0	25.43	68.58	1.11	15.27	9.0	0.0	2900.0	0.0	0.0
31290.0	25.48	68.65	1.11	15.32	9.0	0.0	2900.0	0.0	0.0
31353.0	25.55	68.81	1.11	15.42	9.0	0.0	2900.0	0.0	0.0
31408.0	25.61	68.81	1.11	15.44	9.0	0.0	2900.0	0.0	0.0
31472.0	25.62	68.84	1.11	15.48	9.0	0.0	2900.0	0.0	0.0
31532.0	25.59	68.83	1.11	15.5	9.0	0.0	2900.0	0.0	0.0
31595.0	25.63	68.8	1.11	15.41	9.0	0.0	2900.0	0.0	0.0
31654.0	25.59	68.82	1.11	15.42	9.0	0.0	2900.0	0.0	0.0
31714.0	25.64	68.85	1.11	15.33	9.0	0.0	2900.0	0.0	0.0
31768.0	25.58	68.85	1.11	15.27	9.0	0.0	2900.0	0.0	0.0
31832.0	25.63	68.88	1.11	15.35	9.0	0.0	2900.0	0.0	0.0
31886.0	25.67	68.87	1.11	15.41	9.0	0.0	2900.0	0.0	0.0
31945.0	25.61	68.85	1.11	15.47	9.0	0.0	2900.0	0.0	0.0
32005.0	25.67	68.86	1.11	15.45	9.0	0.0	2900.0	0.0	0.0
32059.0	25.66	68.86	1.11	15.49	9.0	0.0	2900.0	0.0	0.0
32122.0	25.63	68.87	1.11	15.46	9.0	0.0	2900.0	0.0	0.0
32177.0	25.68	68.86	1.11	15.54	9.0	0.0	2900.0	0.0	0.0
32236.0	25.69	68.85	1.11	15.63	9.0	0.0	2900.0	0.0	0.0
32295.0	25.67	68.86	1.11	15.55	9.0	0.0	2900.0	0.0	0.0
32355.0	25.65	68.86	1.11	15.62	9.0	0.0	2900.0	0.0	0.0
32413.0	25.64	68.87	1.11	15.54	9.0	0.0	2900.0	0.0	0.0
32467.0	25.6	68.85	1.11	15.57	9.0	0.0	2900.0	0.0	0.0
32527.0	25.57	68.79	1.11	15.47	9.0	0.0	2900.0	0.0	2.0
32586.0	25.64	68.85	1.11	15.43	9.0	0.0	2900.0	0.0	2.0
32641.0	25.65	68.82	1.11	15.41	9.0	0.0	2900.0	0.0	2.0
32700.0	25.61	68.83	1.11	15.4	9.0	0.0	2900.0	0.0	2.0
32754.0	25.6	68.84	1.11	15.28	9.0	0.0	2900.0	0.0	2.0
32813.0	25.57	68.83	1.11	15.3	9.0	0.0	2900.0	0.0	2.0
32872.0	25.7	68.86	1.11	15.17	9.0	0.0	2900.0	0.0	2.0
32931.0	25.46	68.42	1.11	15.2	9.0	0.0	2900.0	0.0	2.0
32991.0	25.26	68.34	1.11	15.33	9.0	0.0	2900.0	0.0	2.0
33045.0	25.46	68.7	1.11	15.31	9.0	0.0	2900.0	0.0	0.0
33103.0	25.5	68.78	1.11	15.22	9.0	0.0	2900.0	0.0	0.0
33163.0	25.58	68.82	1.11	15.11	9.0	0.0	2900.0	0.0	0.0
33217.0	25.61	68.82	1.11	15.09	9.0	0.0	2900.0	0.0	0.0
33276.0	25.14	68.7	1.11	15.14	9.0	0.0	2900.0	0.0	0.0
33336.0	25.15	68.52	1.11	15.41	9.0	0.0	2900.0	0.0	0.0
33394.0	25.39	68.68	1.11	15.52	9.0	0.0	2900.0	0.0	0.0
33459.0	25.5	68.75	1.11	15.43	9.0	0.0	2900.0	0.0	0.0
33527.0	25.57	68.79	1.11	15.35	9.0	0.0	2900.0	0.0	0.0
33587.0	25.55	68.79	1.11	15.39	9.0	0.0	2900.0	0.0	0.0
33646.0	25.58	68.76	1.11	15.4	9.0	0.0	2900.0	0.0	0.0
33695.0	25.61	68.78	1.11	15.41	9.0	0.0	2900.0	0.0	0.0
33755.0	25.57	68.75	1.11	15.45	9.0	0.0	2900.0	0.0	0.0
33814.0	25.58	68.72	1.12	15.47	9.0	0.0	2900.0	0.0	0.0
33868.0	25.6	68.75	1.11	15.49	9.0	0.0	2900.0	0.0	0.0
33927.0	25.55	68.76	1.11	15.49	9.0	0.0	2900.0	0.0	0.0
33981.0	25.6	68.79	1.11	15.47	9.0	0.0	2900.0	0.0	0.0
34035.0	25.61	68.76	1.12	15.3	9.0	0.0	2900.0	0.0	0.0
34095.0	25.65	68.75	1.11	15.22	9.0	0.0	2900.0	0.0	0.0
34154.0	25.63	68.79	1.11	15.13	9.0	0.0	2900.0	0.0	0.0
34213.0	25.57	68.74	1.11	15.17	9.0	0.0	2900.0	0.0	0.0
34272.0	25.6	68.77	1.11	15.11	9.0	0.0	2900.0	0.0	0.0
34326.0	25.62	68.79	1.11	15.14	9.0	0.0	2900.0	0.0	0.0
34385.0	25.57	68.74	1.11	15.16	9.0	0.0	2900.0	0.0	0.0
34445.0	25.56	68.72	1.11	15.14	9.0	0.0	2900.0	0.0	0.0
34499.0	25.56	68.68	1.11	15.19	9.0	0.0	2900.0	0.0	0.0
34563.0	25.54	68.64	1.11	15.37	9.0	0.0	2900.0	0.0	0.0
34617.0	25.6	68.66	1.11	15.42	9.0	0.0	2900.0	0.0	0.0
34676.0	25.56	68.64	1.11	15.52	9.0	0.0	2900.0	0.0	0.0
34736.0	25.62	68.63	1.11	15.45	9.0	0.0	2900.0	0.0	0.0
34790.0	25.61	68.61	1.11	15.52	9.0	0.0	2900.0	0.0	0.0
34849.0	25.65	68.62	1.11	15.54	9.0	0.0	2900.0	0.0	0.0
34908.0	25.62	68.6	1.11	15.46	9.0	0.0	2900.0	0.0	0.0
34972.0	25.58	68.59	1.11	15.5	9.0	0.0	2900.0	0.0	0.0
35026.0	25.6	68.55	1.11	15.52	9.0	0.0	2900.0	0.0	0.0
35091.0	25.64	68.51	1.11	15.57	9.0	0.0	2900.0	0.0	0.0
35149.0	25.65	68.53	1.11	15.54	9.0	0.0	2900.0	0.0	0.0
35209.0	25.57	68.52	1.11	15.58	9.0	0.0	2900.0	0.0	0.0
35268.0	25.61	68.54	1.11	15.53	9.0	0.0	2900.0	0.0	0.0
35332.0	25.56	68.57	1.11	15.5	9.0	0.0	2900.0	0.0	0.0
35386.0	25.29	68.27	1.12	15.63	9.0	0.0	2900.0	0.0	0.0
35450.0	25.26	68.26	1.11	15.74	9.0	0.0	2900.0	0.0	0.0
35510.0	25.47	68.54	1.11	15.59	9.0	0.0	2900.0	0.0	0.0
35564.0	25.64	68.81	1.11	15.49	9.0	0.0	2900.0	0.0	0.0
35623.0	25.68	68.83	1.11	15.44	9.0	0.0	2900.0	0.0	0.0
35682.0	25.72	68.83	1.12	15.49	9.0	0.0	2900.0	0.0	0.0
35746.0	25.22	68.19	1.12	15.76	9.0	0.0	2900.0	0.0	0.0
35806.0	25.29	68.32	1.11	16.04	9.0	0.0	2900.0	0.0	0.0
35869.0	25.45	68.46	1.11	16.0	9.0	0.0	2900.0	0.0	0.0
35929.0	25.49	68.49	1.12	16.06	9.0	0.0	2900.0	0.0	0.0
35983.0	25.5	68.45	1.12	16.08	9.0	0.0	2900.0	0.0	0.0
36042.0	25.59	68.47	1.12	16.02	9.0	0.0	2900.0	0.0	2.0
36102.0	25.6	68.45	1.12	16.05	9.0	0.0	2900.0	0.0	2.0
36160.0	25.64	68.46	1.12	16.03	9.0	0.0	2900.0	0.0	2.0
36214.0	25.59	68.46	1.12	15.99	9.0	0.0	2900.0	0.0	2.0
36274.0	25.55	68.43	1.12	15.94	9.0	0.0	2900.0	0.0	2.0
36333.0	25.58	68.44	1.12	15.88	9.0	0.0	2900.0	0.0	2.0
36397.0	25.58	68.43	1.12	15.81	9.0	0.0	2900.0	0.0	2.0
36451.0	25.61	68.44	1.12	15.74	9.0	0.0	2900.0	0.0	2.0
36515.0	25.57	68.43	1.12	15.68	9.0	0.0	2900.0	0.0	0.0
36570.0	25.53	68.45	1.12	15.6	9.0	0.0	2900.0	0.0	0.0
36619.0	25.58	68.51	1.12	15.57	9.0	0.0	2900.0	0.0	0.0
36678.0	25.56	68.46	1.12	15.54	9.0	0.0	2900.0	0.0	0.0
36742.0	25.59	68.46	1.12	15.74	9.0	0.0	2900.0	0.0	0.0
36801.0	25.62	68.46	1.12	15.92	9.0	0.0	2900.0	0.0	0.0
36860.0	25.65	68.46	1.12	15.97	9.0	0.0	2900.0	0.0	0.0
36915.0	25.63	68.47	1.12	16.03	9.0	0.0	2900.0	0.0	0.0
36969.0	25.57	68.44	1.12	16.02	9.0	0.0	2900.0	0.0	0.0
37032.0	25.6	68.48	1.12	15.94	9.0	0.0	2900.0	0.0	0.0
37083.0	25.62	68.45	1.12	15.96	9.0	0.0	2900.0	0.0	0.0
37141.0	25.55	68.42	1.12	15.92	9.0	0.0	2900.0	0.0	0.0
37200.0	25.61	68.47	1.12	15.87	9.0	0.0	2900.0	0.0	0.0
37255.0	25.61	68.45	1.12	15.77	9.0	0.0	2900.0	0.0	0.0
37319.0	25.62	68.47	1.12	15.75	9.0	0.0	2900.0	0.0	0.0
37373.0	25.64	68.45	1.12	15.75	9.0	0.0	2900.0	0.0	0.0
37432.0	25.56	68.42	1.12	15.81	9.0	0.0	2900.0	0.0	0.0
37491.0	25.52	68.44	1.12	15.63	9.0	0.0	2900.0	0.0	0.0
37540.0	25.57	68.44	1.12	15.86	9.0	0.0	2900.0	0.0	0.0
37600.0	25.58	68.42	1.12	16.18	9.0	0.0	2900.0	0.0	0.0
37659.0	25.56	68.43	1.12	16.3	9.0	0.0	2900.0	0.0	0.0
37719.0	25.56	68.41	1.12	16.17	9.0	0.0	2900.0	0.0	0.0
37782.0	25.17	68.31	1.12	16.02	9.0	0.0	2900.0	0.0	0.0
37841.0	24.99	68.04	1.12	16.18	9.0	0.0	2900.0	0.0	0.0
37901.0	25.32	68.24	1.11	16.23	9.0	0.0	2900.0	0.0	0.0
37964.0	25.46	68.31	1.11	16.17	9.0	0.0	2900.0	0.0	0.0
38024.0	25.56	68.38	1.12	16.05	9.0	0.0	2900.0	0.0	0.0
38086.0	25.65	68.45	1.12	16.09	9.0	0.0	2900.0	0.0	0.0
38142.0	25.54	68.12	1.13	16.06	9.0	0.0	2900.0	0.0	0.0
38201.0	25.31	68.02	1.12	16.17	9.0	0.0	2900.0	0.0	0.0
38265.0	25.63	68.39	1.12	15.99	9.0	0.0	2900.0	0.0	0.0
38320.0	25.69	68.41	1.12	15.85	9.0	0.0	2900.0	0.0	0.0
38374.0	25.64	68.37	1.12	15.87	9.0	0.0	2900.0	0.0	0.0
38433.0	25.63	68.36	1.12	15.9	9.0	0.0	2900.0	0.0	0.0
38488.0	25.58	68.37	1.12	16.02	9.0	0.0	2900.0	0.0	0.0
38546.0	25.52	68.34	1.12	16.14	9.0	0.0	2900.0	0.0	2.0
38600.0	25.58	68.39	1.12	16.17	9.0	0.0	2900.0	0.0	2.0
38654.0	25.51	68.4	1.12	16.18	9.0	0.0	2900.0	0.0	2.0
38714.0	25.49	68.42	1.12	16.27	9.0	0.0	2900.0	0.0	2.0
38773.0	25.68	68.47	1.12	16.37	9.0	0.0	2900.0	0.0	2.0
38828.0	25.72	68.38	1.12	16.39	9.0	0.0	2900.0	0.0	2.0
38887.0	25.65	68.33	1.12	16.43	9.0	0.0	2900.0	0.0	2.0
38945.0	25.63	68.36	1.12	16.47	9.0	0.0	2900.0	0.0	2.0
39005.0	25.59	68.39	1.12	16.59	9.0	0.0	2900.0	0.0	0.0
39064.0	25.61	68.44	1.12	16.65	9.0	0.0	2900.0	0.0	0.0
39118.0	25.59	68.41	1.12	16.7	9.0	0.0	2900.0	0.0	0.0
39178.0	25.65	68.39	1.12	16.81	9.0	0.0	2900.0	0.0	0.0
39232.0	25.68	68.39	1.12	16.98	9.0	0.0	2900.0	0.0	0.0
39286.0	25.63	68.27	1.12	17.1	9.0	0.0	2900.0	0.0	0.0
39350.0	25.58	68.27	1.12	17.24	9.0	0.0	2900.0	0.0	0.0
39399.0	25.61	68.29	1.12	17.14	9.0	0.0	2900.0	0.0	0.0
39458.0	25.59	68.32	1.12	16.82	9.0	0.0	2900.0	0.0	0.0
39518.0	25.72	68.4	1.12	16.61	9.0	0.0	2900.0	0.0	0.0
39572.0	25.79	68.33	1.12	16.51	9.0	0.0	2900.0	0.0	0.0
39635.0	25.74	68.25	1.12	16.46	9.0	0.0	2900.0	0.0	0.0
39690.0	25.71	68.23	1.12	16.43	9.0	0.0	2900.0	0.0	0.0
39749.0	25.62	68.19	1.12	16.48	9.0	0.0	2900.0	0.0	0.0
39809.0	25.7	68.12	1.12	16.51	9.0	0.0	2900.0	0.0	0.0
39868.0	25.64	68.11	1.12	16.57	9.0	0.0	2900.0	0.0	0.0
39931.0	25.58	68.08	1.12	16.61	9.0	0.0	2900.0	0.0	0.0
39991.0	25.49	68.09	1.12	16.7	9.0	0.0	2900.0	0.0	0.0
40050.0	25.55	68.11	1.12	16.65	9.0	0.0	2900.0	0.0	0.0
40110.0	25.52	68.12	1.12	16.68	9.0	0.0	2900.0	0.0	0.0
40168.0	25.53	68.09	1.12	16.62	9.0	0.0	2900.0	0.0	0.0
40238.0	25.36	67.74	1.12	16.56	9.0	0.0	2900.0	0.0	0.0
40297.0	25.33	67.68	1.12	16.66	9.0	0.0	2900.0	0.0	0.0
40355.0	25.44	67.87	1.11	16.76	9.0	0.0	2900.0	0.0	0.0
40415.0	25.57	67.96	1.12	16.61	9.0	0.0	2900.0	0.0	0.0
40474.0	25.61	68.03	1.12	16.52	9.0	0.0	2900.0	0.0	0.0
40534.0	25.67	68.12	1.12	16.43	9.0	0.0	2900.0	0.0	0.0
40588.0	25.29	67.96	1.13	16.47	9.0	0.0	2900.0	0.0	0.0
40646.0	25.15	67.78	1.12	16.8	9.0	0.0	2900.0	0.0	0.0
40706.0	25.46	68.02	1.11	16.84	9.0	0.0	2900.0	0.0	0.0
40755.0	25.49	68.04	1.12	16.77	9.0	0.0	2900.0	0.0	0.0
40819.0	25.56	68.0	1.12	16.77	9.0	0.0	2900.0	0.0	0.0
40873.0	25.61	68.05	1.12	16.75	9.0	0.0	2900.0	0.0	0.0
40933.0	25.58	68.08	1.12	16.72	9.0	0.0	2900.0	0.0	0.0
40991.0	25.47	68.04	1.12	16.66	9.0	0.0	2900.0	0.0	0.0
41046.0	25.53	68.05	1.12	16.63	9.0	0.0	2900.0	0.0	0.0
41105.0	25.48	68.02	1.12	16.62	9.0	0.0	2900.0	0.0	0.0
41164.0	25.56	68.04	1.12	16.53	9.0	0.0	2900.0	0.0	0.0
41224.0	25.56	68.01	1.12	16.52	9.0	0.0	2900.0	0.0	0.0
41283.0	25.63	68.07	1.12	16.54	9.0	0.0	2900.0	0.0	0.0
41336.0	25.65	68.04	1.12	16.54	9.0	0.0	2900.0	0.0	0.0
41396.0	25.58	68.03	1.12	16.5	9.0	0.0	2900.0	0.0	0.0
41455.0	25.57	68.04	1.12	16.24	9.0	0.0	2900.0	0.0	0.0
41515.0	25.53	68.03	1.12	16.17	9.0	0.0	2900.0	0.0	0.0
41569.0	25.67	68.03	1.12	16.12	9.0	0.0	2900.0	0.0	0.0
41628.0	25.67	68.03	1.12	16.32	9.0	0.0	2900.0	0.0	0.0
41681.0	25.6	68.01	1.12	16.51	9.0	0.0	2900.0	0.0	0.0
41741.0	25.56	68.04	1.12	16.5	9.0	0.0	2900.0	0.0	0.0
41795.0	25.64	68.05	1.12	16.59	9.0	0.0	2900.0	0.0	0.0
41849.0	25.61	68.05	1.12	16.63	9.0	0.0	2900.0	0.0	0.0
41914.0	25.57	68.05	1.12	16.63	9.0	0.0	2900.0	0.0	0.0
41963.0	25.56	68.04	1.12	16.59	9.0	0.0	2900.0	0.0	0.0
42017.0	25.6	68.04	1.12	16.62	9.0	0.0	2900.0	0.0	0.0
42077.0	25.64	68.05	1.12	16.62	9.0	0.0	2900.0	0.0	0.0
42135.0	25.62	68.07	1.12	16.41	9.0	0.0	2900.0	0.0	0.0
42194.0	25.55	68.01	1.12	16.27	9.0	0.0	2900.0	0.0	0.0
42254.0	25.65	68.02	1.12	16.18	9.0	0.0	2900.0	0.0	0.0
42308.0	25.56	68.01	1.12	16.13	9.0	0.0	2900.0	0.0	0.0
42368.0	25.34	67.84	1.12	16.32	9.0	0.0	2900.0	0.0	0.0
42422.0	25.52	67.98	1.11	16.44	9.0	0.0	2900.0	0.0	0.0
42480.0	25.49	67.99	1.12	16.38	9.0	0.0	2900.0	0.0	0.0
42534.0	25.5	68.01	1.12	16.31	9.0	0.0	2900.0	0.0	0.0
42594.0	25.59	68.02	1.12	16.28	9.0	0.0	2900.0	0.0	0.0
42648.0	25.53	67.99	1.12	16.53	9.0	0.0	2900.0	0.0	0.0
42713.0	25.63	68.01	1.12	16.56	9.0	0.0	2900.0	0.0	0.0
42762.0	25.61	68.05	1.12	16.57	9.0	0.0	2900.0	0.0	0.0
42825.0	25.6	68.0	1.12	16.68	9.0	0.0	2900.0	0.0	0.0
42880.0	25.64	68.02	1.12	16.45	9.0	0.0	2900.0	0.0	0.0
42939.0	25.53	68.0	1.12	16.26	9.0	0.0	2900.0	0.0	0.0
42998.0	25.55	67.99	1.12	16.17	9.0	0.0	2900.0	0.0	0.0
43053.0	25.58	68.01	1.12	16.15	9.0	0.0	2900.0	0.0	0.0
43112.0	25.51	67.94	1.12	16.35	9.0	0.0	2900.0	0.0	0.0
43170.0	25.61	67.99	1.12	16.39	9.0	0.0	2900.0	0.0	0.0
43230.0	25.56	67.95	1.12	16.49	9.0	0.0	2900.0	0.0	0.0
43284.0	25.57	68.04	1.12	16.51	9.0	0.0	2900.0	0.0	0.0
43338.0	25.57	68.02	1.11	16.48	9.0	0.0	2900.0	0.0	0.0
43403.0	25.53	67.97	1.1	16.22	9.0	0.0	2900.0	0.0	0.0
43462.0	25.58	67.99	1.1	16.01	9.0	0.0	2900.0	0.0	0.0
43511.0	25.61	67.93	1.09	15.98	9.0	0.0	2900.0	0.0	0.0
43580.0	25.6	67.96	1.1	16.02	9.0	0.0	2900.0	0.0	0.0
43634.0	25.58	67.95	1.1	16.19	9.0	0.0	2900.0	0.0	0.0
43694.0	25.54	67.97	1.11	16.27	9.0	0.0	2900.0	0.0	0.0
43753.0	25.58	67.96	1.11	16.33	9.0	0.0	2900.0	0.0	0.0
43811.0	25.53	67.93	1.12	16.37	9.0	0.0	2900.0	0.0	0.0
43871.0	25.61	67.98	1.12	16.31	9.0	0.0	2900.0	0.0	0.0
43930.0	25.49	67.94	1.12	16.35	9.0	0.0	2900.0	0.0	0.0
43990.0	25.55	68.0	1.13	16.31	9.0	0.0	2900.0	0.0	0.0
44044.0	24.75	67.79	1.13	16.38	9.0	0.0	2900.0	0.0	0.0
44107.0	24.86	67.56	1.12	16.3	9.0	0.0	2900.0	0.0	0.0
44162.0	25.29	67.76	1.12	16.11	9.0	0.0	2900.0	0.0	0.0
44221.0	25.38	67.76	1.13	15.98	9.0	0.0	2900.0	0.0	0.0
44275.0	25.47	67.86	1.13	15.95	9.0	0.0	2900.0	0.0	0.0
44329.0	25.59	67.84	1.13	16.04	9.0	0.0	2900.0	0.0	0.0
44393.0	25.55	67.84	1.13	16.26	9.0	0.0	2900.0	0.0	0.0
44452.0	25.71	67.8	1.13	16.24	9.0	0.0	2900.0	0.0	0.0
44502.0	25.68	67.82	1.12	16.32	9.0	0.0	2900.0	0.0	0.0
44566.0	26.26	67.82	1.13	16.26	9.0	0.0	2900.0	0.0	0.0
44620.0	26.2	67.8	1.13	15.99	9.0	0.0	2900.0	0.0	0.0
44675.0	25.92	67.76	1.13	15.87	9.0	0.0	2900.0	0.0	0.0
44738.0	25.99	67.72	1.13	15.81	9.0	0.0	2900.0	0.0	0.0
44792.0	25.81	67.71	1.13	15.82	9.0	0.0	2900.0	0.0	0.0
44852.0	25.67	67.74	1.13	15.96	9.0	0.0	2900.0	0.0	0.0
44911.0	25.69	67.75	1.13	15.98	9.0	0.0	2900.0	0.0	0.0
44965.0	25.6	67.68	1.13	15.99	9.0	0.0	2900.0	0.0	0.0
45029.0	25.66	67.74	1.13	15.97	9.0	0.0	2900.0	0.0	0.0
45083.0	25.61	67.68	1.13	16.1	9.0	0.0	2900.0	0.0	0.0
45148.0	25.53	67.74	1.13	16.11	9.0	0.0	2900.0	0.0	0.0
45207.0	25.51	67.73	1.13	16.14	9.0	0.0	2900.0	0.0	0.0
45271.0	25.62	67.72	1.13	16.08	9.0	0.0	2900.0	0.0	0.0
45335.0	25.58	67.65	1.13	16.22	9.0	0.0	2900.0	0.0	0.0
45394.0	25.65	67.67	1.13	16.18	9.0	0.0	2900.0	0.0	0.0
45449.0	25.66	67.65	1.14	16.18	9.0	0.0	2900.0	0.0	0.0
45507.0	25.67	67.69	1.14	16.25	9.0	0.0	2900.0	0.0	0.0
45561.0	25.7	67.72	1.14	16.05	9.0	0.0	2900.0	0.0	0.0
45621.0	25.64	67.67	1.13	15.95	9.0	0.0	2900.0	0.0	0.0
45685.0	25.63	67.68	1.14	15.91	9.0	0.0	2900.0	0.0	0.0
45740.0	25.6	67.69	1.14	16.01	9.0	0.0	2900.0	0.0	0.0
45799.0	25.65	67.69	1.14	16.18	9.0	0.0	2900.0	0.0	0.0
45853.0	25.65	67.68	1.14	16.51	9.0	0.0	2900.0	0.0	0.0
45912.0	25.62	67.66	1.13	16.66	9.0	0.0	2900.0	0.0	0.0
45971.0	25.64	67.66	1.14	16.78	9.0	0.0	2900.0	0.0	0.0
46025.0	25.73	67.65	1.14	16.86	9.0	0.0	2900.0	0.0	0.0
46085.0	25.62	67.62	1.13	16.7	9.0	0.0	2900.0	0.0	0.0
46144.0	25.29	67.48	1.15	16.48	9.0	0.0	2900.0	0.0	0.0
46198.0	25.19	67.34	1.14	16.54	9.0	0.0	2900.0	0.0	0.0
46252.0	25.37	67.45	1.13	16.67	9.0	0.0	2900.0	0.0	0.0
46311.0	25.5	67.58	1.13	16.29	9.0	0.0	2900.0	0.0	0.0
46365.0	25.48	67.61	1.13	16.07	9.0	0.0	2900.0	0.0	0.0
46430.0	25.52	67.62	1.14	15.89	9.0	0.0	2900.0	0.0	0.0
46484.0	25.4	67.3	1.14	15.86	9.0	0.0	2900.0	0.0	0.0
46538.0	25.31	67.24	1.14	16.14	9.0	0.0	2900.0	0.0	0.0
46597.0	25.41	67.4	1.13	16.45	9.0	0.0	2900.0	0.0	0.0
46651.0	25.54	67.56	1.13	16.5	9.0	0.0	2900.0	0.0	0.0
46705.0	25.53	67.59	1.13	16.59	9.0	0.0	2900.0	0.0	0.0
46765.0	25.59	67.62	1.13	16.63	9.0	0.0	2900.0	0.0	0.0
46824.0	25.6	67.62	1.13	16.41	9.0	0.0	2900.0	0.0	0.0
46883.0	25.56	67.58	1.13	16.32	9.0	0.0	2900.0	0.0	0.0
46943.0	25.55	67.55	1.13	16.25	9.0	0.0	2900.0	0.0	0.0
47006.0	25.59	67.59	1.13	16.23	9.0	0.0	2900.0	0.0	0.0
47060.0	25.62	67.59	1.14	16.22	9.0	0.0	2900.0	0.0	0.0
47120.0	25.57	67.57	1.13	16.27	9.0	0.0	2900.0	0.0	0.0
47179.0	25.55	67.58	1.14	16.24	9.0	0.0	2900.0	0.0	0.0
47234.0	25.58	67.56	1.14	16.3	9.0	0.0	2900.0	0.0	0.0
47292.0	25.62	67.54	1.13	16.31	9.0	0.0	2900.0	0.0	0.0
47346.0	25.6	67.62	1.13	16.22	9.0	0.0	2900.0	0.0	0.0
47400.0	25.58	67.62	1.13	16.16	9.0	0.0	2900.0	0.0	0.0
47460.0	25.51	67.6	1.13	16.24	9.0	0.0	2900.0	0.0	0.0
47514.0	25.59	67.62	1.14	16.22	9.0	0.0	2900.0	0.0	0.0
47568.0	25.6	67.63	1.14	16.25	9.0	0.0	2900.0	0.0	0.0
47628.0	25.58	67.56	1.13	16.29	9.0	0.0	2900.0	0.0	0.0
47686.0	25.51	67.52	1.14	16.21	9.0	0.0	2900.0	0.0	0.0
47740.0	25.58	67.57	1.14	16.22	9.0	0.0	2900.0	0.0	0.0
47800.0	25.53	67.54	1.13	16.22	9.0	0.0	2900.0	0.0	0.0
47854.0	25.54	67.54	1.14	16.22	9.0	0.0	2900.0	0.0	0.0
47913.0	25.54	67.53	1.14	16.11	9.0	0.0	2900.0	0.0	0.0
47968.0	25.5	67.55	1.14	16.24	9.0	0.0	2900.0	0.0	0.0
48027.0	25.6	67.56	1.14	16.24	9.0	0.0	2900.0	0.0	0.0
48086.0	25.55	67.54	1.14	16.27	9.0	0.0	2900.0	0.0	0.0
48145.0	25.56	67.53	1.14	16.18	9.0	0.0	2900.0	0.0	0.0
48199.0	25.6	67.53	1.14	16.18	9.0	0.0	2900.0	0.0	0.0
48259.0	25.53	67.52	1.13	16.16	9.0	0.0	2900.0	0.0	0.0
48318.0	25.57	67.55	1.14	15.98	9.0	0.0	2900.0	0.0	0.0
48377.0	25.53	67.5	1.13	15.89	9.0	0.0	2900.0	0.0	0.0
48436.0	25.51	67.49	1.14	15.83	9.0	0.0	2900.0	0.0	0.0
48490.0	25.5	67.47	1.14	15.89	9.0	0.0	2900.0	0.0	0.0
48560.0	25.58	67.42	1.14	16.12	9.0	0.0	2900.0	0.0	0.0
48609.0	25.32	67.2	1.13	16.26	9.0	0.0	2900.0	0.0	0.0
48672.0	25.32	67.18	1.13	16.5	9.0	0.0	2900.0	0.0	0.0
48732.0	25.45	67.32	1.13	16.51	9.0	0.0	2900.0	0.0	0.0
48786.0	25.46	67.27	1.13	16.43	9.0	0.0	2900.0	0.0	0.0
48845.0	25.48	67.29	1.13	16.35	9.0	0.0	2900.0	0.0	0.0
48900.0	25.45	67.34	1.13	16.27	9.0	0.0	2900.0	0.0	0.0
48963.0	25.06	66.99	1.14	16.46	9.0	0.0	2900.0	0.0	0.0
49017.0	25.27	67.06	1.13	16.37	9.0	0.0	2900.0	0.0	0.0
49077.0	25.36	67.27	1.13	16.2	9.0	0.0	2900.0	0.0	0.0
49136.0	25.42	67.27	1.13	16.01	9.0	0.0	2900.0	0.0	0.0
49190.0	25.48	67.3	1.14	15.92	9.0	0.0	2900.0	0.0	0.0
49250.0	25.46	67.28	1.13	15.91	9.0	0.0	2900.0	0.0	0.0
49308.0	25.5	67.3	1.14	15.79	9.0	0.0	2900.0	0.0	0.0
49362.0	25.48	67.26	1.14	15.79	9.0	0.0	2900.0	0.0	0.0
49427.0	25.5	67.3	1.14	15.82	9.0	0.0	2900.0	0.0	0.0
49481.0	25.56	67.28	1.14	15.83	9.0	0.0	2900.0	0.0	0.0
49546.0	25.53	67.26	1.14	15.82	9.0	0.0	2900.0	0.0	0.0
49599.0	25.52	67.28	1.14	15.82	9.0	0.0	2900.0	0.0	0.0
49664.0	25.17	67.07	1.14	16.0	9.0	0.0	2900.0	0.0	0.0
49723.0	25.36	67.2	1.14	16.03	9.0	0.0	2900.0	0.0	0.0
49777.0	25.39	67.24	1.14	16.15	9.0	0.0	2900.0	0.0	0.0
49837.0	25.47	67.24	1.14	16.26	9.0	0.0	2900.0	0.0	0.0
49891.0	25.48	67.25	1.14	16.3	9.0	0.0	2900.0	0.0	0.0
49949.0	25.5	67.21	1.14	16.33	9.0	0.0	2900.0	0.0	0.0
50009.0	25.55	67.22	1.14	16.14	9.0	0.0	2900.0	0.0	0.0
50068.0	25.49	67.2	1.14	16.05	9.0	0.0	2900.0	0.0	0.0
50131.0	25.48	67.26	1.14	15.94	9.0	0.0	2900.0	0.0	0.0
50186.0	25.41	67.23	1.14	15.97	9.0	0.0	2900.0	0.0	0.0
50250.0	25.49	67.27	1.14	15.86	9.0	0.0	2900.0	0.0	0.0
50305.0	25.48	67.25	1.14	15.88	9.0	0.0	2900.0	0.0	0.0
50369.0	25.5	67.24	1.14	15.91	9.0	0.0	2900.0	0.0	0.0
50423.0	25.52	67.23	1.14	15.91	9.0	0