Log created on 4-5-2018__14.41.7


Time	MAT	CHT	MAP	AFR	TPS	RPM	CCM	Cons	State
648.0	-307.98	-274.38	1.15	19.94	0.0	0.0	3600.0	0.0	0.0
714.0	-308.38	-274.63	1.15	19.96	0.0	0.0	3600.0	0.0	0.0
786.0	-308.6	-274.77	1.15	19.97	0.0	0.0	3600.0	0.0	0.0
851.0	-308.28	-274.67	1.15	19.97	0.0	0.0	3600.0	0.0	0.0
918.0	-308.54	-274.78	1.15	19.97	0.0	0.0	3600.0	0.0	0.0
990.0	-308.68	-274.84	1.15	19.98	0.0	0.0	3600.0	0.0	0.0
1061.0	-308.46	-274.35	1.15	19.98	0.0	0.0	3600.0	0.0	0.0
1124.0	-308.62	-274.6	1.15	19.98	0.0	0.0	3600.0	0.0	0.0
1191.0	-308.65	-274.16	1.15	19.98	0.0	0.0	3600.0	0.0	0.0
1259.0	-308.73	-274.52	1.15	19.98	0.0	0.0	3600.0	0.0	0.0
1321.0	-308.76	-273.38	1.16	19.98	0.0	0.0	3600.0	0.0	0.0
1383.0	-308.79	-274.08	1.16	19.98	0.0	0.0	3600.0	0.0	0.0
1440.0	-308.8	-274.43	1.15	19.98	0.0	0.0	3600.0	0.0	0.0
1503.0	-308.8	-273.78	1.16	19.98	0.0	0.0	3600.0	0.0	0.0
1575.0	-308.81	-274.35	1.15	19.98	0.0	0.0	3600.0	0.0	0.0
1643.0	-308.81	-274.52	1.16	19.98	0.0	0.0	3600.0	0.0	0.0
1704.0	-308.81	-274.7	1.15	19.98	0.0	0.0	3600.0	0.0	0.0
1767.0	-308.79	-274.79	1.16	19.97	0.0	0.0	3600.0	0.0	0.0
1835.0	-308.8	-274.84	1.16	19.98	0.0	0.0	3600.0	0.0	0.0
1892.0	-308.8	-274.87	1.17	19.97	0.0	0.0	3600.0	0.0	0.0
1958.0	-308.79	-274.88	1.16	19.98	0.0	0.0	3600.0	0.0	0.0
2021.0	-308.8	-274.89	1.17	19.96	0.0	0.0	3600.0	0.0	0.0
2088.0	-308.79	-274.9	1.16	19.97	0.0	0.0	3600.0	0.0	0.0
2151.0	-308.8	-274.9	1.15	19.98	0.0	0.0	3600.0	0.0	0.0
2213.0	-308.77	-274.88	1.16	19.97	0.0	0.0	3600.0	0.0	0.0
2270.0	-308.79	-274.89	1.15	19.98	0.0	0.0	3600.0	0.0	0.0
2337.0	-308.74	-274.88	1.15	19.96	0.0	0.0	3600.0	0.0	0.0
2400.0	-308.77	-274.89	1.15	19.97	0.0	0.0	3600.0	0.0	0.0
2467.0	-308.72	-274.87	1.15	19.95	0.0	0.0	3600.0	0.0	0.0
2529.0	-308.76	-274.89	1.15	19.97	0.0	0.0	3600.0	0.0	0.0
2591.0	-308.78	-274.89	1.15	19.96	0.0	0.0	3600.0	0.0	0.0
2654.0	-308.73	-274.87	1.15	19.97	0.0	0.0	3600.0	0.0	0.0
2716.0	-308.76	-274.88	1.15	19.98	0.0	0.0	3600.0	0.0	0.0
2772.0	-308.68	-274.84	1.15	19.98	0.0	0.0	3600.0	0.0	0.0
2830.0	-308.74	-274.87	1.15	19.98	0.0	0.0	3600.0	0.0	0.0
2892.0	-308.62	-274.83	1.15	19.98	0.0	0.0	3600.0	0.0	0.0
2955.0	-308.71	-274.86	1.15	19.98	0.0	0.0	3600.0	0.0	0.0
3016.0	-308.58	-274.81	1.15	19.98	0.0	0.0	3600.0	0.0	0.0
3074.0	-308.68	-274.85	1.15	19.98	0.0	0.0	3600.0	0.0	0.0
3136.0	-308.74	-274.87	1.15	19.98	0.0	0.0	3600.0	0.0	0.0
3198.0	-308.66	-274.81	1.15	19.98	0.0	0.0	3600.0	0.0	0.0
3255.0	-308.72	-274.85	1.15	19.98	0.0	0.0	3600.0	0.0	0.0
3317.0	-308.54	-274.78	1.15	19.98	0.0	0.0	3600.0	0.0	0.0
3380.0	-308.66	-274.84	1.15	19.98	0.0	0.0	3600.0	0.0	0.0
3442.0	-308.47	-274.72	1.15	19.98	0.0	0.0	3600.0	0.0	0.0
3520.0	-308.65	-274.82	1.15	19.98	0.0	0.0	3600.0	0.0	0.0
3581.0	-308.37	-274.71	1.15	19.98	0.0	0.0	3600.0	0.0	0.0
3649.0	-308.59	-274.8	1.15	19.98	0.0	0.0	3600.0	0.0	0.0
3712.0	-308.69	-274.85	1.15	19.98	0.0	0.0	3600.0	0.0	0.0
3779.0	-308.55	-274.79	1.15	19.98	0.0	0.0	3600.0	0.0	0.0
3841.0	-308.67	-274.84	1.15	19.98	0.0	0.0	3600.0	0.0	0.0
3898.0	-308.35	-274.71	1.15	19.98	0.0	0.0	3600.0	0.0	0.0
3996.0	-307.87	-274.59	1.15	19.98	0.0	0.0	3600.0	0.0	0.0
4054.0	-308.27	-274.72	1.15	19.98	0.0	0.0	3600.0	0.0	0.0
4116.0	-308.52	-274.8	1.15	19.98	0.0	0.0	3600.0	0.0	0.0
4178.0	-307.88	-274.63	1.15	19.98	0.0	0.0	3600.0	0.0	0.0
4235.0	-308.28	-274.75	1.15	19.98	0.0	0.0	3600.0	0.0	0.0
4297.0	-307.25	-274.55	1.15	19.98	0.0	0.0	3600.0	0.0	0.0
4360.0	-307.97	-274.71	1.15	19.98	0.0	0.0	3600.0	0.0	0.0
4427.0	-306.97	-274.27	1.15	19.98	0.0	0.0	3600.0	0.0	0.0
4484.0	-307.76	-274.54	1.16	19.98	0.0	0.0	3600.0	0.0	0.0
4541.0	-308.21	-274.7	1.15	19.98	0.0	0.0	3600.0	0.0	0.0
4624.0	-308.51	-274.46	1.16	19.98	0.0	0.0	3600.0	0.0	0.0
4697.0	-308.66	-273.66	1.16	19.98	0.0	0.0	3600.0	0.0	0.0
4774.0	-308.74	-274.32	1.16	19.98	0.0	0.0	3600.0	0.0	0.0
4832.0	-308.77	-274.57	1.15	19.98	0.0	0.0	3600.0	0.0	0.0
4893.0	-308.79	-273.94	1.16	19.98	0.0	0.0	3600.0	0.0	0.0
4951.0	-308.8	-274.35	1.15	19.98	0.0	0.0	3600.0	0.0	0.0
5013.0	-308.8	-274.37	1.16	19.98	0.0	0.0	3600.0	0.0	0.0
5070.0	-308.81	-274.6	1.16	19.98	0.0	0.0	3600.0	0.0	0.0
5132.0	-308.81	-274.68	1.16	19.97	0.0	0.0	3600.0	0.0	0.0
5189.0	-308.79	-274.78	1.16	19.98	0.0	0.0	3600.0	0.0	0.0
5252.0	-308.8	-274.83	1.15	19.98	0.0	0.0	3600.0	0.0	0.0
5308.0	-308.79	-274.86	1.16	19.97	0.0	0.0	3600.0	0.0	0.0
5370.0	-308.8	-274.88	1.15	19.98	0.0	0.0	3600.0	0.0	0.0
5428.0	-308.78	-274.89	1.17	19.97	0.0	0.0	3600.0	0.0	0.0
5490.0	-308.79	-274.89	1.16	19.98	0.0	0.0	3600.0	0.0	0.0
5547.0	-308.8	-274.9	1.16	19.97	0.0	0.0	3600.0	0.0	0.0
5604.0	-308.77	-274.9	1.16	19.97	0.0	0.0	3600.0	0.0	0.0
5671.0	-308.79	-274.9	1.15	19.98	0.0	0.0	3600.0	0.0	0.0
5729.0	-308.74	-274.88	1.15	19.97	0.0	0.0	3600.0	0.0	0.0
5790.0	-308.77	-274.89	1.15	19.97	0.0	0.0	3600.0	0.0	0.0
5848.0	-308.72	-274.87	1.15	19.95	0.0	0.0	3600.0	0.0	0.0
5905.0	-308.76	-274.89	1.15	19.97	0.0	0.0	3600.0	0.0	0.0
5966.0	-308.78	-274.89	1.15	19.95	0.0	0.0	3600.0	0.0	0.0
6024.0	-308.75	-274.88	1.15	19.96	0.0	0.0	3600.0	0.0	0.0
6086.0	-308.78	-274.89	1.15	19.97	0.0	0.0	3600.0	0.0	0.0
6149.0	-308.7	-274.86	1.15	19.97	0.0	0.0	3600.0	0.0	0.0
6205.0	-308.75	-274.88	1.15	19.98	0.0	0.0	3600.0	0.0	0.0
6267.0	-308.64	-274.83	1.15	19.98	0.0	0.0	3600.0	0.0	0.0
6325.0	-308.71	-274.86	1.15	19.98	0.0	0.0	3600.0	0.0	0.0
6387.0	-308.76	-274.88	1.15	19.98	0.0	0.0	3600.0	0.0	0.0
6444.0	-308.67	-274.85	1.15	19.98	0.0	0.0	3600.0	0.0	0.0
6506.0	-308.73	-274.87	1.15	19.98	0.0	0.0	3600.0	0.0	0.0
6568.0	-308.64	-274.84	1.15	19.98	0.0	0.0	3600.0	0.0	0.0
6626.0	-308.71	-274.86	1.15	19.98	0.0	0.0	3600.0	0.0	0.0
6687.0	-308.6	-274.78	1.15	19.98	0.0	0.0	3600.0	0.0	0.0
6745.0	-308.69	-274.83	1.15	19.98	0.0	0.0	3600.0	0.0	0.0
6807.0	-308.75	-274.86	1.15	19.98	0.0	0.0	3600.0	0.0	0.0
6863.0	-308.6	-274.78	1.15	19.98	0.0	0.0	3600.0	0.0	0.0
6926.0	-308.7	-274.84	1.15	19.98	0.0	0.0	3600.0	0.0	0.0
6988.0	-308.51	-274.75	1.15	19.98	0.0	0.0	3600.0	0.0	0.0
7046.0	-308.64	-274.82	1.15	19.98	0.0	0.0	3600.0	0.0	0.0
7107.0	-308.38	-274.72	1.15	19.98	0.0	0.0	3600.0	0.0	0.0
7170.0	-308.58	-274.8	1.15	19.98	0.0	0.0	3600.0	0.0	0.0
7232.0	-308.69	-274.85	1.15	19.98	0.0	0.0	3600.0	0.0	0.0
7289.0	-308.4	-274.72	1.15	19.98	0.0	0.0	3600.0	0.0	0.0
7351.0	-308.59	-274.81	1.15	19.98	0.0	0.0	3600.0	0.0	0.0
7413.0	-308.15	-274.68	1.15	19.98	0.0	0.0	3600.0	0.0	0.0
7476.0	-308.45	-274.78	1.15	19.98	0.0	0.0	3600.0	0.0	0.0
7533.0	-307.95	-274.63	1.15	19.98	0.0	0.0	3600.0	0.0	0.0
7595.0	-308.34	-274.75	1.15	19.98	0.0	0.0	3600.0	0.0	0.0
7652.0	-308.55	-274.82	1.15	19.98	0.0	0.0	3600.0	0.0	0.0
7719.0	-307.83	-274.68	1.15	19.98	0.0	0.0	3600.0	0.0	0.0
7777.0	-308.25	-274.77	1.15	19.98	0.0	0.0	3600.0	0.0	0.0
7838.0	-307.47	-274.5	1.15	19.98	0.0	0.0	3600.0	0.0	0.0
7896.0	-308.05	-274.67	1.15	19.98	0.0	0.0	3600.0	0.0	0.0
7958.0	-308.1	-274.22	1.16	19.98	0.0	0.0	3600.0	0.0	0.0
8015.0	-308.4	-274.51	1.15	19.98	0.0	0.0	3600.0	0.0	0.0
8077.0	-308.57	-274.01	1.16	19.98	0.0	0.0	3600.0	0.0	0.0
8134.0	-308.67	-274.39	1.16	19.98	0.0	0.0	3600.0	0.0	0.0
8192.0	-308.73	-274.61	1.15	19.98	0.0	0.0	3600.0	0.0	0.0
8253.0	-308.77	-273.78	1.16	19.98	0.0	0.0	3600.0	0.0	0.0
8310.0	-308.79	-274.26	1.16	19.98	0.0	0.0	3600.0	0.0	0.0
8368.0	-308.8	-273.29	1.16	19.97	0.0	0.0	3600.0	0.0	0.0
8435.0	-308.8	-274.07	1.16	19.98	0.0	0.0	3600.0	0.0	0.0
8492.0	-308.81	-274.43	1.15	19.98	0.0	0.0	3600.0	0.0	0.0
8554.0	-308.81	-274.46	1.16	19.98	0.0	0.0	3600.0	0.0	0.0
8611.0	-308.81	-274.65	1.15	19.98	0.0	0.0	3600.0	0.0	0.0
8669.0	-308.79	-274.76	1.16	19.97	0.0	0.0	3600.0	0.0	0.0
8730.0	-308.8	-274.82	1.16	19.98	0.0	0.0	3600.0	0.0	0.0
8787.0	-308.8	-274.86	1.17	19.97	0.0	0.0	3600.0	0.0	0.0
8850.0	-308.79	-274.88	1.16	19.97	0.0	0.0	3600.0	0.0	0.0
8906.0	-308.8	-274.89	1.15	19.98	0.0	0.0	3600.0	0.0	0.0
8964.0	-308.78	-274.89	1.16	19.97	0.0	0.0	3600.0	0.0	0.0
9021.0	-308.8	-274.9	1.15	19.98	0.0	0.0	3600.0	0.0	0.0
9083.0	-308.75	-274.9	1.16	19.97	0.0	0.0	3600.0	0.0	0.0
9140.0	-308.78	-274.9	1.15	19.97	0.0	0.0	3600.0	0.0	0.0
9197.0	-308.79	-274.9	1.15	19.95	0.0	0.0	3600.0	0.0	0.0
9260.0	-308.75	-274.88	1.15	19.97	0.0	0.0	3600.0	0.0	0.0
9316.0	-308.78	-274.89	1.15	19.97	0.0	0.0	3600.0	0.0	0.0
9373.0	-308.73	-274.88	1.15	19.95	0.0	0.0	3600.0	0.0	0.0
9436.0	-308.76	-274.89	1.15	19.96	0.0	0.0	3600.0	0.0	0.0
9493.0	-308.78	-274.89	1.15	19.96	0.0	0.0	3600.0	0.0	0.0
9549.0	-308.72	-274.87	1.15	19.97	0.0	0.0	3600.0	0.0	0.0
9612.0	-308.76	-274.88	1.15	19.97	0.0	0.0	3600.0	0.0	0.0
9674.0	-308.7	-274.85	1.15	19.98	0.0	0.0	3600.0	0.0	0.0
9737.0	-308.75	-274.87	1.15	19.98	0.0	0.0	3600.0	0.0	0.0
9793.0	-308.63	-274.83	1.15	19.98	0.0	0.0	3600.0	0.0	0.0
9850.0	-308.71	-274.86	1.15	19.98	0.0	0.0	3600.0	0.0	0.0
9918.0	-308.58	-274.81	1.15	19.98	0.0	0.0	3600.0	0.0	0.0
9975.0	-308.68	-274.85	1.15	19.98	0.0	0.0	3600.0	0.0	0.0
10038.0	-308.17	-274.63	1.15	19.98	0.0	0.0	3600.0	0.0	0.0
10096.0	-308.45	-274.75	1.15	19.98	0.0	0.0	3600.0	0.0	0.0
10159.0	-308.39	-274.73	1.15	19.98	0.0	0.0	3600.0	0.0	0.0
10217.0	-308.57	-274.8	1.15	19.98	0.0	0.0	3600.0	0.0	0.0
10269.0	-308.56	-274.79	1.15	19.98	0.0	0.0	3600.0	0.0	0.0
10328.0	-308.67	-274.84	1.15	19.98	0.0	0.0	3600.0	0.0	0.0
10391.0	-308.69	-274.85	1.15	19.98	0.0	0.0	3600.0	0.0	0.0
10454.0	-308.74	-274.87	1.15	19.98	0.0	0.0	3600.0	0.0	0.0
10512.0	-308.77	-274.89	1.15	19.98	0.0	0.0	3600.0	0.0	0.0
10570.0	-308.79	-274.89	1.15	19.98	0.0	0.0	3600.0	0.0	0.0
10633.0	-308.8	-274.9	1.15	19.96	0.0	0.0	3600.0	0.0	0.0
10696.0	-308.8	-274.9	1.15	19.97	0.0	0.0	3600.0	0.0	0.0
10755.0	-308.81	-274.88	1.16	19.97	0.0	0.0	3600.0	0.0	0.0
10812.0	-308.81	-274.89	1.16	19.98	0.0	0.0	3600.0	0.0	0.0
10875.0	-308.79	-274.51	1.15	19.98	0.0	0.0	3600.0	0.0	0.0
10934.0	-307.8	-274.39	1.16	19.98	0.0	0.0	3600.0	0.0	0.0
10991.0	-308.24	-274.61	1.15	19.98	0.0	0.0	3600.0	0.0	0.0
11055.0	-308.24	-274.64	1.15	19.98	0.0	0.0	3600.0	0.0	0.0
11118.0	-308.33	-274.69	1.15	19.98	0.0	0.0	3600.0	0.0	0.0
11170.0	-308.52	-274.78	1.15	19.98	0.0	0.0	3600.0	0.0	0.0
11239.0	-308.6	-274.82	1.15	19.98	0.0	0.0	3600.0	0.0	0.0
11297.0	-308.69	-274.85	1.15	19.98	0.0	0.0	3600.0	0.0	0.0
11356.0	-308.72	-274.87	1.15	19.98	0.0	0.0	3600.0	0.0	0.0
11413.0	-308.76	-274.88	1.15	19.98	0.0	0.0	3600.0	0.0	0.0
11482.0	-308.78	-274.89	1.15	19.98	0.0	0.0	3600.0	0.0	0.0
11540.0	-308.8	-274.9	1.15	19.96	0.0	0.0	3600.0	0.0	0.0
11597.0	-308.8	-274.9	1.16	19.96	0.0	0.0	3600.0	0.0	0.0
11666.0	-308.81	-274.9	1.16	19.97	0.0	0.0	3600.0	0.0	0.0
11724.0	-308.81	-274.37	1.16	19.97	0.0	0.0	3600.0	0.0	0.0
11782.0	-308.81	-274.6	1.16	19.97	0.0	0.0	3600.0	0.0	0.0
11840.0	-308.3	-274.28	1.16	19.97	0.0	0.0	3600.0	0.0	0.0
11904.0	-307.8	-274.33	1.15	19.98	0.0	0.0	3600.0	0.0	0.0
11961.0	-308.24	-274.58	1.15	19.98	0.0	0.0	3600.0	0.0	0.0
12019.0	-308.26	-274.59	1.15	19.98	0.0	0.0	3600.0	0.0	0.0
12078.0	-308.5	-274.72	1.15	19.98	0.0	0.0	3600.0	0.0	0.0
12145.0	-308.54	-274.77	1.15	19.98	0.0	0.0	3600.0	0.0	0.0
12209.0	-308.6	-274.81	1.15	19.98	0.0	0.0	3600.0	0.0	0.0
12272.0	-308.69	-274.85	1.15	19.98	0.0	0.0	3600.0	0.0	0.0
12331.0	-308.73	-274.87	1.15	19.98	0.0	0.0	3600.0	0.0	0.0
12388.0	-308.76	-274.88	1.15	19.98	0.0	0.0	3600.0	0.0	0.0
12451.0	-308.78	-274.89	1.15	19.98	0.0	0.0	3600.0	0.0	0.0
12515.0	-308.8	-274.9	1.15	19.96	0.0	0.0	3600.0	0.0	0.0
12567.0	-308.8	-274.9	1.15	19.97	0.0	0.0	3600.0	0.0	0.0
12631.0	-308.81	-274.9	1.17	19.97	0.0	0.0	3600.0	0.0	0.0
12699.0	-308.81	-273.77	1.16	19.97	0.0	0.0	3600.0	0.0	0.0
12751.0	-308.81	-274.23	1.16	19.98	0.0	0.0	3600.0	0.0	0.0
12815.0	-307.72	-274.31	1.16	19.98	0.0	0.0	3600.0	0.0	0.0
12878.0	-307.85	-274.43	1.15	19.98	0.0	0.0	3600.0	0.0	0.0
12936.0	-308.26	-274.63	1.15	19.98	0.0	0.0	3600.0	0.0	0.0
12999.0	-308.37	-274.66	1.15	19.98	0.0	0.0	3600.0	0.0	0.0
13058.0	-308.56	-274.77	1.15	19.98	0.0	0.0	3600.0	0.0	0.0
13121.0	-308.59	-274.78	1.15	19.98	0.0	0.0	3600.0	0.0	0.0
13178.0	-308.64	-274.81	1.15	19.98	0.0	0.0	3600.0	0.0	0.0
13247.0	-308.72	-274.85	1.15	19.98	0.0	0.0	3600.0	0.0	0.0
13305.0	-308.76	-274.87	1.15	19.98	0.0	0.0	3600.0	0.0	0.0
13363.0	-308.78	-274.89	1.15	19.98	0.0	0.0	3600.0	0.0	0.0
13426.0	-308.79	-274.89	1.15	19.98	0.0	0.0	3600.0	0.0	0.0
13490.0	-308.8	-274.9	1.15	19.97	0.0	0.0	3600.0	0.0	0.0
13553.0	-308.81	-274.9	1.15	19.98	0.0	0.0	3600.0	0.0	0.0
13616.0	-308.81	-274.86	1.16	19.98	0.0	0.0	3600.0	0.0	0.0
13674.0	-308.79	-274.29	1.16	19.97	0.0	0.0	3600.0	0.0	0.0
13737.0	-308.8	-274.57	1.15	19.98	0.0	0.0	3600.0	0.0	0.0
13795.0	-308.27	-274.48	1.15	19.98	0.0	0.0	3600.0	0.0	0.0
13853.0	-308.5	-274.66	1.15	19.98	0.0	0.0	3600.0	0.0	0.0
13912.0	-308.41	-274.67	1.15	19.98	0.0	0.0	3600.0	0.0	0.0
13974.0	-308.45	-274.72	1.15	19.98	0.0	0.0	3600.0	0.0	0.0
14032.0	-308.6	-274.8	1.15	19.98	0.0	0.0	3600.0	0.0	0.0
14096.0	-308.65	-274.83	1.15	19.98	0.0	0.0	3600.0	0.0	0.0
14158.0	-308.7	-274.86	1.15	19.98	0.0	0.0	3600.0	0.0	0.0
14222.0	-308.75	-274.88	1.15	19.98	0.0	0.0	3600.0	0.0	0.0
14275.0	-308.77	-274.89	1.15	19.98	0.0	0.0	3600.0	0.0	0.0
14338.0	-308.79	-274.89	1.15	19.95	0.0	0.0	3600.0	0.0	0.0
14396.0	-308.8	-274.9	1.15	19.96	0.0	0.0	3600.0	0.0	0.0
14459.0	-308.8	-274.9	1.16	19.96	0.0	0.0	3600.0	0.0	0.0
14517.0	-308.81	-274.9	1.16	19.97	0.0	0.0	3600.0	0.0	0.0
14580.0	-308.81	-274.45	1.16	19.97	0.0	0.0	3600.0	0.0	0.0
14639.0	-307.25	-274.14	1.16	19.97	0.0	0.0	3600.0	0.0	0.0
14702.0	-307.97	-274.49	1.15	19.98	0.0	0.0	3600.0	0.0	0.0
14776.0	-308.0	-274.53	1.15	19.98	0.0	0.0	3600.0	0.0	0.0
14838.0	-308.1	-274.57	1.15	19.98	0.0	0.0	3600.0	0.0	0.0
14902.0	-308.43	-274.72	1.15	19.98	0.0	0.0	3600.0	0.0	0.0
14960.0	-308.45	-274.74	1.15	19.98	0.0	0.0	3600.0	0.0	0.0
15017.0	-308.61	-274.81	1.15	19.98	0.0	0.0	3600.0	0.0	0.0
15081.0	-308.65	-274.84	1.15	19.98	0.0	0.0	3600.0	0.0	0.0
15139.0	-308.69	-274.86	1.15	19.98	0.0	0.0	3600.0	0.0	0.0
15197.0	-308.74	-274.88	1.15	19.98	0.0	0.0	3600.0	0.0	0.0
15255.0	-308.77	-274.89	1.15	19.98	0.0	0.0	3600.0	0.0	0.0
15324.0	-308.79	-274.89	1.15	19.95	0.0	0.0	3600.0	0.0	0.0
15376.0	-308.8	-274.9	1.15	19.96	0.0	0.0	3600.0	0.0	0.0
15434.0	-308.8	-274.9	1.16	19.97	0.0	0.0	3600.0	0.0	0.0
15498.0	-308.81	-274.9	1.16	19.97	0.0	0.0	3600.0	0.0	0.0
15555.0	-308.81	-273.93	1.16	19.97	0.0	0.0	3600.0	0.0	0.0
15613.0	-308.81	-274.35	1.15	19.98	0.0	0.0	3600.0	0.0	0.0
15671.0	-307.87	-274.39	1.16	19.98	0.0	0.0	3600.0	0.0	0.0
15729.0	-307.94	-274.47	1.15	19.98	0.0	0.0	3600.0	0.0	0.0
15793.0	-308.34	-274.67	1.15	19.98	0.0	0.0	3600.0	0.0	0.0
15856.0	-308.44	-274.7	1.15	19.98	0.0	0.0	3600.0	0.0	0.0
15913.0	-308.6	-274.79	1.15	19.98	0.0	0.0	3600.0	0.0	0.0
15977.0	-308.62	-274.81	1.15	19.98	0.0	0.0	3600.0	0.0	0.0
16035.0	-308.66	-274.85	1.15	19.98	0.0	0.0	3600.0	0.0	0.0
16093.0	-308.73	-274.87	1.15	19.98	0.0	0.0	3600.0	0.0	0.0
16151.0	-308.76	-274.88	1.15	19.98	0.0	0.0	3600.0	0.0	0.0
16215.0	-308.78	-274.89	1.15	19.98	0.0	0.0	3600.0	0.0	0.0
16272.0	-308.8	-274.89	1.15	19.98	0.0	0.0	3600.0	0.0	0.0
16335.0	-308.8	-274.9	1.15	19.97	0.0	0.0	3600.0	0.0	0.0
16394.0	-308.81	-274.9	1.15	19.98	0.0	0.0	3600.0	0.0	0.0
16456.0	-308.81	-274.71	1.16	19.98	0.0	0.0	3600.0	0.0	0.0
16515.0	-308.49	-274.21	1.16	19.97	0.0	0.0	3600.0	0.0	0.0
16573.0	-308.63	-274.51	1.15	19.98	0.0	0.0	3600.0	0.0	0.0
16630.0	-308.14	-274.5	1.15	19.98	0.0	0.0	3600.0	0.0	0.0
16694.0	-308.45	-274.68	1.15	19.98	0.0	0.0	3600.0	0.0	0.0
16757.0	-308.46	-274.7	1.15	19.98	0.0	0.0	3600.0	0.0	0.0
16826.0	-308.5	-274.74	1.15	19.98	0.0	0.0	3600.0	0.0	0.0
16905.0	-308.59	-274.81	1.15	19.98	0.0	0.0	3600.0	0.0	0.0
16962.0	-308.69	-274.85	1.15	19.98	0.0	0.0	3600.0	0.0	0.0
17020.0	-308.72	-274.87	1.15	19.98	0.0	0.0	3600.0	0.0	0.0
17079.0	-308.76	-274.88	1.15	19.98	0.0	0.0	3600.0	0.0	0.0
17136.0	-308.78	-274.89	1.15	19.98	0.0	0.0	3600.0	0.0	0.0
17195.0	-308.79	-274.89	1.15	19.96	0.0	0.0	3600.0	0.0	0.0
17252.0	-308.8	-274.9	1.15	19.97	0.0	0.0	3600.0	0.0	0.0
17310.0	-308.8	-274.9	1.17	19.97	0.0	0.0	3600.0	0.0	0.0
17374.0	-308.81	-274.9	1.16	19.97	0.0	0.0	3600.0	0.0	0.0
17437.0	-308.81	-274.11	1.16	19.97	0.0	0.0	3600.0	0.0	0.0
17495.0	-307.47	-274.06	1.16	19.98	0.0	0.0	3600.0	0.0	0.0
17553.0	-308.05	-274.42	1.15	19.98	0.0	0.0	3600.0	0.0	0.0
17616.0	-308.0	-274.53	1.15	19.98	0.0	0.0	3600.0	0.0	0.0
17674.0	-308.35	-274.69	1.15	19.98	0.0	0.0	3600.0	0.0	0.0
17732.0	-308.38	-274.72	1.15	19.98	0.0	0.0	3600.0	0.0	0.0
17796.0	-308.47	-274.74	1.15	19.98	0.0	0.0	3600.0	0.0	0.0
17853.0	-308.62	-274.81	1.15	19.98	0.0	0.0	3600.0	0.0	0.0
17911.0	-308.66	-274.83	1.15	19.98	0.0	0.0	3600.0	0.0	0.0
17969.0	-308.73	-274.86	1.15	19.98	0.0	0.0	3600.0	0.0	0.0
18027.0	-308.75	-274.88	1.15	19.98	0.0	0.0	3600.0	0.0	0.0
18091.0	-308.78	-274.89	1.15	19.98	0.0	0.0	3600.0	0.0	0.0
18153.0	-308.79	-274.89	1.15	19.98	0.0	0.0	3600.0	0.0	0.0
18211.0	-308.8	-274.9	1.15	19.97	0.0	0.0	3600.0	0.0	0.0
18275.0	-308.8	-274.88	1.16	19.97	0.0	0.0	3600.0	0.0	0.0
18332.0	-308.81	-274.89	1.16	19.98	0.0	0.0	3600.0	0.0	0.0
18391.0	-308.79	-274.39	1.16	19.98	0.0	0.0	3600.0	0.0	0.0
18449.0	-308.8	-274.61	1.15	19.98	0.0	0.0	3600.0	0.0	0.0
18511.0	-308.34	-274.55	1.16	19.98	0.0	0.0	3600.0	0.0	0.0
18570.0	-308.21	-274.56	1.15	19.98	0.0	0.0	3600.0	0.0	0.0
18628.0	-308.47	-274.71	1.15	19.98	0.0	0.0	3600.0	0.0	0.0
18685.0	-308.48	-274.74	1.15	19.98	0.0	0.0	3600.0	0.0	0.0
18744.0	-308.62	-274.81	1.15	19.98	0.0	0.0	3600.0	0.0	0.0
18807.0	-308.66	-274.84	1.15	19.98	0.0	0.0	3600.0	0.0	0.0
18870.0	-308.71	-274.87	1.15	19.98	0.0	0.0	3600.0	0.0	0.0
18923.0	-308.75	-274.88	1.15	19.98	0.0	0.0	3600.0	0.0	0.0
18992.0	-308.78	-274.89	1.15	19.98	0.0	0.0	3600.0	0.0	0.0
19049.0	-308.79	-274.89	1.15	19.95	0.0	0.0	3600.0	0.0	0.0
19107.0	-308.8	-274.9	1.15	19.97	0.0	0.0	3600.0	0.0	0.0
19171.0	-308.8	-274.9	1.16	19.96	0.0	0.0	3600.0	0.0	0.0
19228.0	-308.81	-274.9	1.16	19.97	0.0	0.0	3600.0	0.0	0.0
19292.0	-308.81	-274.07	1.16	19.97	0.0	0.0	3600.0	0.0	0.0
19345.0	-307.33	-273.93	1.16	19.97	0.0	0.0	3600.0	0.0	0.0
19402.0	-307.97	-274.35	1.15	19.98	0.0	0.0	3600.0	0.0	0.0
19461.0	-307.87	-274.39	1.15	19.98	0.0	0.0	3600.0	0.0	0.0
19524.0	-308.3	-274.62	1.15	19.98	0.0	0.0	3600.0	0.0	0.0
19587.0	-308.36	-274.67	1.15	19.98	0.0	0.0	3600.0	0.0	0.0
19640.0	-308.37	-274.69	1.15	19.98	0.0	0.0	3600.0	0.0	0.0
19697.0	-308.56	-274.78	1.14	19.98	0.0	0.0	3600.0	0.0	0.0
19761.0	-308.61	-274.82	1.15	19.98	0.0	0.0	3600.0	0.0	0.0
19819.0	-308.7	-274.85	1.15	19.98	0.0	0.0	3600.0	0.0	0.0
19876.0	-308.73	-274.87	1.15	19.98	0.0	0.0	3600.0	0.0	0.0
19935.0	-308.76	-274.88	1.15	19.98	0.0	0.0	3600.0	0.0	0.0
19998.0	-308.78	-274.89	1.15	19.98	0.0	0.0	3600.0	0.0	0.0
20056.0	-308.8	-274.9	1.15	19.97	0.0	0.0	3600.0	0.0	0.0
20119.0	-308.8	-274.9	1.17	19.96	0.0	0.0	3600.0	0.0	0.0
20183.0	-308.81	-274.9	1.16	19.97	0.0	0.0	3600.0	0.0	0.0
20251.0	-308.81	-274.01	1.16	19.97	0.0	0.0	3600.0	0.0	0.0
20320.0	-307.25	-274.12	1.16	19.98	0.0	0.0	3600.0	0.0	0.0
20377.0	-307.92	-274.45	1.15	19.98	0.0	0.0	3600.0	0.0	0.0
20441.0	-308.03	-274.53	1.15	19.98	0.0	0.0	3600.0	0.0	0.0
20504.0	-308.39	-274.7	1.15	19.98	0.0	0.0	3600.0	0.0	0.0
20568.0	-308.47	-274.72	1.15	19.98	0.0	0.0	3600.0	0.0	0.0
20625.0	-308.5	-274.76	1.15	19.98	0.0	0.0	3600.0	0.0	0.0
20688.0	-308.64	-274.82	1.15	19.98	0.0	0.0	3600.0	0.0	0.0
20747.0	-308.68	-274.86	1.15	19.98	0.0	0.0	3600.0	0.0	0.0
20804.0	-308.73	-274.88	1.15	19.98	0.0	0.0	3600.0	0.0	0.0
20862.0	-308.77	-274.89	1.15	19.98	0.0	0.0	3600.0	0.0	0.0
20926.0	-308.79	-274.89	1.15	19.98	0.0	0.0	3600.0	0.0	0.0
20978.0	-308.8	-274.9	1.15	19.98	0.0	0.0	3600.0	0.0	0.0
21037.0	-308.8	-274.9	1.15	19.97	0.0	0.0	3600.0	0.0	0.0
21099.0	-308.81	-274.57	1.16	19.97	0.0	0.0	3600.0	0.0	0.0
21163.0	-308.81	-274.72	1.16	19.98	0.0	0.0	3600.0	0.0	0.0
21221.0	-308.51	-274.24	1.16	19.97	0.0	0.0	3600.0	0.0	0.0
21273.0	-308.63	-274.51	1.15	19.98	0.0	0.0	3600.0	0.0	0.0
21331.0	-308.14	-274.5	1.15	19.98	0.0	0.0	3600.0	0.0	0.0
21395.0	-308.45	-274.68	1.15	19.98	0.0	0.0	3600.0	0.0	0.0
21457.0	-308.46	-274.7	1.15	19.98	0.0	0.0	3600.0	0.0	0.0
21516.0	-308.46	-274.73	1.15	19.98	0.0	0.0	3600.0	0.0	0.0
21574.0	-308.61	-274.8	1.15	19.98	0.0	0.0	3600.0	0.0	0.0
21637.0	-308.65	-274.83	1.15	19.98	0.0	0.0	3600.0	0.0	0.0
21695.0	-308.72	-274.86	1.15	19.98	0.0	0.0	3600.0	0.0	0.0
21753.0	-308.74	-274.88	1.15	19.98	0.0	0.0	3600.0	0.0	0.0
21811.0	-308.77	-274.89	1.15	19.98	0.0	0.0	3600.0	0.0	0.0
21874.0	-308.79	-274.89	1.15	19.98	0.0	0.0	3600.0	0.0	0.0
21938.0	-308.8	-274.9	1.15	19.96	0.0	0.0	3600.0	0.0	0.0
21995.0	-308.8	-274.9	1.17	19.96	0.0	0.0	3600.0	0.0	0.0
22059.0	-308.81	-274.9	1.16	19.97	0.0	0.0	3600.0	0.0	0.0
22117.0	-308.81	-273.93	1.16	19.97	0.0	0.0	3600.0	0.0	0.0
22174.0	-308.81	-274.35	1.16	19.98	0.0	0.0	3600.0	0.0	0.0
22233.0	-307.87	-274.31	1.16	19.98	0.0	0.0	3600.0	0.0	0.0
22296.0	-307.82	-274.45	1.15	19.98	0.0	0.0	3600.0	0.0	0.0
22359.0	-308.27	-274.66	1.15	19.98	0.0	0.0	3600.0	0.0	0.0
22417.0	-308.31	-274.69	1.15	19.98	0.0	0.0	3600.0	0.0	0.0
22475.0	-308.53	-274.78	1.15	19.98	0.0	0.0	3600.0	0.0	0.0
22538.0	-308.59	-274.81	1.15	19.98	0.0	0.0	3600.0	0.0	0.0
22596.0	-308.64	-274.83	1.15	19.98	0.0	0.0	3600.0	0.0	0.0
22660.0	-308.72	-274.86	1.15	19.98	0.0	0.0	3600.0	0.0	0.0
22717.0	-308.76	-274.88	1.15	19.98	0.0	0.0	3600.0	0.0	0.0
22780.0	-308.78	-274.89	1.15	19.98	0.0	0.0	3600.0	0.0	0.0
22834.0	-308.79	-274.89	1.15	19.98	0.0	0.0	3600.0	0.0	0.0
22896.0	-308.8	-274.9	1.15	19.97	0.0	0.0	3600.0	0.0	0.0
22960.0	-308.8	-274.88	1.16	19.97	0.0	0.0	3600.0	0.0	0.0
23018.0	-308.81	-274.89	1.16	19.98	0.0	0.0	3600.0	0.0	0.0
23075.0	-308.79	-274.31	1.16	19.97	0.0	0.0	3600.0	0.0	0.0
23139.0	-308.8	-274.58	1.15	19.98	0.0	0.0	3600.0	0.0	0.0
23197.0	-308.27	-274.49	1.16	19.98	0.0	0.0	3600.0	0.0	0.0
23260.0	-308.14	-274.52	1.15	19.98	0.0	0.0	3600.0	0.0	0.0
23318.0	-308.43	-274.69	1.15	19.98	0.0	0.0	3600.0	0.0	0.0
23376.0	-308.45	-274.72	1.15	19.98	0.0	0.0	3600.0	0.0	0.0
23439.0	-308.61	-274.8	1.15	19.98	0.0	0.0	3600.0	0.0	0.0
23497.0	-308.65	-274.83	1.15	19.98	0.0	0.0	3600.0	0.0	0.0
23556.0	-308.72	-274.86	1.15	19.98	0.0	0.0	3600.0	0.0	0.0
23618.0	-308.75	-274.88	1.15	19.98	0.0	0.0	3600.0	0.0	0.0
23682.0	-308.77	-274.89	1.15	19.98	0.0	0.0	3600.0	0.0	0.0
23740.0	-308.79	-274.89	1.15	19.95	0.0	0.0	3600.0	0.0	0.0
23797.0	-308.8	-274.9	1.15	19.96	0.0	0.0	3600.0	0.0	0.0
23861.0	-308.8	-274.9	1.16	19.96	0.0	0.0	3600.0	0.0	0.0
23919.0	-308.81	-274.9	1.16	19.97	0.0	0.0	3600.0	0.0	0.0
23976.0	-308.81	-274.79	1.17	19.97	0.0	0.0	3600.0	0.0	0.0
24040.0	-308.44	-274.16	1.16	19.97	0.0	0.0	3600.0	0.0	0.0
24103.0	-308.61	-274.5	1.16	19.98	0.0	0.0	3600.0	0.0	0.0
24156.0	-308.03	-274.45	1.16	19.98	0.0	0.0	3600.0	0.0	0.0
24219.0	-308.39	-274.66	1.15	19.98	0.0	0.0	3600.0	0.0	0.0
24283.0	-308.4	-274.67	1.15	19.98	0.0	0.0	3600.0	0.0	0.0
24335.0	-308.57	-274.76	1.15	19.98	0.0	0.0	3600.0	0.0	0.0
24398.0	-308.58	-274.79	1.15	19.98	0.0	0.0	3600.0	0.0	0.0
24457.0	-308.61	-274.82	1.15	19.98	0.0	0.0	3600.0	0.0	0.0
24514.0	-308.7	-274.85	1.15	19.98	0.0	0.0	3600.0	0.0	0.0
24578.0	-308.73	-274.87	1.15	19.98	0.0	0.0	3600.0	0.0	0.0
24636.0	-308.77	-274.89	1.15	19.98	0.0	0.0	3600.0	0.0	0.0
24693.0	-308.78	-274.89	1.15	19.98	0.0	0.0	3600.0	0.0	0.0
24757.0	-308.8	-274.9	1.15	19.96	0.0	0.0	3600.0	0.0	0.0
24820.0	-308.8	-274.9	1.17	19.96	0.0	0.0	3600.0	0.0	0.0
24872.0	-308.81	-274.9	1.16	19.97	0.0	0.0	3600.0	0.0	0.0
24936.0	-308.81	-273.71	1.16	19.97	0.0	0.0	3600.0	0.0	0.0
24999.0	-308.81	-274.26	1.16	19.98	0.0	0.0	3600.0	0.0	0.0
25057.0	-307.72	-274.31	1.16	19.98	0.0	0.0	3600.0	0.0	0.0
25115.0	-308.19	-274.56	1.15	19.98	0.0	0.0	3600.0	0.0	0.0
25179.0	-308.26	-274.63	1.15	19.98	0.0	0.0	3600.0	0.0	0.0
25242.0	-308.37	-274.66	1.15	19.98	0.0	0.0	3600.0	0.0	0.0
25299.0	-308.56	-274.77	1.15	19.98	0.0	0.0	3600.0	0.0	0.0
25363.0	-308.59	-274.8	1.15	19.98	0.0	0.0	3600.0	0.0	0.0
25426.0	-308.65	-274.85	1.15	19.98	0.0	0.0	3600.0	0.0	0.0
25479.0	-308.71	-274.87	1.15	19.98	0.0	0.0	3600.0	0.0	0.0
25537.0	-308.75	-274.88	1.15	19.98	0.0	0.0	3600.0	0.0	0.0
25600.0	-308.78	-274.89	1.15	19.97	0.0	0.0	3600.0	0.0	0.0
25663.0	-308.79	-274.89	1.15	19.97	0.0	0.0	3600.0	0.0	0.0
25721.0	-308.8	-274.9	1.15	19.97	0.0	0.0	3600.0	0.0	0.0
25785.0	-308.8	-274.9	1.15	19.97	0.0	0.0	3600.0	0.0	0.0
25859.0	-308.81	-274.71	1.16	19.97	0.0	0.0	3600.0	0.0	0.0
25921.0	-308.51	-274.24	1.16	19.97	0.0	0.0	3600.0	0.0	0.0
25985.0	-308.65	-274.55	1.15	19.98	0.0	0.0	3600.0	0.0	0.0
26048.0	-308.24	-274.56	1.15	19.98	0.0	0.0	3600.0	0.0	0.0
26106.0	-308.22	-274.56	1.15	19.98	0.0	0.0	3600.0	0.0	0.0
26164.0	-308.48	-274.71	1.15	19.98	0.0	0.0	3600.0	0.0	0.0
26222.0	-308.48	-274.74	1.15	19.98	0.0	0.0	3600.0	0.0	0.0
26286.0	-308.63	-274.81	1.15	19.98	0.0	0.0	3600.0	0.0	0.0
26343.0	-308.66	-274.83	1.15	19.98	0.0	0.0	3600.0	0.0	0.0
26406.0	-308.7	-274.86	1.15	19.98	0.0	0.0	3600.0	0.0	0.0
26470.0	-308.75	-274.88	1.15	19.98	0.0	0.0	3600.0	0.0	0.0
26527.0	-308.78	-274.89	1.15	19.98	0.0	0.0	3600.0	0.0	0.0
26586.0	-308.79	-274.89	1.15	19.95	0.0	0.0	3600.0	0.0	0.0
26643.0	-308.8	-274.9	1.15	19.97	0.0	0.0	3600.0	0.0	0.0
26706.0	-308.8	-274.9	1.17	19.96	0.0	0.0	3600.0	0.0	0.0
26765.0	-308.81	-274.9	1.16	19.97	0.0	0.0	3600.0	0.0	0.0
26828.0	-308.81	-274.03	1.16	19.97	0.0	0.0	3600.0	0.0	0.0
26886.0	-307.33	-273.97	1.16	19.97	0.0	0.0	3600.0	0.0	0.0
26944.0	-307.97	-274.37	1.15	19.98	0.0	0.0	3600.0	0.0	0.0
27008.0	-307.91	-274.43	1.16	19.98	0.0	0.0	3600.0	0.0	0.0
27060.0	-308.27	-274.62	1.15	19.98	0.0	0.0	3600.0	0.0	0.0
27123.0	-308.34	-274.67	1.15	19.98	0.0	0.0	3600.0	0.0	0.0
27187.0	-308.44	-274.74	1.15	19.98	0.0	0.0	3600.0	0.0	0.0
27244.0	-308.6	-274.81	1.15	19.98	0.0	0.0	3600.0	0.0	0.0
27297.0	-308.64	-274.83	1.15	19.98	0.0	0.0	3600.0	0.0	0.0
27360.0	-308.72	-274.86	1.15	19.98	0.0	0.0	3600.0	0.0	0.0
27418.0	-308.74	-274.88	1.15	19.98	0.0	0.0	3600.0	0.0	0.0
27476.0	-308.77	-274.89	1.15	19.98	0.0	0.0	3600.0	0.0	0.0
27539.0	-308.79	-274.89	1.15	19.98	0.0	0.0	3600.0	0.0	0.0
27597.0	-308.8	-274.9	1.15	19.97	0.0	0.0	3600.0	0.0	0.0
27650.0	-308.8	-274.9	1.15	19.98	0.0	0.0	3600.0	0.0	0.0
27713.0	-308.81	-274.86	1.16	19.97	0.0	0.0	3600.0	0.0	0.0
27777.0	-308.79	-274.29	1.16	19.97	0.0	0.0	3600.0	0.0	0.0
27829.0	-308.8	-274.54	1.15	19.98	0.0	0.0	3600.0	0.0	0.0
27892.0	-308.24	-274.46	1.16	19.98	0.0	0.0	3600.0	0.0	0.0
27951.0	-308.48	-274.65	1.15	19.98	0.0	0.0	3600.0	0.0	0.0
28008.0	-308.39	-274.66	1.15	19.98	0.0	0.0	3600.0	0.0	0.0
28071.0	-308.43	-274.71	1.15	19.98	0.0	0.0	3600.0	0.0	0.0
28125.0	-308.58	-274.79	1.15	19.98	0.0	0.0	3600.0	0.0	0.0
28187.0	-308.63	-274.82	1.15	19.98	0.0	0.0	3600.0	0.0	0.0
28246.0	-308.71	-274.86	1.15	19.98	0.0	0.0	3600.0	0.0	0.0
28309.0	-308.74	-274.88	1.15	19.98	0.0	0.0	3600.0	0.0	0.0
28366.0	-308.77	-274.89	1.15	19.98	0.0	0.0	3600.0	0.0	0.0
28425.0	-308.79	-274.89	1.15	19.98	0.0	0.0	3600.0	0.0	0.0
28477.0	-308.8	-274.9	1.15	19.96	0.0	0.0	3600.0	0.0	0.0
28540.0	-308.8	-274.9	1.16	19.96	0.0	0.0	3600.0	0.0	0.0
28599.0	-308.81	-274.9	1.16	19.97	0.0	0.0	3600.0	0.0	0.0
28656.0	-308.81	-273.71	1.16	19.97	0.0	0.0	3600.0	0.0	0.0
28715.0	-308.81	-274.23	1.16	19.97	0.0	0.0	3600.0	0.0	0.0
28773.0	-307.66	-274.15	1.16	19.97	0.0	0.0	3600.0	0.0	0.0
28835.0	-308.19	-274.49	1.15	19.98	0.0	0.0	3600.0	0.0	0.0
28899.0	-308.15	-274.54	1.15	19.98	0.0	0.0	3600.0	0.0	0.0
28952.0	-308.17	-274.57	1.15	19.98	0.0	0.0	3600.0	0.0	0.0
29009.0	-308.45	-274.71	1.15	19.98	0.0	0.0	3600.0	0.0	0.0
29073.0	-308.49	-274.75	1.15	19.98	0.0	0.0	3600.0	0.0	0.0
29131.0	-308.63	-274.81	1.15	19.98	0.0	0.0	3600.0	0.0	0.0
29189.0	-308.66	-274.84	1.15	19.98	0.0	0.0	3600.0	0.0	0.0
29247.0	-308.7	-274.86	1.15	19.98	0.0	0.0	3600.0	0.0	0.0
29310.0	-308.75	-274.88	1.15	19.98	0.0	0.0	3600.0	0.0	0.0
29368.0	-308.78	-274.89	1.15	19.98	0.0	0.0	3600.0	0.0	0.0
29431.0	-308.79	-274.89	1.15	19.96	0.0	0.0	3600.0	0.0	0.0
29490.0	-308.8	-274.9	1.15	19.97	0.0	0.0	3600.0	0.0	0.0
29547.0	-308.8	-274.9	1.16	19.97	0.0	0.0	3600.0	0.0	0.0
29605.0	-308.81	-274.9	1.16	19.98	0.0	0.0	3600.0	0.0	0.0
29669.0	-308.81	-274.14	1.16	19.97	0.0	0.0	3600.0	0.0	0.0
29721.0	-307.25	-274.12	1.16	19.98	0.0	0.0	3600.0	0.0	0.0
29779.0	-307.92	-274.45	1.15	19.98	0.0	0.0	3600.0	0.0	0.0
29842.0	-308.03	-274.53	1.15	19.98	0.0	0.0	3600.0	0.0	0.0
29900.0	-308.36	-274.69	1.15	19.98	0.0	0.0	3600.0	0.0	0.0
29953.0	-308.42	-274.69	1.15	19.98	0.0	0.0	3600.0	0.0	0.0
30016.0	-308.6	-274.79	1.15	19.98	0.0	0.0	3600.0	0.0	0.0
30074.0	-308.61	-274.81	1.15	19.98	0.0	0.0	3600.0	0.0	0.0
30132.0	-308.65	-274.85	1.15	19.98	0.0	0.0	3600.0	0.0	0.0
30190.0	-308.72	-274.87	1.15	19.98	0.0	0.0	3600.0	0.0	0.0
30254.0	-308.71	-274.87	1.15	19.98	0.0	0.0	3600.0	0.0	0.0
30311.0	-308.75	-274.88	1.15	19.98	0.0	0.0	3600.0	0.0	0.0
30364.0	-308.77	-274.89	1.15	19.98	0.0	0.0	3600.0	0.0	0.0
30428.0	-308.79	-274.89	1.15	19.97	0.0	0.0	3600.0	0.0	0.0
30490.0	-308.8	-274.9	1.15	19.98	0.0	0.0	3600.0	0.0	0.0
30548.0	-308.8	-274.69	1.16	19.97	0.0	0.0	3600.0	0.0	0.0
30612.0	-308.47	-274.17	1.16	19.97	0.0	0.0	3600.0	0.0	0.0
30669.0	-308.62	-274.49	1.15	19.98	0.0	0.0	3600.0	0.0	0.0
30733.0	-308.14	-274.5	1.16	19.98	0.0	0.0	3600.0	0.0	0.0
30791.0	-308.43	-274.67	1.15	19.98	0.0	0.0	3600.0	0.0	0.0
30843.0	-308.4	-274.66	1.15	19.98	0.0	0.0	3600.0	0.0	0.0
30912.0	-308.44	-274.72	1.15	19.98	0.0	0.0	3600.0	0.0	0.0
30970.0	-308.6	-274.8	1.15	19.98	0.0	0.0	3600.0	0.0	0.0
31028.0	-308.63	-274.82	1.15	19.98	0.0	0.0	3600.0	0.0	0.0
31086.0	-308.71	-274.86	1.15	19.98	0.0	0.0	3600.0	0.0	0.0
31144.0	-308.74	-274.88	1.15	19.98	0.0	0.0	3600.0	0.0	0.0
31207.0	-308.77	-274.89	1.15	19.98	0.0	0.0	3600.0	0.0	0.0
31260.0	-308.79	-274.89	1.15	19.98	0.0	0.0	3600.0	0.0	0.0
31324.0	-308.8	-274.9	1.15	19.96	0.0	0.0	3600.0	0.0	0.0
31376.0	-308.8	-274.9	1.15	19.97	0.0	0.0	3600.0	0.0	0.0
31434.0	-308.81	-274.9	1.16	19.97	0.0	0.0	3600.0	0.0	0.0
31497.0	-308.81	-273.71	1.16	19.97	0.0	0.0	3600.0	0.0	0.0
31555.0	-308.81	-274.23	1.16	19.97	0.0	0.0	3600.0	0.0	0.0
31613.0	-307.66	-274.15	1.16	19.97	0.0	0.0	3600.0	0.0	0.0
31671.0	-308.16	-274.47	1.15	19.98	0.0	0.0	3600.0	0.0	0.0
31729.0	-308.08	-274.5	1.15	19.98	0.0	0.0	3600.0	0.0	0.0
31793.0	-308.17	-274.57	1.15	19.98	0.0	0.0	3600.0	0.0	0.0
31850.0	-308.45	-274.71	1.15	19.98	0.0	0.0	3600.0	0.0	0.0
31908.0	-308.51	-274.74	1.15	19.98	0.0	0.0	3600.0	0.0	0.0
31966.0	-308.64	-274.81	1.15	19.98	0.0	0.0	3600.0	0.0	0.0
32019.0	-308.65	-274.83	1.15	19.98	0.0	0.0	3600.0	0.0	0.0
32076.0	-308.72	-274.86	1.15	19.98	0.0	0.0	3600.0	0.0	0.0
32135.0	-308.76	-274.88	1.15	19.98	0.0	0.0	3600.0	0.0	0.0
32198.0	-308.78	-274.89	1.15	19.98	0.0	0.0	3600.0	0.0	0.0
32256.0	-308.79	-274.89	1.15	19.98	0.0	0.0	3600.0	0.0	0.0
32314.0	-308.8	-274.9	1.15	19.97	0.0	0.0	3600.0	0.0	0.0
32372.0	-308.8	-274.9	1.16	19.97	0.0	0.0	3600.0	0.0	0.0
32430.0	-308.81	-274.9	1.16	19.97	0.0	0.0	3600.0	0.0	0.0
32493.0	-308.81	-274.14	1.16	19.97	0.0	0.0	3600.0	0.0	0.0
32551.0	-308.81	-274.47	1.15	19.98	0.0	0.0	3600.0	0.0	0.0
32609.0	-308.08	-274.45	1.16	19.98	0.0	0.0	3600.0	0.0	0.0
32667.0	-308.04	-274.5	1.15	19.98	0.0	0.0	3600.0	0.0	0.0
32731.0	-308.39	-274.68	1.15	19.98	0.0	0.0	3600.0	0.0	0.0
32783.0	-308.42	-274.68	1.15	19.98	0.0	0.0	3600.0	0.0	0.0
32846.0	-308.6	-274.78	1.15	19.98	0.0	0.0	3600.0	0.0	0.0
32904.0	-308.64	-274.82	1.15	19.98	0.0	0.0	3600.0	0.0	0.0
32962.0	-308.66	-274.85	1.15	19.98	0.0	0.0	3600.0	0.0	0.0
33026.0	-308.73	-274.87	1.15	19.98	0.0	0.0	3600.0	0.0	0.0
33083.0	-308.76	-274.89	1.15	19.98	0.0	0.0	3600.0	0.0	0.0
33141.0	-308.78	-274.89	1.15	19.97	0.0	0.0	3600.0	0.0	0.0
33195.0	-308.79	-274.89	1.15	19.97	0.0	0.0	3600.0	0.0	0.0
33257.0	-308.8	-274.9	1.16	19.96	0.0	0.0	3600.0	0.0	0.0
33320.0	-308.81	-274.9	1.16	19.97	0.0	0.0	3600.0	0.0	0.0
33379.0	-308.81	-274.67	1.16	19.97	0.0	0.0	3600.0	0.0	0.0
33436.0	-308.81	-274.77	1.16	19.98	0.0	0.0	3600.0	0.0	0.0
33495.0	-308.35	-274.42	1.16	19.98	0.0	0.0	3600.0	0.0	0.0
33553.0	-307.85	-274.41	1.15	19.98	0.0	0.0	3600.0	0.0	0.0
33610.0	-308.27	-274.62	1.15	19.98	0.0	0.0	3600.0	0.0	0.0
33674.0	-308.32	-274.64	1.15	19.98	0.0	0.0	3600.0	0.0	0.0
33726.0	-308.51	-274.74	1.15	19.98	0.0	0.0	3600.0	0.0	0.0
33784.0	-308.53	-274.77	1.15	19.98	0.0	0.0	3600.0	0.0	0.0
33843.0	-308.57	-274.8	1.15	19.98	0.0	0.0	3600.0	0.0	0.0
33910.0	-308.69	-274.85	1.15	19.98	0.0	0.0	3600.0	0.0	0.0
33969.0	-308.72	-274.87	1.15	19.98	0.0	0.0	3600.0	0.0	0.0
34027.0	-308.76	-274.88	1.15	19.98	0.0	0.0	3600.0	0.0	0.0
34089.0	-308.78	-274.89	1.15	19.98	0.0	0.0	3600.0	0.0	0.0
34148.0	-308.79	-274.89	1.15	19.96	0.0	0.0	3600.0	0.0	0.0
34206.0	-308.8	-274.9	1.15	19.97	0.0	0.0	3600.0	0.0	0.0
34264.0	-308.8	-274.9	1.16	19.97	0.0	0.0	3600.0	0.0	0.0
34327.0	-308.81	-273.59	1.16	19.97	0.0	0.0	3600.0	0.0	0.0
34385.0	-308.81	-274.15	1.16	19.98	0.0	0.0	3600.0	0.0	0.0
34443.0	-307.54	-274.21	1.16	19.98	0.0	0.0	3600.0	0.0	0.0
34501.0	-308.09	-274.51	1.15	19.98	0.0	0.0	3600.0	0.0	0.0
34558.0	-308.14	-274.57	1.15	19.98	0.0	0.0	3600.0	0.0	0.0
34622.0	-308.27	-274.61	1.15	19.98	0.0	0.0	3600.0	0.0	0.0
34680.0	-308.5	-274.74	1.15	19.98	0.0	0.0	3600.0	0.0	0.0
34738.0	-308.53	-274.77	1.15	19.98	0.0	0.0	3600.0	0.0	0.0
34801.0	-308.66	-274.83	1.15	19.98	0.0	0.0	3600.0	0.0	0.0
34860.0	-308.69	-274.86	1.15	19.98	0.0	0.0	3600.0	0.0	0.0
34923.0	-308.74	-274.88	1.15	19.98	0.0	0.0	3600.0	0.0	0.0
34975.0	-308.77	-274.89	1.15	19.98	0.0	0.0	3600.0	0.0	0.0
35034.0	-308.79	-274.89	1.15	19.98	0.0	0.0	3600.0	0.0	0.0
35096.0	-308.8	-274.9	1.15	19.98	0.0	0.0	3600.0	0.0	0.0
35154.0	-308.8	-274.9	1.15	19.97	0.0	0.0	3600.0	0.0	0.0
35213.0	-308.81	-274.76	1.16	19.97	0.0	0.0	3600.0	0.0	0.0
35270.0	-308.81	-274.82	1.16	19.98	0.0	0.0	3600.0	0.0	0.0
35334.0	-308.68	-274.36	1.16	19.97	0.0	0.0	3600.0	0.0	0.0
35397.0	-308.74	-274.61	1.15	19.98	0.0	0.0	3600.0	0.0	0.0
35454.0	-308.31	-274.59	1.15	19.98	0.0	0.0	3600.0	0.0	0.0
35513.0	-308.23	-274.58	1.15	19.98	0.0	0.0	3600.0	0.0	0.0
35571.0	-308.48	-274.72	1.15	19.98	0.0	0.0	3600.0	0.0	0.0
35634.0	-308.51	-274.75	1.15	19.98	0.0	0.0	3600.0	0.0	0.0
35692.0	-308.64	-274.82	1.15	19.98	0.0	0.0	3600.0	0.0	0.0
35750.0	-308.66	-274.84	1.15	19.98	0.0	0.0	3600.0	0.0	0.0
35808.0	-308.7	-274.87	1.15	19.98	0.0	0.0	3600.0	0.0	0.0
35871.0	-308.75	-274.88	1.15	19.98	0.0	0.0	3600.0	0.0	0.0
35930.0	-308.78	-274.89	1.15	19.98	0.0	0.0	3600.0	0.0	0.0
35987.0	-308.79	-274.89	1.15	19.95	0.0	0.0	3600.0	0.0	0.0
36045.0	-308.8	-274.9	1.15	19.97	0.0	0.0	3600.0	0.0	0.0
36114.0	-308.8	-274.9	1.16	19.96	0.0	0.0	3600.0	0.0	0.0
36171.0	-308.81	-274.9	1.16	19.97	0.0	0.0	3600.0	0.0	0.0
36225.0	-308.81	-273.98	1.16	19.97	0.0	0.0	3600.0	0.0	0.0
36282.0	-307.25	-273.87	1.16	19.97	0.0	0.0	3600.0	0.0	0.0
36345.0	-307.97	-274.35	1.15	19.98	0.0	0.0	3600.0	0.0	0.0
36404.0	-307.87	-274.39	1.15	19.98	0.0	0.0	3600.0	0.0	0.0
36461.0	-308.27	-274.61	1.15	19.98	0.0	0.0	3600.0	0.0	0.0
36519.0	-308.31	-274.64	1.15	19.98	0.0	0.0	3600.0	0.0	0.0
36578.0	-308.53	-274.75	1.15	19.98	0.0	0.0	3600.0	0.0	0.0
36635.0	-308.58	-274.78	1.15	19.98	0.0	0.0	3600.0	0.0	0.0
36694.0	-308.61	-274.81	1.15	19.98	0.0	0.0	3600.0	0.0	0.0
36751.0	-308.7	-274.85	1.15	19.98	0.0	0.0	3600.0	0.0	0.0
36809.0	-308.73	-274.87	1.15	19.98	0.0	0.0	3600.0	0.0	0.0
36868.0	-308.76	-274.88	1.15	19.98	0.0	0.0	3600.0	0.0	0.0
36925.0	-308.78	-274.89	1.15	19.98	0.0	0.0	3600.0	0.0	0.0
36983.0	-308.79	-274.89	1.15	19.96	0.0	0.0	3600.0	0.0	0.0
37041.0	-308.8	-274.9	1.15	19.97	0.0	0.0	3600.0	0.0	0.0
37099.0	-308.8	-274.9	1.16	19.97	0.0	0.0	3600.0	0.0	0.0
37163.0	-308.81	-273.87	1.16	19.97	0.0	0.0	3600.0	0.0	0.0
37220.0	-308.81	-274.31	1.15	19.98	0.0	0.0	3600.0	0.0	0.0
37278.0	-307.81	-274.28	1.16	19.98	0.0	0.0	3600.0	0.0	0.0
37337.0	-308.24	-274.55	1.15	19.98	0.0	0.0	3600.0	0.0	0.0
37394.0	-308.21	-274.59	1.15	19.98	0.0	0.0	3600.0	0.0	0.0
37452.0	-308.47	-274.72	1.15	19.98	0.0	0.0	3600.0	0.0	0.0
37511.0	-308.51	-274.76	1.15	19.98	0.0	0.0	3600.0	0.0	0.0
37568.0	-308.57	-274.8	1.15	19.98	0.0	0.0	3600.0	0.0	0.0
37626.0	-308.67	-274.84	1.15	19.98	0.0	0.0	3600.0	0.0	0.0
37679.0	-308.71	-274.87	1.15	19.98	0.0	0.0	3600.0	0.0	0.0
37742.0	-308.75	-274.88	1.15	19.98	0.0	0.0	3600.0	0.0	0.0
37800.0	-308.78	-274.89	1.15	19.98	0.0	0.0	3600.0	0.0	0.0
37858.0	-308.79	-274.89	1.15	19.96	0.0	0.0	3600.0	0.0	0.0
37916.0	-308.8	-274.9	1.15	19.97	0.0	0.0	3600.0	0.0	0.0
37974.0	-308.8	-274.9	1.16	19.96	0.0	0.0	3600.0	0.0	0.0
38037.0	-308.81	-274.9	1.16	19.97	0.0	0.0	3600.0	0.0	0.0
38100.0	-308.81	-274.71	1.16	19.97	0.0	0.0	3600.0	0.0	0.0
38153.0	-308.12	-274.17	1.16	19.97	0.0	0.0	3600.0	0.0	0.0
38216.0	-308.43	-274.51	1.16	19.98	0.0	0.0	3600.0	0.0	0.0
38280.0	-308.07	-274.52	1.16	19.98	0.0	0.0	3600.0	0.0	0.0
38338.0	-308.39	-274.68	1.15	19.98	0.0	0.0	3600.0	0.0	0.0
38395.0	-308.41	-274.68	1.15	19.98	0.0	0.0	3600.0	0.0	0.0
38459.0	-308.44	-274.73	1.15	19.98	0.0	0.0	3600.0	0.0	0.0
38517.0	-308.6	-274.8	1.15	19.98	0.0	0.0	3600.0	0.0	0.0
38575.0	-308.64	-274.83	1.15	19.98	0.0	0.0	3600.0	0.0	0.0
38633.0	-308.71	-274.86	1.15	19.98	0.0	0.0	3600.0	0.0	0.0
38690.0	-308.74	-274.88	1.15	19.98	0.0	0.0	3600.0	0.0	0.0
38749.0	-308.77	-274.89	1.15	19.98	0.0	0.0	3600.0	0.0	0.0
38807.0	-308.79	-274.89	1.15	19.98	0.0	0.0	3600.0	0.0	0.0
38864.0	-308.8	-274.9	1.15	19.96	0.0	0.0	3600.0	0.0	0.0
38928.0	-308.8	-274.9	1.16	19.96	0.0	0.0	3600.0	0.0	0.0
38991.0	-308.81	-274.9	1.16	19.97	0.0	0.0	3600.0	0.0	0.0
39049.0	-308.81	-273.83	1.16	19.97	0.0	0.0	3600.0	0.0	0.0
39107.0	-308.81	-274.29	1.15	19.98	0.0	0.0	3600.0	0.0	0.0
39165.0	-307.77	-274.34	1.16	19.98	0.0	0.0	3600.0	0.0	0.0
39223.0	-307.85	-274.43	1.15	19.98	0.0	0.0	3600.0	0.0	0.0
39286.0	-308.29	-274.64	1.15	19.98	0.0	0.0	3600.0	0.0	0.0
39345.0	-308.37	-274.66	1.15	19.98	0.0	0.0	3600.0	0.0	0.0
39402.0	-308.56	-274.77	1.15	19.98	0.0	0.0	3600.0	0.0	0.0
39460.0	-308.58	-274.79	1.15	19.98	0.0	0.0	3600.0	0.0	0.0
39518.0	-308.68	-274.84	1.15	19.98	0.0	0.0	3600.0	0.0	0.0
39576.0	-308.71	-274.87	1.15	19.98	0.0	0.0	3600.0	0.0	0.0
39640.0	-308.75	-274.88	1.15	19.98	0.0	0.0	3600.0	0.0	0.0
39697.0	-308.78	-274.89	1.15	19.98	0.0	0.0	3600.0	0.0	0.0
39755.0	-308.79	-274.89	1.15	19.98	0.0	0.0	3600.0	0.0	0.0
39819.0	-308.8	-274.9	1.15	19.97	0.0	0.0	3600.0	0.0	0.0
39881.0	-308.8	-274.9	1.15	19.98	0.0	0.0	3600.0	0.0	0.0
39940.0	-308.81	-274.79	1.16	19.97	0.0	0.0	3600.0	0.0	0.0
39998.0	-308.81	-274.84	1.16	19.98	0.0	0.0	3600.0	0.0	0.0
40060.0	-308.71	-274.48	1.15	19.98	0.0	0.0	3600.0	0.0	0.0
40119.0	-308.09	-274.45	1.15	19.98	0.0	0.0	3600.0	0.0	0.0
40182.0	-308.42	-274.66	1.15	19.98	0.0	0.0	3600.0	0.0	0.0
40240.0	-308.36	-274.66	1.15	19.98	0.0	0.0	3600.0	0.0	0.0
40303.0	-308.4	-274.7	1.15	19.98	0.0	0.0	3600.0	0.0	0.0
40356.0	-308.56	-274.78	1.15	19.98	0.0	0.0	3600.0	0.0	0.0
40419.0	-308.61	-274.82	1.15	19.98	0.0	0.0	3600.0	0.0	0.0
40477.0	-308.7	-274.85	1.15	19.98	0.0	0.0	3600.0	0.0	0.0
40541.0	-308.73	-274.87	1.15	19.98	0.0	0.0	3600.0	0.0	0.0
40598.0	-308.77	-274.89	1.15	19.98	0.0	0.0	3600.0	0.0	0.0
40656.0	-308.78	-274.89	1.15	19.98	0.0	0.0	3600.0	0.0	0.0
40715.0	-308.8	-274.9	1.15	19.96	0.0	0.0	3600.0	0.0	0.0
40777.0	-308.8	-274.9	1.15	19.97	0.0	0.0	3600.0	0.0	0.0
40836.0	-308.81	-274.9	1.16	19.97	0.0	0.0	3600.0	0.0	0.0
40894.0	-308.81	-273.65	1.16	19.97	0.0	0.0	3600.0	0.0	0.0
40951.0	-308.81	-274.19	1.16	19.97	0.0	0.0	3600.0	0.0	0.0
41010.0	-307.6	-274.11	1.16	19.97	0.0	0.0	3600.0	0.0	0.0
41073.0	-308.16	-274.47	1.15	19.98	0.0	0.0	3600.0	0.0	0.0
41131.0	-308.08	-274.5	1.15	19.98	0.0	0.0	3600.0	0.0	0.0
41189.0	-308.14	-274.55	1.15	19.98	0.0	0.0	3600.0	0.0	0.0
41246.0	-308.43	-274.7	1.15	19.98	0.0	0.0	3600.0	0.0	0.0
41315.0	-308.52	-274.75	1.15	19.98	0.0	0.0	3600.0	0.0	0.0
41368.0	-308.64	-274.81	1.15	19.98	0.0	0.0	3600.0	0.0	0.0
41425.0	-308.66	-274.83	1.15	19.98	0.0	0.0	3600.0	0.0	0.0
41489.0	-308.71	-274.86	1.15	19.98	0.0	0.0	3600.0	0.0	0.0
41547.0	-308.75	-274.88	1.15	19.98	0.0	0.0	3600.0	0.0	0.0
41605.0	-308.78	-274.89	1.15	19.98	0.0	0.0	3600.0	0.0	0.0
41668.0	-308.79	-274.89	1.15	19.96	0.0	0.0	3600.0	0.0	0.0
41732.0	-308.8	-274.9	1.15	19.97	0.0	0.0	3600.0	0.0	0.0
41789.0	-308.8	-274.88	1.16	19.97	0.0	0.0	3600.0	0.0	0.0
41847.0	-308.81	-274.89	1.16	19.98	0.0	0.0	3600.0	0.0	0.0
41906.0	-308.79	-274.21	1.16	19.97	0.0	0.0	3600.0	0.0	0.0
41968.0	-307.69	-274.21	1.16	19.98	0.0	0.0	3600.0	0.0	0.0
42027.0	-308.17	-274.51	1.15	19.98	0.0	0.0	3600.0	0.0	0.0
42085.0	-308.15	-274.55	1.15	19.98	0.0	0.0	3600.0	0.0	0.0
42147.0	-308.45	-274.71	1.15	19.98	0.0	0.0	3600.0	0.0	0.0
42206.0	-308.49	-274.75	1.15	19.98	0.0	0.0	3600.0	0.0	0.0
42269.0	-308.57	-274.8	1.15	19.98	0.0	0.0	3600.0	0.0	0.0
42327.0	-308.67	-274.84	1.15	19.98	0.0	0.0	3600.0	0.0	0.0
42400.0	-308.71	-274.87	1.15	19.98	0.0	0.0	3600.0	0.0	0.0
42464.0	-308.75	-274.88	1.15	19.98	0.0	0.0	3600.0	0.0	0.0
42527.0	-308.78	-274.89	1.15	19.98	0.0	0.0	3600.0	0.0	0.0
42579.0	-308.79	-274.89	1.15	19.96	0.0	0.0	3600.0	0.0	0.0
42643.0	-308.8	-274.9	1.17	19.96	0.0	0.0	3600.0	0.0	0.0
42706.0	-308.8	-274.9	1.16	19.97	0.0	0.0	3600.0	0.0	0.0
42765.0	-308.81	-274.63	1.16	19.97	0.0	0.0	3600.0	0.0	0.0
42827.0	-308.81	-274.75	1.16	19.98	0.0	0.0	3600.0	0.0	0.0
42886.0	-308.3	-274.37	1.16	19.97	0.0	0.0	3600.0	0.0	0.0
42949.0	-307.8	-274.38	1.15	19.98	0.0	0.0	3600.0	0.0	0.0
43012.0	-308.27	-274.62	1.15	19.98	0.0	0.0	3600.0	0.0	0.0
43070.0	-308.29	-274.62	1.15	19.98	0.0	0.0	3600.0	0.0	0.0
43133.0	-308.53	-274.75	1.15	19.98	0.0	0.0	3600.0	0.0	0.0
43186.0	-308.53	-274.77	1.15	19.98	0.0	0.0	3600.0	0.0	0.0
43244.0	-308.57	-274.8	1.15	19.98	0.0	0.0	3600.0	0.0	0.0
43308.0	-308.68	-274.85	1.15	19.98	0.0	0.0	3600.0	0.0	0.0
43365.0	-308.72	-274.87	1.15	19.98	0.0	0.0	3600.0	0.0	0.0
43428.0	-308.76	-274.88	1.15	19.98	0.0	0.0	3600.0	0.0	0.0
43481.0	-308.78	-274.89	1.15	19.98	0.0	0.0	3600.0	0.0	0.0
43544.0	-308.79	-274.89	1.15	19.96	0.0	0.0	3600.0	0.0	0.0
43608.0	-308.8	-274.9	1.15	19.97	0.0	0.0	3600.0	0.0	0.0
43666.0	-308.8	-274.9	1.16	19.97	0.0	0.0	3600.0	0.0	0.0
43718.0	-308.81	-274.9	1.16	19.97	0.0	0.0	3600.0	0.0	0.0
43787.0	-308.81	-274.15	1.16	19.97	0.0	0.0	3600.0	0.0	0.0
43845.0	-307.54	-274.21	1.16	19.98	0.0	0.0	3600.0	0.0	0.0
43902.0	-308.09	-274.51	1.15	19.98	0.0	0.0	3600.0	0.0	0.0
43961.0	-308.14	-274.57	1.15	19.98	0.0	0.0	3600.0	0.0	0.0
44024.0	-308.27	-274.61	1.15	19.98	0.0	0.0	3600.0	0.0	0.0
44087.0	-308.52	-274.74	1.15	19.98	0.0	0.0	3600.0	0.0	0.0
44145.0	-308.54	-274.78	1.15	19.98	0.0	0.0	3600.0	0.0	0.0
44209.0	-308.67	-274.83	1.15	19.98	0.0	0.0	3600.0	0.0	0.0
44266.0	-308.7	-274.86	1.15	19.98	0.0	0.0	3600.0	0.0	0.0
44324.0	-308.67	-274.86	1.15	19.98	0.0	0.0	3600.0	0.0	0.0
44383.0	-308.73	-274.88	1.15	19.98	0.0	0.0	3600.0	0.0	0.0
44440.0	-308.76	-274.89	1.15	19.98	0.0	0.0	3600.0	0.0	0.0
44498.0	-308.78	-274.89	1.15	19.98	0.0	0.0	3600.0	0.0	0.0
44556.0	-308.8	-274.9	1.15	19.97	0.0	0.0	3600.0	0.0	0.0
44619.0	-308.8	-274.77	1.16	19.97	0.0	0.0	3600.0	0.0	0.0
44678.0	-308.81	-274.82	1.16	19.98	0.0	0.0	3600.0	0.0	0.0
44751.0	-308.7	-274.43	1.16	19.98	0.0	0.0	3600.0	0.0	0.0
44815.0	-308.06	-274.43	1.15	19.98	0.0	0.0	3600.0	0.0	0.0
44877.0	-308.4	-274.65	1.15	19.98	0.0	0.0	3600.0	0.0	0.0
44936.0	-308.38	-274.64	1.15	19.98	0.0	0.0	3600.0	0.0	0.0
44994.0	-308.56	-274.75	1.15	19.98	0.0	0.0	3600.0	0.0	0.0
45062.0	-308.58	-274.79	1.15	19.98	0.0	0.0	3600.0	0.0	0.0
45115.0	-308.61	-274.81	1.15	19.98	0.0	0.0	3600.0	0.0	0.0
45184.0	-308.71	-274.86	1.15	19.98	0.0	0.0	3600.0	0.0	0.0
45247.0	-308.74	-274.88	1.15	19.98	0.0	0.0	3600.0	0.0	0.0
45304.0	-308.77	-274.89	1.15	19.98	0.0	0.0	3600.0	0.0	0.0
45368.0	-308.79	-274.89	1.15	19.98	0.0	0.0	3600.0	0.0	0.0
45426.0	-308.8	-274.9	1.15	19.96	0.0	0.0	3600.0	0.0	0.0
45489.0	-308.8	-274.9	1.17	19.96	0.0	0.0	3600.0	0.0	0.0
45557.0	-308.81	-274.9	1.16	19.97	0.0	0.0	3600.0	0.0	0.0
45611.0	-308.81	-273.83	1.16	19.97	0.0	0.0	3600.0	0.0	0.0
45684.0	-307.25	-273.87	1.16	19.97	0.0	0.0	3600.0	0.0	0.0
45753.0	-308.01	-274.37	1.15	19.98	0.0	0.0	3600.0	0.0	0.0
45815.0	-307.96	-274.44	1.15	19.98	0.0	0.0	3600.0	0.0	0.0
45869.0	-308.3	-274.62	1.15	19.98	0.0	0.0	3600.0	0.0	0.0
45932.0	-308.36	-274.68	1.15	19.98	0.0	0.0	3600.0	0.0	0.0
45995.0	-308.46	-274.72	1.15	19.98	0.0	0.0	3600.0	0.0	0.0
46053.0	-308.61	-274.8	1.15	19.98	0.0	0.0	3600.0	0.0	0.0
46111.0	-308.64	-274.83	1.15	19.98	0.0	0.0	3600.0	0.0	0.0
46174.0	-308.72	-274.86	1.15	19.98	0.0	0.0	3600.0	0.0	0.0
46237.0	-308.74	-274.88	1.15	19.98	0.0	0.0	3600.0	0.0	0.0
46290.0	-308.77	-274.89	1.15	19.98	0.0	0.0	3600.0	0.0	0.0
46353.0	-308.79	-274.89	1.15	19.98	0.0	0.0	3600.0	0.0	0.0
46411.0	-308.8	-274.9	1.15	19.97	0.0	0.0	3600.0	0.0	0.0
46475.0	-308.8	-274.88	1.16	19.97	0.0	0.0	3600.0	0.0	0.0
46532.0	-308.81	-274.89	1.16	19.97	0.0	0.0	3600.0	0.0	0.0
46590.0	-308.79	-274.1	1.16	19.97	0.0	0.0	3600.0	0.0	0.0
46654.0	-308.8	-274.47	1.15	19.98	0.0	0.0	3600.0	0.0	0.0
46711.0	-308.07	-274.45	1.16	19.98	0.0	0.0	3600.0	0.0	0.0
46775.0	-308.07	-274.52	1.15	19.98	0.0	0.0	3600.0	0.0	0.0
46838.0	-308.41	-274.69	1.15	19.98	0.0	0.0	3600.0	0.0	0.0
46896.0	-308.46	-274.73	1.15	19.98	0.0	0.0	3600.0	0.0	0.0
46954.0	-308.61	-274.81	1.15	19.98	0.0	0.0	3600.0	0.0	0.0
47017.0	-308.66	-274.84	1.15	19.98	0.0	0.0	3600.0	0.0	0.0
47081.0	-308.71	-274.87	1.15	19.98	0.0	0.0	3600.0	0.0	0.0
47138.0	-308.75	-274.88	1.15	19.98	0.0	0.0	3600.0	0.0	0.0
47197.0	-308.78	-274.89	1.15	19.98	0.0	0.0	3600.0	0.0	0.0
47260.0	-308.79	-274.89	1.15	19.96	0.0	0.0	3600.0	0.0	0.0
47318.0	-308.8	-274.9	1.15	19.97	0.0	0.0	3600.0	0.0	0.0
47381.0	-308.8	-274.9	1.16	19.96	0.0	0.0	3600.0	0.0	0.0
47444.0	-308.81	-274.22	1.16	19.97	0.0	0.0	3600.0	0.0	0.0
47502.0	-308.81	-274.51	1.16	19.97	0.0	0.0	3600.0	0.0	0.0
47560.0	-308.15	-274.1	1.16	19.97	0.0	0.0	3600.0	0.0	0.0
47624.0	-308.45	-274.47	1.15	19.98	0.0	0.0	3600.0	0.0	0.0
47681.0	-308.07	-274.48	1.15	19.98	0.0	0.0	3600.0	0.0	0.0
47745.0	-308.14	-274.52	1.15	19.98	0.0	0.0	3600.0	0.0	0.0
47797.0	-308.41	-274.67	1.15	19.98	0.0	0.0	3600.0	0.0	0.0
47860.0	-308.44	-274.72	1.15	19.98	0.0	0.0	3600.0	0.0	0.0
47919.0	-308.6	-274.8	1.15	19.98	0.0	0.0	3600.0	0.0	0.0
47982.0	-261.08	-233.11	1.15	19.98	0.0	0.0	3600.0	0.0	0.0
48034.0	-279.57	-249.33	1.15	19.98	0.0	0.0	3600.0	0.0	2.0
48098.0	-292.99	-261.09	1.15	19.98	0.0	0.0	3600.0	0.0	2.0
48161.0	-300.26	-267.43	1.15	19.98	0.0	0.0	3600.0	0.0	2.0
48224.0	-304.19	-270.87	1.15	19.95	0.0	0.0	3600.0	0.0	2.0
48287.0	-306.31	-272.72	1.15	19.97	0.0	0.0	3600.0	0.0	2.0
48351.0	-307.46	-273.72	1.16	19.97	0.0	0.0	3600.0	0.0	2.0
48414.0	-308.08	-274.26	1.16	19.97	0.0	0.0	3600.0	0.0	2.0
48480.0	-147.15	-128.69	1.16	19.97	0.0	2142857.2	3600.0	0.0	2.0
48546.0	-69.34	-57.9	1.16	19.98	0.0	2142857.2	3600.0	0.0	2.0
48619.0	-24.51	-17.15	1.15	19.98	0.0	2142857.2	3600.0	0.0	2.0
48686.0	-2.91	2.43	1.15	19.98	0.0	2142857.2	3600.0	0.0	2.0
48755.0	9.58	13.82	1.15	19.98	0.0	2142857.2	3500.0	0.0	2.0
48820.0	15.52	19.21	1.15	19.98	0.0	2142857.2	3400.0	0.0	2.0
48890.0	18.94	22.26	1.15	19.98	0.0	2142857.2	3400.0	0.0	2.0
48956.0	20.63	23.76	1.15	19.98	0.0	2142857.2	3400.0	0.0	2.0
49019.0	21.57	24.61	1.15	19.98	0.0	0.0	3400.0	0.0	0.0
49089.0	21.72	24.97	1.16	19.97	0.0	0.0	3400.0	0.0	0.0
49158.0	22.25	25.54	1.15	19.98	0.0	0.0	3400.0	0.0	0.0
49222.0	22.52	25.61	1.15	19.98	0.0	0.0	3400.0	0.0	0.0
49291.0	22.64	25.52	1.15	19.98	0.0	0.0	3400.0	0.0	0.0
49359.0	22.67	25.47	1.15	19.98	0.0	0.0	3400.0	0.0	0.0
49419.0	22.4	24.98	1.16	19.97	0.0	0.0	3400.0	0.0	0.0
49483.0	22.4	25.47	1.15	19.98	0.0	0.0	3400.0	0.0	0.0
49547.0	22.6	25.64	1.14	19.98	0.0	0.0	3400.0	0.0	0.0
49616.0	22.68	25.56	1.15	19.98	0.0	0.0	3400.0	0.0	0.0
49680.0	22.71	25.5	1.15	19.98	0.0	0.0	3400.0	0.0	0.0
49739.0	22.03	25.17	1.15	19.98	0.0	0.0	3400.0	0.0	0.0
49809.0	21.97	25.34	1.15	19.97	0.0	0.0	3400.0	0.0	0.0
49863.0	22.38	25.85	1.14	19.98	0.0	0.0	3400.0	0.0	0.0
49927.0	22.56	25.7	1.15	19.98	0.0	0.0	3400.0	0.0	0.0
49991.0	22.65	25.57	1.15	19.98	0.0	0.0	3400.0	0.0	0.0
50051.0	22.6	25.45	1.15	19.98	0.0	0.0	3400.0	0.0	0.0
50109.0	22.26	25.36	1.16	19.97	0.0	0.0	3400.0	0.0	0.0
50173.0	22.3	25.51	1.15	19.98	0.0	0.0	3400.0	0.0	0.0
50233.0	22.57	25.79	1.14	19.98	0.0	0.0	3400.0	0.0	0.0
50291.0	22.65	25.65	1.15	19.98	0.0	0.0	3400.0	0.0	0.0
50345.0	22.67	25.55	1.15	19.98	0.0	0.0	3400.0	0.0	0.0
50410.0	22.56	25.38	1.15	19.98	0.0	0.0	3400.0	0.0	0.0
50484.0	22.23	25.18	1.15	19.97	0.0	0.0	3400.0	0.0	0.0
50543.0	22.49	25.72	1.14	19.98	0.0	0.0	3400.0	0.0	0.0
50608.0	22.61	25.66	1.14	19.98	0.0	0.0	3400.0	0.0	0.0
50666.0	22.68	25.57	1.15	19.98	0.0	0.0	3400.0	0.0	0.0
50741.0	22.69	25.49	1.15	19.98	0.0	0.0	3400.0	0.0	0.0
50799.0	22.18	25.31	1.16	19.97	0.0	0.0	3400.0	0.0	0.0
50874.0	22.28	25.53	1.15	19.98	0.0	0.0	3400.0	0.0	0.0
50942.0	22.58	25.74	1.14	19.98	0.0	0.0	3400.0	0.0	0.0
50997.0	22.65	25.65	1.15	19.98	0.0	0.0	3400.0	0.0	0.0
51060.0	22.7	25.55	1.15	19.98	0.0	0.0	3400.0	0.0	0.0
51120.0	22.52	25.36	1.15	19.98	0.0	0.0	3400.0	0.0	0.0
51184.0	22.2	25.26	1.15	19.98	0.0	0.0	3400.0	0.0	0.0
51244.0	22.54	25.78	1.14	19.98	0.0	0.0	3400.0	0.0	0.0
51307.0	22.64	25.66	1.14	19.98	0.0	0.0	3400.0	0.0	0.0
51361.0	22.69	25.61	1.15	19.98	0.0	0.0	3400.0	0.0	0.0
51426.0	22.63	25.49	1.15	19.98	0.0	0.0	3400.0	0.0	0.0
51485.0	22.16	25.19	1.15	19.95	0.0	0.0	3400.0	0.0	0.0
51544.0	22.17	25.36	1.15	19.96	0.0	0.0	3400.0	0.0	0.0
51608.0	22.6	25.85	1.14	19.97	0.0	0.0	3400.0	0.0	0.0
51672.0	22.67	25.7	1.15	19.98	0.0	0.0	3400.0	0.0	0.0
51731.0	22.7	25.58	1.15	19.98	0.0	0.0	3400.0	0.0	0.0
51790.0	22.68	25.45	1.15	19.98	0.0	0.0	3400.0	0.0	0.0
51855.0	22.31	25.37	1.16	19.97	0.0	0.0	3400.0	0.0	0.0
51923.0	22.46	25.71	1.15	19.98	0.0	0.0	3400.0	0.0	0.0
51983.0	22.62	25.75	1.14	19.98	0.0	0.0	3400.0	0.0	0.0
52051.0	22.69	25.62	1.15	19.98	0.0	0.0	3400.0	0.0	0.0
52116.0	22.72	25.53	1.15	19.98	0.0	0.0	3400.0	0.0	0.0
52175.0	22.51	24.86	1.16	19.97	0.0	0.0	3400.0	0.0	0.0
52234.0	22.34	25.14	1.15	19.97	0.0	0.0	3400.0	0.0	0.0
52298.0	22.67	25.62	1.14	19.98	0.0	0.0	3400.0	0.0	0.0
52353.0	22.7	25.61	1.14	19.98	0.0	0.0	3400.0	0.0	0.0
52416.0	22.72	25.54	1.15	19.98	0.0	0.0	3400.0	0.0	0.0
52475.0	22.71	25.47	1.15	19.98	0.0	0.0	3400.0	0.0	0.0
52540.0	22.08	25.27	1.15	19.97	0.0	0.0	3400.0	0.0	0.0
52603.0	22.2	25.52	1.15	19.97	0.0	0.0	3400.0	0.0	0.0
52663.0	22.51	25.78	1.14	19.98	0.0	0.0	3400.0	0.0	0.0
52727.0	22.62	25.67	1.15	19.98	0.0	0.0	3400.0	0.0	0.0
52787.0	22.68	25.55	1.15	19.98	0.0	0.0	3400.0	0.0	0.0
52850.0	22.5	25.34	1.15	19.98	0.0	0.0	3400.0	0.0	0.0
52910.0	22.32	25.32	1.16	19.98	0.0	0.0	3400.0	0.0	0.0
52973.0	22.5	25.62	1.15	19.98	0.0	0.0	3400.0	0.0	0.0
53032.0	22.64	25.69	1.14	19.98	0.0	0.0	3400.0	0.0	0.0
53092.0	22.69	25.6	1.15	19.98	0.0	0.0	3400.0	0.0	0.0
53151.0	22.72	25.52	1.15	19.98	0.0	0.0	3400.0	0.0	0.0
53215.0	22.33	25.17	1.15	19.98	0.0	0.0	3400.0	0.0	0.0
53279.0	22.27	25.32	1.15	19.96	0.0	0.0	3400.0	0.0	0.0
53339.0	22.51	25.73	1.14	19.97	0.0	0.0	3400.0	0.0	0.0
53398.0	22.62	25.69	1.14	19.98	0.0	0.0	3400.0	0.0	0.0
53462.0	22.68	25.57	1.15	19.98	0.0	0.0	3400.0	0.0	0.0
53521.0	22.71	25.49	1.15	19.98	0.0	0.0	3400.0	0.0	0.0
53580.0	22.35	25.32	1.17	19.97	0.0	0.0	3400.0	0.0	0.0
53639.0	22.27	25.39	1.16	19.98	0.0	0.0	3400.0	0.0	0.0
53703.0	22.6	25.76	1.15	19.98	0.0	0.0	3400.0	0.0	0.0
53763.0	22.67	25.66	1.15	19.98	0.0	0.0	3400.0	0.0	0.0
53826.0	22.71	25.56	1.15	19.98	0.0	0.0	3400.0	0.0	0.0
53885.0	22.58	25.39	1.15	19.98	0.0	0.0	3400.0	0.0	0.0
53950.0	22.37	25.03	1.15	19.97	0.0	0.0	3400.0	0.0	0.0
54013.0	22.51	25.47	1.15	19.98	0.0	0.0	3400.0	0.0	0.0
54073.0	22.65	25.61	1.14	19.98	0.0	0.0	3400.0	0.0	0.0
54137.0	22.69	25.57	1.15	19.98	0.0	0.0	3400.0	0.0	0.0
54196.0	22.72	25.51	1.15	19.98	0.0	0.0	3400.0	0.0	0.0
54255.0	22.0	25.16	1.15	19.98	0.0	0.0	3400.0	0.0	0.0
54315.0	22.04	25.29	1.15	19.97	0.0	0.0	3400.0	0.0	0.0
54379.0	22.39	25.73	1.14	19.98	0.0	0.0	3400.0	0.0	0.0
54433.0	22.54	25.73	1.14	19.98	0.0	0.0	3400.0	0.0	0.0
54497.0	22.64	25.6	1.15	19.98	0.0	0.0	3400.0	0.0	0.0
54556.0	22.69	25.52	1.15	19.98	0.0	0.0	3400.0	0.0	0.0
54620.0	22.43	25.33	1.16	19.97	0.0	0.0	3400.0	0.0	0.0
54679.0	22.29	25.4	1.15	19.98	0.0	0.0	3400.0	0.0	0.0
54738.0	22.58	25.79	1.14	19.98	0.0	0.0	3400.0	0.0	0.0
54798.0	22.66	25.67	1.15	19.98	0.0	0.0	3400.0	0.0	0.0
54861.0	22.7	25.56	1.15	19.98	0.0	0.0	3400.0	0.0	0.0
54926.0	22.58	25.38	1.15	19.98	0.0	0.0	3400.0	0.0	0.0
54990.0	22.37	25.13	1.15	19.95	0.0	0.0	3400.0	0.0	0.0
55054.0	22.47	25.5	1.15	19.97	0.0	0.0	3400.0	0.0	0.0
55113.0	22.63	25.68	1.14	19.98	0.0	0.0	3400.0	0.0	0.0
55178.0	22.68	25.6	1.15	19.98	0.0	0.0	3400.0	0.0	0.0
55231.0	22.71	25.52	1.15	19.98	0.0	0.0	3400.0	0.0	0.0
55296.0	22.28	25.26	1.15	19.98	0.0	0.0	3400.0	0.0	0.0
55355.0	22.22	25.34	1.16	19.97	0.0	0.0	3400.0	0.0	0.0
55418.0	22.48	25.72	1.14	19.98	0.0	0.0	3400.0	0.0	0.0
55478.0	22.63	25.71	1.14	19.98	0.0	0.0	3400.0	0.0	0.0
55537.0	22.68	25.6	1.14	19.98	0.0	0.0	3400.0	0.0	0.0
55591.0	22.71	25.5	1.15	19.98	0.0	0.0	3400.0	0.0	0.0
55656.0	22.5	25.11	1.15	19.97	0.0	0.0	3400.0	0.0	0.0
55714.0	22.33	25.28	1.15	19.98	0.0	0.0	3400.0	0.0	0.0
55779.0	22.61	25.68	1.14	19.98	0.0	0.0	3400.0	0.0	0.0
55838.0	22.67	25.57	1.14	19.98	0.0	0.0	3400.0	0.0	0.0
55902.0	22.67	25.51	1.14	19.98	0.0	0.0	3400.0	0.0	0.0
55956.0	22.66	25.4	1.14	19.98	0.0	0.0	3400.0	0.0	0.0
56015.0	22.13	25.13	1.15	19.95	0.0	0.0	3400.0	0.0	0.0
56084.0	22.21	25.48	1.14	19.97	0.0	0.0	3400.0	0.0	0.0
56154.0	22.46	25.68	1.14	19.98	0.0	0.0	3400.0	0.0	0.0
56217.0	22.52	25.56	1.14	19.98	0.0	0.0	3400.0	0.0	0.0
56276.0	22.53	25.5	1.14	19.98	0.0	0.0	3400.0	0.0	0.0
56336.0	22.17	25.27	1.15	19.98	0.0	0.0	3400.0	0.0	0.0
56400.0	22.03	25.33	1.15	19.97	0.0	0.0	3400.0	0.0	0.0
56459.0	22.27	25.61	1.14	19.98	0.0	0.0	3400.0	0.0	0.0
56518.0	22.42	25.61	1.14	19.98	0.0	0.0	3400.0	0.0	0.0
56578.0	22.48	25.53	1.14	19.98	0.0	0.0	3400.0	0.0	0.0
56637.0	22.45	25.47	1.14	19.98	0.0	0.0	3400.0	0.0	0.0
56695.0	22.32	24.81	1.15	19.97	0.0	0.0	3400.0	0.0	0.0
56750.0	22.12	25.06	1.15	19.97	0.0	0.0	3400.0	0.0	0.0
56814.0	22.39	25.6	1.14	19.98	0.0	0.0	3400.0	0.0	0.0
56868.0	22.49	25.53	1.14	19.98	0.0	0.0	3400.0	0.0	0.0
56928.0	22.54	25.47	1.14	19.98	0.0	0.0	3400.0	0.0	0.0
56991.0	22.5	25.35	1.14	19.98	0.0	0.0	3400.0	0.0	0.0
57046.0	21.76	25.12	1.15	19.96	0.0	0.0	3400.0	0.0	0.0
57110.0	21.79	25.25	1.15	19.97	0.0	0.0	3400.0	0.0	0.0
57169.0	22.27	25.7	1.13	19.98	0.0	0.0	3400.0	0.0	0.0
57233.0	22.41	25.56	1.14	19.98	0.0	0.0	3400.0	0.0	0.0
57287.0	22.48	25.5	1.14	19.98	0.0	0.0	3400.0	0.0	0.0
57352.0	22.46	25.36	1.14	19.98	0.0	0.0	3400.0	0.0	0.0
57406.0	22.11	25.06	1.15	19.97	0.0	0.0	3400.0	0.0	0.0
57469.0	22.16	25.27	1.15	19.98	0.0	0.0	3400.0	0.0	0.0
57529.0	22.4	25.59	1.13	19.98	0.0	0.0	3400.0	0.0	0.0
57588.0	22.49	25.51	1.14	19.98	0.0	0.0	3400.0	0.0	0.0
57648.0	22.52	25.47	1.14	19.98	0.0	0.0	3400.0	0.0	0.0
57711.0	22.38	25.34	1.15	19.98	0.0	0.0	3400.0	0.0	0.0
57771.0	22.01	25.21	1.15	19.95	0.0	0.0	3400.0	0.0	0.0
57835.0	22.15	25.51	1.14	19.97	0.0	0.0	3400.0	0.0	0.0
57888.0	22.32	25.64	1.14	19.98	0.0	0.0	3400.0	0.0	0.0
57953.0	22.45	25.53	1.14	19.98	0.0	0.0	3400.0	0.0	0.0
58012.0	22.43	25.48	1.14	19.98	0.0	0.0	3400.0	0.0	0.0
58076.0	22.09	25.24	1.15	19.98	0.0	0.0	3400.0	0.0	0.0
58140.0	22.05	25.31	1.16	19.97	0.0	0.0	3400.0	0.0	0.0
58200.0	22.29	25.63	1.15	19.98	0.0	0.0	3400.0	0.0	0.0
58259.0	22.43	25.58	1.14	19.98	0.0	0.0	3400.0	0.0	0.0
58317.0	22.49	25.46	1.14	19.98	0.0	0.0	3400.0	0.0	0.0
58377.0	22.51	25.36	1.14	19.98	0.0	0.0	3400.0	0.0	0.0
58441.0	22.29	24.76	1.15	19.97	0.0	0.0	3400.0	0.0	0.0
58496.0	22.11	25.03	1.15	19.98	0.0	0.0	3400.0	0.0	0.0
58559.0	22.43	25.51	1.14	19.98	0.0	0.0	3400.0	0.0	0.0
58618.0	22.44	25.45	1.14	19.98	0.0	0.0	3400.0	0.0	0.0
58683.0	22.53	25.45	1.14	19.98	0.0	0.0	3400.0	0.0	0.0
58737.0	22.48	25.39	1.14	19.98	0.0	0.0	3400.0	0.0	0.0
58801.0	21.82	25.15	1.15	19.97	0.0	0.0	3400.0	0.0	0.0
58855.0	21.85	25.26	1.15	19.97	0.0	0.0	3400.0	0.0	0.0
58919.0	22.24	25.69	1.14	19.98	0.0	0.0	3400.0	0.0	0.0
58983.0	22.41	25.57	1.14	19.98	0.0	0.0	3400.0	0.0	0.0
59042.0	22.49	25.51	1.14	19.98	0.0	0.0	3400.0	0.0	0.0
59102.0	22.45	25.42	1.14	19.98	0.0	0.0	3400.0	0.0	0.0
59165.0	22.06	25.33	1.15	19.98	0.0	0.0	3400.0	0.0	0.0
59225.0	22.22	25.67	1.14	19.98	0.0	0.0	3400.0	0.0	0.0
59289.0	22.38	25.65	1.14	19.98	0.0	0.0	3400.0	0.0	0.0
59343.0	22.43	25.57	1.14	19.98	0.0	0.0	3400.0	0.0	0.0
59407.0	22.5	25.49	1.14	19.98	0.0	0.0	3400.0	0.0	0.0
59461.0	22.31	25.37	1.15	19.98	0.0	0.0	3400.0	0.0	0.0
59526.0	22.01	25.18	1.15	19.96	0.0	0.0	3400.0	0.0	0.0
59580.0	22.22	25.46	1.14	19.97	0.0	0.0	3400.0	0.0	0.0
59643.0	22.37	25.57	1.14	19.98	0.0	0.0	3400.0	0.0	0.0
59703.0	22.44	25.49	1.14	19.98	0.0	0.0	3400.0	0.0	0.0
59767.0	22.43	25.4	1.14	19.98	0.0	0.0	3400.0	0.0	0.0
59822.0	22.05	25.19	1.15	19.98	0.0	0.0	3400.0	0.0	0.0
59881.0	22.01	25.24	1.15	19.97	0.0	0.0	3400.0	0.0	0.0
59939.0	22.22	25.59	1.14	19.98	0.0	0.0	3400.0	0.0	0.0
60004.0	22.45	25.59	1.14	19.98	0.0	0.0	3400.0	0.0	0.0
60063.0	22.53	25.49	1.14	19.98	0.0	0.0	3400.0	0.0	0.0
60122.0	22.55	25.4	1.14	19.98	0.0	0.0	3400.0	0.0	0.0
60186.0	22.19	24.77	1.15	19.97	0.0	0.0	3400.0	0.0	0.0
60246.0	22.13	25.11	1.15	19.98	0.0	0.0	3400.0	0.0	0.0
60305.0	22.37	25.52	1.13	19.98	0.0	0.0	3400.0	0.0	0.0
60363.0	22.46	25.48	1.14	19.98	0.0	0.0	3400.0	0.0	0.0
60423.0	22.45	25.46	1.14	19.98	0.0	0.0	3400.0	0.0	0.0
60487.0	22.33	25.3	1.15	19.98	0.0	0.0	3400.0	0.0	0.0
60546.0	21.78	25.17	1.15	19.96	0.0	0.0	3400.0	0.0	0.0
60605.0	22.02	25.5	1.14	19.97	0.0	0.0	3400.0	0.0	0.0
60664.0	22.26	25.74	1.14	19.98	0.0	0.0	3400.0	0.0	0.0
60724.0	22.4	25.6	1.14	19.98	0.0	0.0	3400.0	0.0	0.0
60787.0	22.46	25.49	1.14	19.98	0.0	0.0	3400.0	0.0	0.0
60847.0	22.12	25.26	1.15	19.98	0.0	0.0	3400.0	0.0	0.0
60906.0	21.96	25.32	1.15	19.98	0.0	0.0	3400.0	0.0	0.0
60971.0	22.22	25.66	1.14	19.98	0.0	0.0	3400.0	0.0	0.0
61029.0	22.36	25.65	1.14	19.98	0.0	0.0	3400.0	0.0	0.0
61093.0	22.44	25.53	1.14	19.98	0.0	0.0	3400.0	0.0	0.0
61153.0	22.48	25.42	1.14	19.98	0.0	0.0	3400.0	0.0	0.0
61211.0	22.26	24.71	1.15	19.97	0.0	0.0	3400.0	0.0	0.0
61276.0	22.14	25.04	1.15	19.97	0.0	0.0	3400.0	0.0	0.0
61335.0	22.4	25.53	1.14	19.98	0.0	0.0	3400.0	0.0	0.0
61394.0	22.53	25.49	1.14	19.98	0.0	0.0	3400.0	0.0	0.0
61453.0	22.54	25.44	1.14	19.98	0.0	0.0	3400.0	0.0	0.0
61512.0	22.49	25.4	1.14	19.98	0.0	0.0	3400.0	0.0	0.0
61572.0	21.92	25.2	1.15	19.96	0.0	0.0	3400.0	0.0	0.0
61635.0	21.96	25.32	1.14	19.97	0.0	0.0	3400.0	0.0	0.0
61700.0	22.35	25.72	1.13	19.98	0.0	0.0	3400.0	0.0	0.0
61754.0	22.46	25.59	1.14	19.98	0.0	0.0	3400.0	0.0	0.0
61813.0	22.55	25.52	1.14	19.98	0.0	0.0	3400.0	0.0	0.0
61873.0	22.45	25.42	1.14	19.98	0.0	0.0	3400.0	0.0	0.0
61931.0	22.14	25.1	1.15	19.97	0.0	0.0	3400.0	0.0	0.0
61990.0	22.19	25.28	1.15	19.98	0.0	0.0	3400.0	0.0	0.0
62050.0	22.43	25.59	1.13	19.98	0.0	0.0	3400.0	0.0	0.0
62113.0	22.49	25.51	1.14	19.98	0.0	0.0	3400.0	0.0	0.0
62173.0	22.52	25.47	1.14	19.98	0.0	0.0	3400.0	0.0	0.0
62232.0	22.37	25.35	1.15	19.98	0.0	0.0	3400.0	0.0	0.0
62286.0	22.0	25.17	1.15	19.95	0.0	0.0	3400.0	0.0	0.0
62351.0	22.13	25.49	1.14	19.97	0.0	0.0	3400.0	0.0	0.0
62409.0	22.34	25.63	1.14	19.98	0.0	0.0	3400.0	0.0	0.0
62469.0	22.4	25.54	1.14	19.98	0.0	0.0	3400.0	0.0	0.0
62528.0	22.47	25.47	1.14	19.98	0.0	0.0	3400.0	0.0	0.0
62587.0	22.06	25.16	1.15	19.98	0.0	0.0	3400.0	0.0	0.0
62646.0	21.96	25.23	1.16	19.97	0.0	0.0	3400.0	0.0	0.0
62705.0	22.24	25.63	1.14	19.98	0.0	0.0	3400.0	0.0	0.0
62770.0	22.52	25.61	1.14	19.98	0.0	0.0	3400.0	0.0	0.0
62824.0	22.51	25.53	1.14	19.98	0.0	0.0	3400.0	0.0	0.0
62883.0	22.5	25.46	1.14	19.98	0.0	0.0	3400.0	0.0	0.0
62947.0	22.29	24.67	1.15	19.97	0.0	0.0	3400.0	0.0	0.0
63011.0	22.13	25.01	1.15	19.98	0.0	0.0	3400.0	0.0	0.0
63066.0	22.34	25.6	1.13	19.98	0.0	0.0	3400.0	0.0	0.0
63129.0	22.47	25.52	1.14	19.98	0.0	0.0	3400.0	0.0	0.0
63188.0	22.5	25.47	1.14	19.98	0.0	0.0	3400.0	0.0	0.0
63253.0	22.49	25.42	1.14	19.98	0.0	0.0	3400.0	0.0	0.0
63316.0	21.77	25.18	1.15	19.96	0.0	0.0	3400.0	0.0	0.0
63371.0	21.78	25.33	1.15	19.97	0.0	0.0	3400.0	0.0	0.0
63440.0	22.2	25.75	1.13	19.98	0.0	0.0	3400.0	0.0	0.0
63495.0	22.28	25.61	1.14	19.98	0.0	0.0	3400.0	0.0	0.0
63558.0	22.37	25.53	1.14	19.98	0.0	0.0	3400.0	0.0	0.0
63618.0	22.32	25.43	1.14	19.98	0.0	0.0	3400.0	0.0	0.0
63677.0	22.08	25.27	1.15	19.97	0.0	0.0	3400.0	0.0	0.0
63735.0	22.11	25.41	1.15	19.98	0.0	0.0	3400.0	0.0	0.0
63800.0	22.33	25.64	1.14	19.98	0.0	0.0	3400.0	0.0	0.0
63864.0	22.44	25.53	1.14	19.98	0.0	0.0	3400.0	0.0	0.0
63923.0	22.47	25.49	1.14	19.98	0.0	0.0	3400.0	0.0	0.0
63982.0	22.32	25.32	1.15	19.98	0.0	0.0	3400.0	0.0	0.0
64052.0	22.11	25.11	1.15	19.96	0.0	0.0	3400.0	0.0	0.0
64110.0	22.35	25.61	1.14	19.97	0.0	0.0	3400.0	0.0	0.0
64169.0	22.39	25.55	1.14	19.98	0.0	0.0	3400.0	0.0	0.0
64224.0	22.46	25.51	1.14	19.98	0.0	0.0	3400.0	0.0	0.0
64288.0	22.52	25.42	1.14	19.98	0.0	0.0	3400.0	0.0	0.0
64347.0	22.07	25.23	1.16	19.97	0.0	0.0	3400.0	0.0	0.0
64411.0	22.0	25.32	1.15	19.97	0.0	0.0	3400.0	0.0	0.0
64476.0	22.37	25.73	1.14	19.98	0.0	0.0	3400.0	0.0	0.0
64534.0	22.42	25.59	1.14	19.98	0.0	0.0	3400.0	0.0	0.0
64593.0	22.5	25.52	1.14	19.98	0.0	0.0	3400.0	0.0	0.0
64653.0	22.44	25.42	1.14	19.98	0.0	0.0	3400.0	0.0	0.0
64712.0	22.2	24.87	1.15	19.97	0.0	0.0	3400.0	0.0	0.0
64776.0	22.19	25.2	1.15	19.98	0.0	0.0	3400.0	0.0	0.0
64835.0	22.44	25.54	1.13	19.98	0.0	0.0	3400.0	0.0	0.0
64894.0	22.5	25.49	1.14	19.98	0.0	0.0	3400.0	0.0	0.0
64958.0	22.49	25.46	1.14	19.98	0.0	0.0	3400.0	0.0	0.0
65017.0	22.34	25.36	1.15	19.98	0.0	0.0	3400.0	0.0	0.0
65082.0	21.82	25.24	1.15	19.96	0.0	0.0	3400.0	0.0	0.0
65141.0	22.06	25.49	1.14	19.97	0.0	0.0	3400.0	0.0	0.0
65205.0	22.37	25.66	1.14	19.98	0.0	0.0	3400.0	0.0	0.0
65259.0	22.43	25.56	1.14	19.98	0.0	0.0	3400.0	0.0	0.0
65318.0	22.5	25.47	1.14	19.98	0.0	0.0	3400.0	0.0	0.0
65382.0	22.23	25.23	1.15	19.98	0.0	0.0	3400.0	0.0	0.0
65441.0	22.12	25.31	1.15	19.98	0.0	0.0	3400.0	0.0	0.0
65501.0	22.33	25.59	1.14	19.98	0.0	0.0	3400.0	0.0	0.0
65565.0	22.45	25.58	1.14	19.98	0.0	0.0	3400.0	0.0	0.0
65624.0	22.53	25.52	1.14	19.98	0.0	0.0	3400.0	0.0	0.0
65683.0	22.49	25.43	1.14	19.98	0.0	0.0	3400.0	0.0	0.0
65742.0	22.26	24.94	1.15	19.98	0.0	0.0	3400.0	0.0	0.0
65806.0	22.15	25.19	1.15	19.97	0.0	0.0	3400.0	0.0	0.0
65865.0	22.42	25.64	1.13	19.98	0.0	0.0	3400.0	0.0	0.0
65930.0	22.53	25.53	1.14	19.98	0.0	0.0	3400.0	0.0	0.0
65989.0	22.55	25.48	1.14	19.98	0.0	0.0	3400.0	0.0	0.0
66048.0	22.51	25.37	1.14	19.98	0.0	0.0	3400.0	0.0	0.0
66107.0	21.96	25.28	1.16	19.97	0.0	0.0	3400.0	0.0	0.0
66171.0	22.06	25.52	1.15	19.98	0.0	0.0	3400.0	0.0	0.0
66226.0	22.34	25.76	1.14	19.98	0.0	0.0	3400.0	0.0	0.0
66289.0	22.44	25.59	1.14	19.98	0.0	0.0	3400.0	0.0	0.0
66349.0	22.43	25.51	1.14	19.98	0.0	0.0	3400.0	0.0	0.0
66408.0	22.25	25.29	1.15	19.98	0.0	0.0	3400.0	0.0	0.0
66471.0	22.14	25.2	1.15	19.98	0.0	0.0	3400.0	0.0	0.0
66531.0	22.29	25.55	1.14	19.98	0.0	0.0	3400.0	0.0	0.0
66590.0	22.46	25.6	1.14	19.98	0.0	0.0	3400.0	0.0	0.0
66650.0	22.51	25.51	1.14	19.98	0.0	0.0	3400.0	0.0	0.0
66709.0	22.51	25.46	1.14	19.98	0.0	0.0	3400.0	0.0	0.0
66772.0	22.35	25.08	1.15	19.97	0.0	0.0	3400.0	0.0	0.0
66832.0	22.14	25.23	1.15	19.95	0.0	0.0	3400.0	0.0	0.0
66891.0	22.37	25.67	1.14	19.97	0.0	0.0	3400.0	0.0	0.0
66950.0	22.48	25.59	1.14	19.97	0.0	0.0	3400.0	0.0	0.0
67009.0	22.53	25.48	1.14	19.98	0.0	0.0	3400.0	0.0	0.0
67074.0	22.56	25.42	1.14	19.98	0.0	0.0	3400.0	0.0	0.0
67133.0	22.15	25.22	1.17	19.97	0.0	0.0	3400.0	0.0	0.0
67191.0	22.06	25.28	1.15	19.97	0.0	0.0	3400.0	0.0	0.0
67251.0	22.44	25.73	1.14	19.98	0.0	0.0	3400.0	0.0	0.0
67315.0	22.5	25.58	1.14	19.98	0.0	0.0	3400.0	0.0	0.0
67374.0	22.57	25.51	1.14	19.98	0.0	0.0	3400.0	0.0	0.0
67433.0	22.49	25.42	1.14	19.98	0.0	0.0	3400.0	0.0	0.0
67487.0	22.22	24.83	1.15	19.97	0.0	0.0	3400.0	0.0	0.0
67552.0	22.17	25.19	1.15	19.98	0.0	0.0	3400.0	0.0	0.0
67606.0	22.38	25.65	1.13	19.98	0.0	0.0	3400.0	0.0	0.0
67670.0	22.5	25.53	1.14	19.98	0.0	0.0	3400.0	0.0	0.0
67729.0	22.48	25.48	1.14	19.98	0.0	0.0	3400.0	0.0	0.0
67793.0	22.35	25.38	1.15	19.98	0.0	0.0	3400.0	0.0	0.0
67852.0	21.77	25.24	1.15	19.97	0.0	0.0	3400.0	0.0	0.0
67916.0	22.02	25.53	1.14	19.98	0.0	0.0	3400.0	0.0	0.0
67981.0	22.31	25.7	1.14	19.98	0.0	0.0	3400.0	0.0	0.0
68039.0	22.44	25.58	1.14	19.98	0.0	0.0	3400.0	0.0	0.0
68099.0	22.5	25.48	1.14	19.98	0.0	0.0	3400.0	0.0	0.0
68158.0	22.26	25.26	1.15	19.98	0.0	0.0	3400.0	0.0	0.0
68217.0	22.12	25.29	1.15	19.98	0.0	0.0	3400.0	0.0	0.0
68281.0	22.33	25.58	1.14	19.98	0.0	0.0	3400.0	0.0	0.0
68340.0	22.49	25.6	1.14	19.98	0.0	0.0	3400.0	0.0	0.0
68400.0	22.54	25.52	1.14	19.98	0.0	0.0	3400.0	0.0	0.0
68463.0	22.52	25.45	1.14	19.98	0.0	0.0	3400.0	0.0	0.0
68523.0	22.4	24.98	1.15	19.98	0.0	0.0	3400.0	0.0	0.0
68582.0	22.2	25.2	1.15	19.96	0.0	0.0	3400.0	0.0	0.0
68641.0	22.39	25.61	1.14	19.97	0.0	0.0	3400.0	0.0	0.0
68701.0	22.51	25.55	1.14	19.98	0.0	0.0	3400.0	0.0	0.0
68764.0	22.51	25.5	1.14	19.98	0.0	0.0	3400.0	0.0	0.0
68824.0	22.44	25.45	1.14	19.98	0.0	0.0	3400.0	0.0	0.0
68883.0	22.0	25.29	1.16	19.97	0.0	0.0	3400.0	0.0	0.0
68941.0	22.0	25.34	1.15	19.97	0.0	0.0	3400.0	0.0	0.0
69006.0	22.36	25.73	1.14	19.98	0.0	0.0	3400.0	0.0	0.0
69065.0	22.52	25.6	1.14	19.98	0.0	0.0	3400.0	0.0	0.0
69125.0	22.53	25.52	1.14	19.98	0.0	0.0	3400.0	0.0	0.0
69188.0	22.35	25.28	1.15	19.98	0.0	0.0	3400.0	0.0	0.0
69248.0	22.11	25.15	1.15	19.98	0.0	0.0	3400.0	0.0	0.0
69307.0	22.29	25.52	1.14	19.98	0.0	0.0	3400.0	0.0	0.0
69370.0	22.48	25.56	1.14	19.98	0.0	0.0	3400.0	0.0	0.0
69430.0	22.58	25.5	1.14	19.98	0.0	0.0	3400.0	0.0	0.0
69489.0	22.6	25.46	1.14	19.98	0.0	0.0	3400.0	0.0	0.0
69549.0	22.18	25.08	1.15	19.97	0.0	0.0	3400.0	0.0	0.0
69612.0	22.03	25.21	1.15	19.96	0.0	0.0	3400.0	0.0	0.0
69671.0	22.34	25.66	1.14	19.97	0.0	0.0	3400.0	0.0	0.0
69731.0	22.51	25.64	1.14	19.98	0.0	0.0	3400.0	0.0	0.0
69794.0	22.57	25.51	1.14	19.98	0.0	0.0	3400.0	0.0	0.0
69854.0	22.59	25.42	1.14	19.98	0.0	0.0	3400.0	0.0	0.0
69913.0	22.23	25.25	1.16	19.97	0.0	0.0	3400.0	0.0	0.0
69972.0	22.12	25.3	1.15	19.98	0.0	0.0	3400.0	0.0	0.0
70036.0	22.46	25.75	1.14	19.98	0.0	0.0	3400.0	0.0	0.0
70095.0	22.57	25.6	1.14	19.98	0.0	0.0	3400.0	0.0	0.0
70160.0	22.57	25.52	1.14	19.98	0.0	0.0	3400.0	0.0	0.0
70214.0	22.56	25.42	1.14	19.98	0.0	0.0	3400.0	0.0	0.0
70273.0	22.3	24.89	1.15	19.96	0.0	0.0	3400.0	0.0	0.0
70337.0	22.2	25.22	1.15	19.97	0.0	0.0	3400.0	0.0	0.0
70396.0	22.46	25.62	1.13	19.98	0.0	0.0	3400.0	0.0	0.0
70456.0	22.56	25.53	1.14	19.98	0.0	0.0	3400.0	0.0	0.0
70514.0	22.54	25.48	1.14	19.98	0.0	0.0	3400.0	0.0	0.0
70579.0	22.44	25.39	1.15	19.98	0.0	0.0	3400.0	0.0	0.0
70642.0	22.0	25.32	1.15	19.97	0.0	0.0	3400.0	0.0	0.0
70696.0	22.14	25.55	1.14	19.98	0.0	0.0	3400.0	0.0	0.0
70761.0	22.38	25.71	1.14	19.98	0.0	0.0	3400.0	0.0	0.0
70820.0	22.5	25.58	1.14	19.98	0.0	0.0	3400.0	0.0	0.0
70884.0	22.6	25.49	1.14	19.98	0.0	0.0	3400.0	0.0	0.0
70938.0	22.39	25.26	1.15	19.98	0.0	0.0	3400.0	0.0	0.0
71003.0	22.25	25.19	1.15	19.98	0.0	0.0	3400.0	0.0	0.0
71062.0	22.37	25.49	1.14	19.98	0.0	0.0	3400.0	0.0	0.0
71120.0	22.51	25.57	1.14	19.98	0.0	0.0	3400.0	0.0	0.0
71180.0	22.6	25.51	1.14	19.98	0.0	0.0	3400.0	0.0	0.0
71239.0	22.57	25.47	1.14	19.98	0.0	0.0	3400.0	0.0	0.0
71304.0	22.18	25.15	1.15	19.98	0.0	0.0	3400.0	0.0	0.0
71358.0	22.07	25.26	1.15	19.96	0.0	0.0	3400.0	0.0	0.0
71421.0	22.32	25.67	1.14	19.97	0.0	0.0	3400.0	0.0	0.0
71481.0	22.46	25.59	1.14	19.98	0.0	0.0	3400.0	0.0	0.0
71545.0	22.55	25.52	1.14	19.98	0.0	0.0	3400.0	0.0	0.0
71599.0	22.49	25.46	1.14	19.98	0.0	0.0	3400.0	0.0	0.0
71663.0	22.18	25.29	1.17	19.97	0.0	0.0	3400.0	0.0	0.0
71717.0	22.01	25.35	1.16	19.98	0.0	0.0	3400.0	0.0	0.0
71782.0	22.41	25.77	1.14	19.98	0.0	0.0	3400.0	0.0	0.0
71840.0	22.46	25.61	1.14	19.98	0.0	0.0	3400.0	0.0	0.0
71900.0	22.5	25.53	1.14	19.98	0.0	0.0	3400.0	0.0	0.0
71959.0	22.47	25.43	1.15	19.98	0.0	0.0	3400.0	0.0	0.0
72024.0	22.29	24.94	1.15	19.97	0.0	0.0	3400.0	0.0	0.0
72082.0	22.25	25.22	1.15	19.98	0.0	0.0	3400.0	0.0	0.0
72146.0	22.47	25.57	1.14	19.98	0.0	0.0	3400.0	0.0	0.0
72201.0	22.55	25.51	1.14	19.98	0.0	0.0	3400.0	0.0	0.0
72264.0	22.56	25.44	1.14	19.98	0.0	0.0	3400.0	0.0	0.0
72318.0	22.42	25.34	1.15	19.98	0.0	0.0	3400.0	0.0	0.0
72388.0	21.83	25.24	1.15	19.97	0.0	0.0	3400.0	0.0	0.0
72448.0	22.28	25.67	1.14	19.98	0.0	0.0	3400.0	0.0	0.0
72511.0	22.41	25.61	1.14	19.98	0.0	0.0	3400.0	0.0	0.0
72570.0	22.51	25.52	1.14	19.98	0.0	0.0	3400.0	0.0	0.0
72630.0	22.48	25.46	1.14	19.98	0.0	0.0	3400.0	0.0	0.0
72688.0	22.24	25.29	1.16	19.97	0.0	0.0	3400.0	0.0	0.0
72753.0	22.09	25.35	1.15	19.98	0.0	0.0	3400.0	0.0	0.0
72807.0	22.4	25.77	1.14	19.98	0.0	0.0	3400.0	0.0	0.0
72871.0	22.51	25.59	1.14	19.98	0.0	0.0	3400.0	0.0	0.0
72930.0	22.54	25.52	1.14	19.98	0.0	0.0	3400.0	0.0	0.0
72989.0	22.54	25.43	1.14	19.98	0.0	0.0	3400.0	0.0	0.0
73049.0	22.19	25.16	1.15	19.95	0.0	0.0	3400.0	0.0	0.0
73108.0	22.16	25.34	1.15	19.96	0.0	0.0	3400.0	0.0	0.0
73171.0	22.43	25.75	1.13	19.97	0.0	0.0	3400.0	0.0	0.0
73231.0	22.51	25.61	1.14	19.98	0.0	0.0	3400.0	0.0	0.0
73290.0	22.57	25.52	1.14	19.98	0.0	0.0	3400.0	0.0	0.0
73354.0	22.45	25.4	1.14	19.98	0.0	0.0	3400.0	0.0	0.0
73413.0	22.07	25.3	1.16	19.97	0.0	0.0	3400.0	0.0	0.0
73478.0	22.23	25.5	1.15	19.98	0.0	0.0	3400.0	0.0	0.0
73532.0	22.46	25.72	1.14	19.98	0.0	0.0	3400.0	0.0	0.0
73595.0	22.52	25.58	1.14	19.98	0.0	0.0	3400.0	0.0	0.0
73655.0	22.54	25.5	1.14	19.98	0.0	0.0	3400.0	0.0	0.0
73714.0	22.37	25.28	1.15	19.98	0.0	0.0	3400.0	0.0	0.0
73778.0	22.21	25.2	1.15	19.98	0.0	0.0	3400.0	0.0	0.0
73842.0	22.4	25.51	1.14	19.98	0.0	0.0	3400.0	0.0	0.0
73902.0	22.55	25.58	1.14	19.98	0.0	0.0	3400.0	0.0	0.0
73961.0	22.62	25.49	1.14	19.98	0.0	0.0	3400.0	0.0	0.0
74019.0	22.63	25.45	1.14	19.98	0.0	0.0	3400.0	0.0	0.0
74079.0	21.91	25.11	1.15	19.98	0.0	0.0	3400.0	0.0	0.0
74138.0	21.98	25.23	1.15	19.97	0.0	0.0	3400.0	0.0	0.0
74203.0	22.34	25.65	1.14	19.97	0.0	0.0	3400.0	0.0	0.0
74261.0	22.47	25.63	1.14	19.98	0.0	0.0	3400.0	0.0	0.0
74320.0	22.57	25.54	1.14	19.98	0.0	0.0	3400.0	0.0	0.0
74380.0	22.58	25.47	1.14	19.98	0.0	0.0	3400.0	0.0	0.0
74443.0	22.28	25.33	1.16	19.97	0.0	0.0	3400.0	0.0	0.0
74498.0	22.15	25.35	1.15	19.98	0.0	0.0	3400.0	0.0	0.0
74562.0	22.51	25.76	1.14	19.98	0.0	0.0	3400.0	0.0	0.0
74621.0	22.58	25.62	1.14	19.98	0.0	0.0	3400.0	0.0	0.0
74685.0	22.55	25.54	1.14	19.98	0.0	0.0	3400.0	0.0	0.0

================================Data log ends here================================