Log created on 1-5-2018__19.36.46
tes 12

Time	MAT	CHT	MAP	AFR	TPS	RPM	CCM	Cons	State
47451.0	22.2	42.44	1.13	20.0	8.0	0.0	3200.0	0.0	0.0
47510.0	22.15	42.41	1.13	20.0	8.0	0.0	3200.0	0.0	0.0
47564.0	22.1	42.4	1.13	20.0	8.0	0.0	3200.0	0.0	0.0
47630.0	21.97	42.43	1.13	20.0	8.0	0.0	3200.0	0.0	0.0
47689.0	21.86	42.46	1.13	20.0	8.0	0.0	3200.0	0.0	0.0
47749.0	21.81	42.46	1.13	20.0	8.0	0.0	3200.0	0.0	0.0
47809.0	21.83	42.57	1.13	20.0	8.0	0.0	3200.0	0.0	0.0
47868.0	21.91	42.44	1.13	20.0	8.0	0.0	3200.0	0.0	0.0
47929.0	22.12	42.46	1.13	20.0	8.0	0.0	3200.0	0.0	0.0
47993.0	22.07	42.47	1.13	20.0	8.0	0.0	3200.0	0.0	0.0
48054.0	22.02	42.44	1.13	20.0	8.0	0.0	3200.0	0.0	0.0
48113.0	22.14	42.41	1.13	20.0	8.0	0.0	3200.0	0.0	0.0
48184.0	22.21	42.4	1.13	20.0	8.0	0.0	3200.0	0.0	0.0
48244.0	22.09	42.41	1.13	20.0	8.0	0.0	3200.0	0.0	0.0
48309.0	22.0	42.43	1.13	20.0	8.0	0.0	3200.0	0.0	0.0
48369.0	21.97	42.4	1.13	20.0	8.0	0.0	3200.0	0.0	0.0
48429.0	21.9	42.39	1.13	20.0	8.0	0.0	3200.0	0.0	0.0
48489.0	21.9	42.36	1.13	20.0	8.0	0.0	3200.0	0.0	0.0
48543.0	21.85	42.35	1.13	20.0	8.0	0.0	3200.0	0.0	0.0
48608.0	21.93	42.46	1.13	20.0	8.0	0.0	3200.0	0.0	0.0
48663.0	21.67	42.44	1.14	20.0	8.0	0.0	3200.0	0.0	0.0
48728.0	21.88	42.4	1.13	20.0	8.0	0.0	3200.0	0.0	0.0
48782.0	21.77	42.38	1.13	20.0	8.0	0.0	3200.0	0.0	0.0
48842.0	21.94	42.34	1.13	20.0	8.0	0.0	3200.0	0.0	0.0
48908.0	22.02	42.43	1.13	20.0	8.0	0.0	3200.0	0.0	0.0
48962.0	21.96	42.39	1.13	20.0	8.0	0.0	3200.0	0.0	0.0
49021.0	21.98	42.55	1.13	20.0	8.0	0.0	3200.0	0.0	0.0
49081.0	21.89	41.81	1.14	20.0	8.0	0.0	3200.0	0.0	0.0
49141.0	21.93	42.11	1.13	20.0	8.0	0.0	3200.0	0.0	0.0
49196.0	22.07	42.24	1.13	20.0	8.0	0.0	3200.0	0.0	0.0
49255.0	21.93	42.35	1.13	20.0	8.0	0.0	3200.0	0.0	0.0
49309.0	21.74	42.38	1.13	20.0	8.0	0.0	3200.0	0.0	0.0
49375.0	21.96	42.36	1.13	20.0	8.0	0.0	3200.0	0.0	0.0
49429.0	22.07	42.49	1.13	20.0	8.0	0.0	3200.0	0.0	0.0
49489.0	22.03	42.67	1.13	20.0	8.0	0.0	3200.0	0.0	0.0
49549.0	21.97	42.56	1.13	20.0	8.0	0.0	3200.0	0.0	0.0
49608.0	22.14	42.55	1.13	20.0	8.0	0.0	3200.0	0.0	0.0
49669.0	21.95	42.48	1.13	20.0	8.0	0.0	3200.0	0.0	0.0
49723.0	21.94	42.44	1.13	20.0	8.0	0.0	3200.0	0.0	0.0
49782.0	21.84	42.39	1.13	20.0	8.0	0.0	3200.0	0.0	0.0
49843.0	21.96	42.36	1.13	20.0	8.0	0.0	3200.0	0.0	0.0
49902.0	22.04	42.4	1.13	20.0	8.0	0.0	3200.0	0.0	0.0
49956.0	22.0	42.52	1.13	20.0	8.0	0.0	3200.0	0.0	0.0
50022.0	21.94	42.36	1.13	20.0	8.0	0.0	3200.0	0.0	0.0
50076.0	21.91	42.35	1.13	20.0	8.0	0.0	3200.0	0.0	0.0
50136.0	21.98	42.36	1.13	20.0	8.0	0.0	3200.0	0.0	0.0
50191.0	22.13	42.41	1.13	20.0	8.0	0.0	3200.0	0.0	0.0
50255.0	22.12	42.43	1.14	20.0	8.0	0.0	3200.0	0.0	0.0
50310.0	22.14	42.4	1.13	20.0	8.0	0.0	3200.0	0.0	0.0
50370.0	22.0	42.41	1.13	20.0	8.0	0.0	3200.0	0.0	0.0
50435.0	21.98	42.38	1.13	20.0	8.0	0.0	3200.0	0.0	0.0
50495.0	22.07	42.6	1.13	20.0	7.0	0.0	3200.0	0.0	0.0
50554.0	22.32	42.75	1.13	20.0	8.0	0.0	3200.0	0.0	0.0
50609.0	22.14	42.76	1.13	20.0	8.0	0.0	3200.0	0.0	0.0
50669.0	22.12	42.78	1.12	20.0	8.0	0.0	3200.0	0.0	0.0
50728.0	21.94	42.24	1.13	20.0	8.0	0.0	3200.0	0.0	0.0
50783.0	21.78	42.28	1.13	20.0	8.0	0.0	3200.0	0.0	0.0
50848.0	21.93	42.36	1.13	20.0	8.0	0.0	3200.0	0.0	0.0
50903.0	21.91	42.42	1.13	20.0	8.0	0.0	3200.0	0.0	0.0
50968.0	21.85	42.41	1.13	20.0	8.0	0.0	3200.0	0.0	0.0
51022.0	21.92	42.38	1.13	20.0	8.0	0.0	3200.0	0.0	0.0
51082.0	22.01	42.38	1.13	20.0	8.0	0.0	3200.0	0.0	0.0
51137.0	22.0	42.36	1.13	20.0	8.0	0.0	3200.0	0.0	0.0
51196.0	21.99	42.4	1.13	20.0	8.0	0.0	3200.0	0.0	0.0
51251.0	22.02	42.45	1.14	20.0	8.0	0.0	3200.0	0.0	0.0
51310.0	21.99	42.4	1.13	20.0	8.0	0.0	3200.0	0.0	0.0
51371.0	22.04	42.38	1.13	20.0	8.0	0.0	3200.0	0.0	0.0
51430.0	22.07	42.38	1.13	20.0	8.0	0.0	3200.0	0.0	0.0
51490.0	22.21	42.36	1.13	20.0	8.0	0.0	3200.0	0.0	0.0
51545.0	22.22	42.48	1.13	20.0	8.0	0.0	3200.0	0.0	0.0
51609.0	22.18	42.58	1.13	20.0	8.0	0.0	3200.0	0.0	0.0
51664.0	22.13	42.68	1.13	20.0	8.0	0.0	3200.0	0.0	0.0
51724.0	21.88	42.38	1.13	20.0	8.0	0.0	3200.0	0.0	0.0
51778.0	21.94	42.38	1.13	20.0	8.0	0.0	3200.0	0.0	0.0
51844.0	21.83	42.39	1.13	20.0	8.0	0.0	3200.0	0.0	0.0
51903.0	21.93	42.39	1.13	20.0	8.0	0.0	3200.0	0.0	0.0
51963.0	21.83	42.38	1.13	20.0	8.0	0.0	3200.0	0.0	0.0
52028.0	21.88	42.36	1.13	20.0	8.0	0.0	3200.0	0.0	0.0
52088.0	21.85	42.35	1.13	20.0	8.0	0.0	3200.0	0.0	0.0
52143.0	21.88	42.37	1.13	20.0	8.0	0.0	3200.0	0.0	0.0
52202.0	21.94	42.45	1.13	20.0	8.0	0.0	3200.0	0.0	0.0
52262.0	21.94	42.51	1.13	20.0	8.0	0.0	3200.0	0.0	0.0
52322.0	21.34	42.24	1.13	20.0	8.0	0.0	3200.0	0.0	0.0
52376.0	21.62	42.44	1.13	20.0	8.0	0.0	3200.0	0.0	0.0
52436.0	21.72	42.39	1.13	20.0	8.0	0.0	3200.0	0.0	0.0
52491.0	21.91	42.39	1.13	20.0	8.0	0.0	3200.0	0.0	0.0
52550.0	22.03	42.4	1.13	20.0	8.0	0.0	3200.0	0.0	0.0
52611.0	22.2	42.46	1.16	20.0	8.0	0.0	3200.0	0.0	0.0
52675.0	22.11	42.41	1.15	20.0	8.0	0.0	3200.0	0.0	0.0
52736.0	22.06	42.38	1.14	20.0	8.0	0.0	3200.0	0.0	0.0
52790.0	21.98	42.36	1.14	20.0	8.0	0.0	3200.0	0.0	0.0
52844.0	21.98	42.33	1.13	20.0	8.0	0.0	3200.0	0.0	0.0
52903.0	22.04	42.4	1.13	20.0	8.0	0.0	3200.0	0.0	0.0
52964.0	21.9	42.38	1.15	20.0	8.0	0.0	3200.0	0.0	0.0
53023.0	21.92	42.38	1.14	20.0	8.0	0.0	3200.0	0.0	0.0
53089.0	22.01	42.37	1.14	20.0	8.0	0.0	3200.0	0.0	0.0
53143.0	22.15	42.34	1.13	20.0	8.0	0.0	3200.0	0.0	0.0
53202.0	21.29	42.4	1.13	20.0	8.0	0.0	3200.0	0.0	0.0
53268.0	21.65	42.43	1.14	20.0	8.0	0.0	3200.0	0.0	0.0
53317.0	21.68	42.42	1.13	20.0	2.0	21.71	42.43	1.13	20.0
53383.0	21.51	42.17	1.13	20.0	8.0	0.0	3200.0	0.0	0.0
53442.0	21.81	42.4	1.13	20.0	8.0	0.0	3200.0	0.0	0.0
53501.0	22.01	42.39	1.13	20.0	8.0	0.0	3200.0	0.0	0.0
53562.0	22.19	42.43	1.13	20.0	8.0	0.0	3200.0	0.0	0.0
53621.0	22.3	42.43	1.14	20.0	8.0	0.0	3200.0	0.0	0.0
53676.0	22.15	42.4	1.13	20.0	8.0	0.0	3200.0	0.0	0.0
53736.0	22.13	42.39	1.13	20.0	8.0	0.0	3200.0	0.0	0.0
53795.0	22.0	42.36	1.13	20.0	8.0	0.0	3200.0	0.0	0.0
53856.0	22.08	42.39	1.13	20.0	8.0	0.0	3200.0	0.0	0.0
53915.0	22.01	42.41	1.14	20.0	8.0	0.0	3200.0	0.0	0.0
53969.0	21.99	42.4	1.14	20.0	8.0	0.0	3200.0	0.0	0.0
54029.0	22.04	42.37	1.13	20.0	8.0	0.0	3200.0	0.0	0.0
54084.0	22.06	42.37	1.13	20.0	8.0	0.0	3200.0	0.0	0.0
54144.0	22.13	42.36	1.13	20.0	8.0	0.0	3200.0	0.0	0.0
54203.0	22.06	42.43	1.14	20.0	8.0	0.0	3200.0	0.0	0.0
54257.0	22.05	42.4	1.14	20.0	8.0	0.0	3200.0	0.0	0.0
54318.0	22.06	42.39	1.13	20.0	8.0	0.0	3200.0	0.0	0.0
54377.0	22.06	42.36	1.13	20.0	8.0	0.0	3200.0	0.0	0.0
54431.0	22.07	42.35	1.13	20.0	8.0	0.0	3200.0	0.0	0.0
54497.0	22.16	42.42	1.13	20.0	8.0	0.0	3200.0	0.0	0.0
54551.0	22.13	42.4	1.14	20.0	8.0	0.0	3200.0	0.0	0.0
54610.0	22.04	42.37	1.13	20.0	8.0	0.0	3200.0	0.0	0.0
54671.0	22.01	42.37	1.13	20.0	8.0	0.0	3200.0	0.0	0.0
54730.0	22.12	42.34	1.13	20.0	8.0	0.0	3200.0	0.0	0.0
54791.0	22.17	42.38	1.13	20.0	8.0	0.0	3200.0	0.0	0.0
54845.0	22.11	42.43	1.14	20.0	8.0	0.0	3200.0	0.0	0.0
54904.0	22.14	42.4	1.14	20.0	8.0	0.0	3200.0	0.0	0.0
54965.0	22.09	42.35	1.13	20.0	8.0	0.0	3200.0	0.0	0.0
55019.0	22.04	42.35	1.13	20.0	8.0	0.0	3200.0	0.0	0.0
55078.0	22.17	42.34	1.13	20.0	8.0	0.0	3200.0	0.0	0.0
55139.0	22.18	42.39	1.13	20.0	8.0	0.0	3200.0	0.0	0.0
55198.0	22.11	42.45	1.14	20.0	8.0	0.0	3200.0	0.0	0.0
55252.0	21.96	42.32	1.13	20.0	8.0	0.0	3200.0	0.0	0.0
55313.0	21.98	42.34	1.13	20.0	8.0	0.0	3200.0	0.0	0.0
55372.0	21.92	42.34	1.13	20.0	8.0	0.0	3200.0	0.0	0.0
55432.0	22.09	42.31	1.13	20.0	8.0	0.0	3200.0	0.0	0.0
55492.0	22.16	42.37	1.13	20.0	8.0	0.0	3200.0	0.0	0.0
55546.0	22.11	42.37	1.14	20.0	8.0	0.0	3200.0	0.0	0.0
55606.0	21.94	42.32	1.13	20.0	8.0	0.0	3200.0	0.0	0.0
55660.0	21.93	42.33	1.13	20.0	8.0	0.0	3200.0	0.0	0.0
55720.0	21.97	42.31	1.13	20.0	8.0	0.0	3200.0	0.0	0.0
55775.0	22.12	42.3	1.13	20.0	8.0	0.0	3200.0	0.0	0.0
55834.0	22.16	42.36	1.13	20.0	8.0	0.0	3200.0	0.0	0.0
55895.0	22.04	42.39	1.14	20.0	8.0	0.0	3200.0	0.0	0.0
55954.0	22.01	42.33	1.13	20.0	8.0	0.0	3200.0	0.0	0.0
56008.0	21.89	42.32	1.13	20.0	8.0	0.0	3200.0	0.0	0.0
56069.0	21.92	42.3	1.13	20.0	8.0	0.0	3200.0	0.0	0.0
56123.0	21.52	42.24	1.13	20.0	8.0	0.0	3200.0	0.0	0.0
56188.0	21.75	42.09	1.14	20.0	8.0	0.0	3200.0	0.0	0.0
56248.0	21.84	42.18	1.13	20.0	8.0	0.0	3200.0	0.0	0.0
56307.0	21.98	42.24	1.13	20.0	8.0	0.0	3200.0	0.0	0.0
56363.0	21.98	42.28	1.13	20.0	8.0	0.0	3200.0	0.0	0.0
56422.0	21.96	42.28	1.13	20.0	8.0	0.0	3200.0	0.0	0.0
56476.0	21.97	42.25	1.13	20.0	8.0	0.0	3200.0	0.0	0.0
56537.0	22.07	42.33	1.13	20.0	8.0	0.0	3200.0	0.0	0.0
56596.0	22.02	42.36	1.14	20.0	8.0	0.0	3200.0	0.0	0.0
56655.0	22.0	42.35	1.13	20.0	8.0	0.0	3200.0	0.0	0.0
56710.0	21.96	42.27	1.13	20.0	8.0	0.0	3200.0	0.0	0.0
56770.0	21.95	41.93	1.13	20.0	8.0	0.0	3200.0	0.0	0.0
56824.0	21.98	42.07	1.13	20.0	8.0	0.0	3200.0	0.0	0.0
56884.0	21.94	42.14	1.13	20.0	8.0	0.0	3200.0	0.0	0.0
56944.0	21.87	42.2	1.13	20.0	8.0	0.0	3200.0	0.0	0.0
57004.0	21.86	42.17	1.13	20.0	8.0	0.0	3200.0	0.0	0.0
57064.0	21.87	42.2	1.13	20.0	8.0	0.0	3200.0	0.0	0.0
57118.0	21.86	42.07	1.13	20.0	8.0	0.0	3200.0	0.0	0.0
57178.0	22.01	42.21	1.13	20.0	8.0	0.0	3200.0	0.0	0.0
57237.0	22.03	42.24	1.14	20.0	8.0	0.0	3200.0	0.0	0.0
57297.0	21.97	42.18	1.13	20.0	8.0	0.0	3200.0	0.0	0.0
57357.0	22.07	42.19	1.13	20.0	8.0	0.0	3200.0	0.0	0.0
57417.0	22.09	42.16	1.13	20.0	8.0	0.0	3200.0	0.0	0.0
57472.0	22.18	42.29	1.13	20.0	8.0	0.0	3200.0	0.0	0.0
57531.0	22.13	42.34	1.14	20.0	8.0	0.0	3200.0	0.0	0.0
57585.0	22.04	42.3	1.14	20.0	8.0	0.0	3200.0	0.0	0.0
57640.0	21.97	42.21	1.13	20.0	8.0	0.0	3200.0	0.0	0.0
57700.0	22.01	42.18	1.13	20.0	8.0	0.0	3200.0	0.0	0.0
57754.0	22.04	42.19	1.13	20.0	8.0	0.0	3200.0	0.0	0.0
57814.0	22.11	42.26	1.13	20.0	8.0	0.0	3200.0	0.0	0.0
57874.0	22.09	42.34	1.13	20.0	8.0	0.0	3200.0	0.0	0.0
57933.0	22.03	42.3	1.14	20.0	8.0	0.0	3200.0	0.0	0.0
57988.0	21.99	42.21	1.13	20.0	8.0	0.0	3200.0	0.0	0.0
58048.0	21.89	42.18	1.13	20.0	8.0	0.0	3200.0	0.0	0.0
58102.0	22.05	42.2	1.13	20.0	8.0	0.0	3200.0	0.0	0.0
58157.0	22.04	42.44	1.13	20.0	8.0	0.0	3200.0	0.0	0.0
58216.0	22.0	42.26	1.13	20.0	8.0	0.0	3200.0	0.0	0.0
58276.0	21.95	42.15	1.13	20.0	8.0	0.0	3200.0	0.0	0.0
58331.0	21.9	42.16	1.13	20.0	8.0	0.0	3200.0	0.0	0.0
58390.0	21.95	42.17	1.13	20.0	8.0	0.0	3200.0	0.0	0.0
58444.0	22.12	42.22	1.13	20.0	8.0	0.0	3200.0	0.0	0.0
58505.0	22.06	42.26	1.13	20.0	8.0	0.0	3200.0	0.0	0.0
58564.0	22.02	42.23	1.13	20.0	8.0	0.0	3200.0	0.0	0.0
58618.0	22.0	42.17	1.13	20.0	8.0	0.0	3200.0	0.0	0.0
58679.0	21.99	42.14	1.13	20.0	8.0	0.0	3200.0	0.0	0.0
58738.0	22.02	42.12	1.13	20.0	8.0	0.0	3200.0	0.0	0.0
58792.0	22.02	42.21	1.13	20.0	8.0	0.0	3200.0	0.0	0.0
58852.0	22.05	42.21	1.14	20.0	8.0	0.0	3200.0	0.0	0.0
58912.0	22.07	42.18	1.13	20.0	8.0	0.0	3200.0	0.0	0.0
58967.0	22.05	42.14	1.13	20.0	8.0	0.0	3200.0	0.0	0.0
59026.0	22.01	42.09	1.13	20.0	7.0	0.0	3200.0	0.0	0.0
59086.0	22.12	42.11	1.13	20.0	8.0	0.0	3200.0	0.0	0.0
59146.0	22.09	42.18	1.14	20.0	8.0	0.0	3200.0	0.0	0.0
59200.0	22.0	42.12	1.13	20.0	8.0	0.0	3200.0	0.0	0.0
59254.0	21.97	42.08	1.13	20.0	8.0	0.0	3200.0	0.0	0.0
59315.0	22.1	42.05	1.13	20.0	8.0	0.0	3200.0	0.0	0.0
59374.0	22.06	42.17	1.13	20.0	8.0	0.0	3200.0	0.0	0.0
59428.0	22.14	42.19	1.14	20.0	8.0	0.0	3200.0	0.0	0.0
59494.0	22.12	42.14	1.13	20.0	8.0	0.0	3200.0	0.0	0.0
59548.0	22.02	42.06	1.13	20.0	8.0	0.0	3200.0	0.0	0.0
59608.0	21.83	42.06	1.13	20.0	8.0	0.0	3200.0	0.0	0.0
59673.0	21.98	41.97	1.13	20.0	8.0	0.0	3200.0	0.0	0.0
59732.0	22.04	42.26	1.13	20.0	8.0	0.0	3200.0	0.0	0.0
59793.0	21.41	41.83	1.13	20.0	8.0	0.0	3200.0	0.0	0.0
59852.0	21.73	42.03	1.13	20.0	8.0	0.0	3200.0	0.0	0.0
59912.0	21.73	42.02	1.13	20.0	8.0	0.0	3200.0	0.0	0.0
59972.0	21.92	42.05	1.13	20.0	8.0	0.0	3200.0	0.0	0.0
60026.0	21.85	42.11	1.13	20.0	7.0	0.0	3200.0	0.0	0.0
60092.0	21.9	42.06	1.13	20.0	8.0	0.0	3200.0	0.0	0.0
60146.0	21.92	42.04	1.13	20.0	8.0	0.0	3200.0	0.0	0.0
60200.0	21.9	42.01	1.13	20.0	8.0	0.0	3200.0	0.0	0.0
60255.0	22.02	42.06	1.13	20.0	8.0	0.0	3200.0	0.0	0.0
60314.0	22.05	42.13	1.13	20.0	8.0	0.0	3200.0	0.0	0.0
60375.0	21.93	42.12	1.13	20.0	8.0	0.0	3200.0	0.0	0.0
60429.0	21.99	42.07	1.13	20.0	8.0	0.0	3200.0	0.0	0.0
60488.0	22.07	42.05	1.13	20.0	8.0	0.0	3200.0	0.0	0.0
60548.0	22.14	42.07	1.13	20.0	8.0	0.0	3200.0	0.0	0.0
60602.0	22.05	42.19	1.13	20.0	8.0	0.0	3200.0	0.0	0.0
60662.0	21.99	42.11	1.13	20.0	8.0	0.0	3200.0	0.0	0.0
60722.0	21.99	42.07	1.13	20.0	8.0	0.0	3200.0	0.0	0.0
60776.0	22.02	42.13	1.13	20.0	8.0	0.0	3200.0	0.0	0.0
60836.0	22.05	42.1	1.13	20.0	8.0	0.0	3200.0	0.0	0.0
60896.0	22.07	42.14	1.13	20.0	8.0	0.0	3200.0	0.0	0.0
60955.0	22.06	42.1	1.13	20.0	8.0	0.0	3200.0	0.0	0.0
61021.0	22.0	42.05	1.13	20.0	8.0	0.0	3200.0	0.0	0.0
61075.0	21.95	42.06	1.13	20.0	8.0	0.0	3200.0	0.0	0.0
61135.0	22.02	41.96	1.13	20.0	8.0	0.0	3200.0	0.0	0.0
61195.0	22.12	42.18	1.13	20.0	8.0	0.0	3200.0	0.0	0.0
61255.0	21.62	41.87	1.14	20.0	8.0	0.0	3200.0	0.0	0.0
61315.0	21.78	42.0	1.13	20.0	8.0	0.0	3200.0	0.0	0.0
61369.0	21.78	41.98	1.13	20.0	8.0	0.0	3200.0	0.0	0.0
61434.0	21.95	41.98	1.13	20.0	8.0	0.0	3200.0	0.0	0.0
61489.0	22.07	42.07	1.13	20.0	8.0	0.0	3200.0	0.0	0.0
61543.0	22.03	42.03	1.13	20.0	8.0	0.0	3200.0	0.0	0.0
61602.0	22.01	42.01	1.13	20.0	8.0	0.0	3200.0	0.0	0.0
61662.0	22.07	41.96	1.13	20.0	8.0	0.0	3200.0	0.0	0.0
61722.0	22.28	42.06	1.13	20.0	8.0	0.0	3200.0	0.0	0.0
61782.0	22.1	42.07	1.13	20.0	8.0	0.0	3200.0	0.0	0.0
61836.0	22.08	42.02	1.13	20.0	8.0	0.0	3200.0	0.0	0.0
61901.0	22.0	42.0	1.13	20.0	8.0	0.0	3200.0	0.0	0.0
61956.0	22.04	41.97	1.13	20.0	8.0	0.0	3200.0	0.0	0.0
62015.0	22.17	42.06	1.13	20.0	8.0	0.0	3200.0	0.0	0.0
62075.0	22.26	42.03	1.13	20.0	8.0	0.0	3200.0	0.0	0.0
62135.0	22.17	42.02	1.13	20.0	8.0	0.0	3200.0	0.0	0.0
62189.0	22.21	41.99	1.13	20.0	8.0	0.0	3200.0	0.0	0.0
62249.0	22.22	41.97	1.13	20.0	8.0	0.0	3200.0	0.0	0.0
62304.0	22.22	42.04	1.13	20.0	8.0	0.0	3200.0	0.0	0.0
62363.0	22.19	42.06	1.14	20.0	8.0	0.0	3200.0	0.0	0.0
62423.0	22.14	42.04	1.13	20.0	8.0	0.0	3200.0	0.0	0.0
62483.0	22.18	41.99	1.13	20.0	8.0	0.0	3200.0	0.0	0.0
62537.0	22.1	41.96	1.13	20.0	8.0	0.0	3200.0	0.0	0.0
62597.0	22.07	41.97	1.13	20.0	8.0	0.0	3200.0	0.0	0.0
62657.0	22.14	42.03	1.13	20.0	8.0	0.0	3200.0	0.0	0.0
62716.0	22.12	41.99	1.13	20.0	8.0	0.0	3200.0	0.0	0.0
62782.0	22.14	41.96	1.13	20.0	8.0	0.0	3200.0	0.0	0.0
62836.0	22.04	41.96	1.13	20.0	8.0	0.0	3200.0	0.0	0.0
62896.0	22.13	42.0	1.13	20.0	8.0	0.0	3200.0	0.0	0.0
62955.0	22.11	42.04	1.14	20.0	8.0	0.0	3200.0	0.0	0.0
63015.0	22.1	41.99	1.13	20.0	8.0	0.0	3200.0	0.0	0.0
63070.0	21.99	41.96	1.13	20.0	8.0	0.0	3200.0	0.0	0.0
63124.0	22.06	41.95	1.13	20.0	8.0	0.0	3200.0	0.0	0.0
63183.0	22.01	42.01	1.13	20.0	8.0	0.0	3200.0	0.0	0.0
63244.0	21.97	41.96	1.13	20.0	8.0	0.0	3200.0	0.0	0.0
63298.0	21.93	41.99	1.13	20.0	7.0	0.0	3200.0	0.0	0.0
63363.0	21.97	41.93	1.13	20.0	8.0	0.0	3200.0	0.0	0.0
63417.0	22.2	42.14	1.13	20.0	8.0	0.0	3200.0	0.0	0.0
63477.0	22.24	42.34	1.12	20.0	8.0	0.0	3200.0	0.0	0.0
63537.0	22.21	42.45	1.13	20.0	8.0	0.0	3200.0	0.0	0.0
63597.0	21.81	42.07	1.13	20.0	8.0	0.0	3200.0	0.0	0.0
63656.0	21.85	41.99	1.13	20.0	8.0	0.0	3200.0	0.0	0.0
63711.0	21.89	41.97	1.13	20.0	8.0	0.0	3200.0	0.0	0.0
63776.0	22.1	42.0	1.13	20.0	8.0	0.0	3200.0	0.0	0.0
63831.0	22.1	42.01	1.14	20.0	8.0	0.0	3200.0	0.0	0.0
63890.0	22.0	41.96	1.13	20.0	8.0	0.0	3200.0	0.0	0.0
63944.0	21.92	42.0	1.13	20.0	8.0	0.0	3200.0	0.0	0.0
64005.0	21.94	42.11	1.13	20.0	8.0	0.0	3200.0	0.0	0.0
64064.0	22.11	41.91	1.13	20.0	8.0	0.0	3200.0	0.0	0.0
64124.0	22.13	42.07	1.13	20.0	8.0	0.0	3200.0	0.0	0.0
64184.0	21.92	42.01	1.13	20.0	8.0	0.0	3200.0	0.0	0.0
64243.0	21.84	41.98	1.13	20.0	8.0	0.0	3200.0	0.0	0.0
64299.0	21.79	41.96	1.13	20.0	8.0	0.0	3200.0	NaN	1.13
64363.0	21.94	41.95	1.13	20.0	8.0	0.0	3200.0	0.0	0.0
64423.0	22.09	41.99	1.13	20.0	8.0	0.0	3200.0	0.0	0.0
64478.0	22.09	41.96	1.13	20.0	8.0	0.0	3200.0	0.0	0.0
64537.0	22.21	42.17	1.13	20.0	8.0	0.0	3200.0	0.0	0.0
64598.0	22.2	42.28	1.12	20.0	8.0	0.0	3200.0	0.0	0.0
64657.0	22.0	41.95	1.12	20.0	8.0	0.0	3200.0	0.0	0.0
64716.0	22.12	41.93	1.13	20.0	8.0	0.0	3200.0	0.0	0.0
64772.0	22.09	41.99	1.13	20.0	8.0	0.0	3200.0	0.0	0.0
64831.0	22.06	41.96	1.13	20.0	8.0	0.0	3200.0	0.0	0.0
64890.0	21.97	41.95	1.13	20.0	8.0	0.0	3200.0	0.0	0.0
64951.0	22.01	41.99	1.13	20.0	8.0	0.0	3200.0	0.0	0.0
65005.0	22.0	41.87	1.13	20.0	8.0	0.0	3200.0	0.0	0.0
65070.0	22.04	42.07	1.13	20.0	8.0	0.0	3200.0	0.0	0.0
65124.0	21.99	42.02	1.13	20.0	8.0	0.0	3200.0	0.0	0.0
65184.0	22.0	41.96	1.13	20.0	8.0	0.0	3200.0	0.0	0.0
65239.0	21.97	42.0	1.13	20.0	8.0	0.0	3200.0	0.0	0.0
65298.0	21.99	42.02	1.13	20.0	8.0	0.0	32.0	8.0	0.0
65357.0	22.04	42.16	1.13	20.0	8.0	0.0	3200.0	0.0	0.0
65418.0	22.04	42.04	1.13	20.0	8.0	0.0	3200.0	0.0	0.0
65472.0	21.95	42.0	1.13	20.0	8.0	0.0	3200.0	0.0	0.0
65531.0	21.94	41.99	1.15	20.0	8.0	0.0	3200.0	0.0	0.0
65591.0	22.02	41.99	1.15	20.0	8.0	0.0	3200.0	0.0	0.0
65651.0	21.99	41.95	1.14	20.0	8.0	0.0	3200.0	0.0	0.0
65705.0	21.83	41.9	1.13	20.0	8.0	0.0	3200.0	0.0	0.0
65771.0	21.95	41.94	1.13	20.0	8.0	0.0	3200.0	0.0	0.0
65830.0	22.1	42.07	1.13	20.0	8.0	0.0	3200.0	0.0	0.0
65885.0	22.18	42.12	1.13	20.0	8.0	0.0	3200.0	0.0	0.0
65945.0	22.12	42.09	1.13	20.0	8.0	0.0	3200.0	0.0	0.0
66004.0	22.13	42.02	1.13	20.0	8.0	0.0	3200.0	0.0	0.0
66064.0	21.94	41.96	1.13	20.0	8.0	0.0	3200.0	0.0	0.0
66124.0	21.84	41.93	1.13	20.0	8.0	0.0	3200.0	0.0	0.0
66179.0	21.74	41.98	1.13	20.0	8.0	0.0	20.0	8.0	0.0
66244.0	21.76	41.98	1.13	20.0	8.0	0.0	3200.0	0.0	0.0
66304.0	21.75	41.99	1.13	20.0	8.0	0.0	3200.0	0.0	0.0
66364.0	21.91	41.93	1.13	20.0	8.0	0.0	3200.0	0.0	0.0
66418.0	22.06	42.11	1.13	20.0	8.0	0.0	3200.0	0.0	0.0
66483.0	22.19	42.03	1.13	20.0	8.0	0.0	3200.0	0.0	0.0
66537.0	21.89	42.02	1.13	20.0	8.0	0.0	3200.0	0.0	0.0
66597.0	22.01	41.98	1.13	20.0	8.0	0.0	3200.0	0.0	0.0
66657.0	21.85	41.94	1.13	20.0	8.0	0.0	3200.0	0.0	0.0
66717.0	21.85	41.94	1.13	20.0	8.0	0.0	3200.0	0.0	0.0
66777.0	21.97	41.92	1.13	20.0	8.0	0.0	3200.0	0.0	0.0
66831.0	22.12	41.96	1.13	20.0	8.0	0.0	3200.0	0.0	0.0
66891.0	22.12	42.0	1.13	20.0	8.0	0.0	3200.0	0.0	0.0
66951.0	22.15	41.97	1.14	20.0	8.0	0.0	3200.0	0.0	0.0
67011.0	22.12	42.11	1.13	20.0	8.0	0.0	3200.0	0.0	0.0
67070.0	22.18	42.03	1.13	20.0	8.0	0.0	3200.0	0.0	0.0
67130.0	22.27	41.99	1.13	20.0	8.0	0.0	3200.0	0.0	0.0
67190.0	22.17	41.97	1.13	20.0	8.0	0.0	3200.0	0.0	0.0
67245.0	22.15	42.01	1.13	20.0	8.0	0.0	3200.0	0.0	0.0
67304.0	22.09	41.97	1.13	20.0	8.0	0.0	3200.0	0.0	0.0
67364.0	22.02	41.96	1.13	20.0	8.0	0.0	3200.0	0.0	0.0
67412.0	22.03	41.93	1.13	20.0	8.0	0.0	3200.0	NaN	22.04
67483.0	22.19	42.07	1.13	20.0	8.0	0.0	3200.0	0.0	0.0
67544.0	22.2	42.0	1.13	20.0	8.0	0.0	3200.0	0.0	0.0
67603.0	22.19	42.08	1.13	20.0	8.0	0.0	3200.0	0.0	0.0
67663.0	22.2	41.98	1.13	20.0	8.0	0.0	3200.0	0.0	0.0
67723.0	22.09	41.69	1.13	20.0	8.0	0.0	3200.0	0.0	0.0
67783.0	22.03	41.75	1.13	20.0	8.0	0.0	3200.0	0.0	0.0
67843.0	21.96	41.84	1.13	20.0	8.0	0.0	3200.0	0.0	0.0
67902.0	22.01	41.88	1.13	20.0	8.0	0.0	3200.0	0.0	0.0
67962.0	21.99	41.84	1.13	20.0	8.0	0.0	3200.0	0.0	0.0
68022.0	22.09	41.81	1.13	20.0	8.0	0.0	3200.0	0.0	0.0
68076.0	21.96	41.97	1.13	20.0	8.0	0.0	3200.0	0.0	0.0
68142.0	21.94	41.8	1.13	20.0	8.0	0.0	3200.0	0.0	0.0
68201.0	22.18	41.98	1.13	20.0	8.0	0.0	3200.0	0.0	0.0
68256.0	22.21	42.13	1.13	20.0	8.0	0.0	3200.0	0.0	0.0
68316.0	22.22	42.04	1.13	20.0	8.0	0.0	3200.0	0.0	0.0
68370.0	22.08	41.98	1.13	20.0	8.0	0.0	3200.0	0.0	0.0
68424.0	21.99	41.97	1.13	20.0	8.0	0.0	3200.0	0.0	0.0
68490.0	21.99	41.95	1.13	20.0	8.0	0.0	3200.0	0.0	0.0
68544.0	21.96	42.0	1.13	20.0	8.0	0.0	3200.0	0.0	0.0
68603.0	21.96	42.0	1.13	20.0	8.0	0.0	3200.0	0.0	0.0
68664.0	22.1	41.97	1.13	20.0	8.0	0.0	3200.0	0.0	0.0
68723.0	22.03	41.95	1.13	20.0	8.0	0.0	3200.0	0.0	0.0
68784.0	21.91	41.93	1.13	20.0	8.0	0.0	3200.0	0.0	0.0
68838.0	22.0	41.93	1.13	20.0	8.0	0.0	3200.0	0.0	0.0
68897.0	22.04	41.98	1.13	20.0	8.0	0.0	3200.0	0.0	0.0
68958.0	21.97	41.95	1.14	20.0	8.0	0.0	3200.0	0.0	0.0
69017.0	22.04	41.94	1.13	20.0	8.0	0.0	3200.0	0.0	0.0
69076.0	22.21	41.93	1.13	20.0	8.0	0.0	3200.0	0.0	0.0
69137.0	22.22	41.93	1.13	20.0	8.0	0.0	3200.0	0.0	0.0
69191.0	22.28	41.94	1.13	20.0	8.0	0.0	3200.0	0.0	0.0
69251.0	22.33	42.01	1.14	20.0	8.0	0.0	3200.0	0.0	0.0
69311.0	22.1	41.98	1.14	20.0	8.0	0.0	3200.0	0.0	0.0
69370.0	21.92	41.35	1.14	20.0	8.0	0.0	3200.0	0.0	0.0
69425.0	21.82	41.55	1.14	20.0	8.0	0.0	3200.0	0.0	0.0
69485.0	21.98	41.72	1.14	20.0	8.0	0.0	3200.0	0.0	0.0
69544.0	22.16	41.85	1.14	20.0	8.0	0.0	3200.0	0.0	0.0
69605.0	22.31	41.95	1.14	20.0	8.0	0.0	3200.0	0.0	0.0
69669.0	22.2	41.94	1.14	20.0	8.0	0.0	3200.0	0.0	0.0
69725.0	22.15	41.91	1.14	20.0	8.0	0.0	3200.0	0.0	0.0
69784.0	22.12	41.9	1.13	20.0	8.0	0.0	3200.0	0.0	0.0
69838.0	22.03	41.9	1.13	20.0	8.0	0.0	3200.0	0.0	0.0
69898.0	22.03	41.89	1.13	20.0	8.0	0.0	3200.0	0.0	0.0
69963.0	21.86	41.77	1.13	20.0	8.0	0.0	3200.0	0.0	0.0
70018.0	21.94	41.77	1.14	20.0	8.0	0.0	3200.0	0.0	0.0
70083.0	21.88	41.76	1.14	20.0	8.0	0.0	3200.0	0.0	0.0
70142.0	21.79	41.68	1.13	20.0	8.0	0.0	3200.0	0.0	0.0
70198.0	21.89	41.71	1.13	20.0	8.0	0.0	3200.0	0.0	0.0
70262.0	22.04	41.77	1.13	20.0	8.0	0.0	3200.0	0.0	0.0
70317.0	22.02	41.83	1.14	20.0	8.0	0.0	3200.0	0.0	0.0
70377.0	22.01	41.8	1.13	20.0	8.0	0.0	3200.0	0.0	0.0
70431.0	22.03	41.79	1.13	20.0	8.0	0.0	3200.0	0.0	0.0
70491.0	21.93	41.78	1.13	20.0	8.0	0.0	3200.0	0.0	0.0
70551.0	22.04	41.81	1.13	20.0	8.0	0.0	3200.0	0.0	0.0
70605.0	22.14	41.88	1.13	20.0	8.0	0.0	3200.0	0.0	0.0
70668.0	22.18	41.93	1.14	20.0	8.0	0.0	3200.0	0.0	0.0
70722.0	22.21	41.95	1.14	20.0	8.0	0.0	3200.0	0.0	0.0
70782.0	22.15	41.92	1.14	20.0	8.0	0.0	3200.0	0.0	0.0
70842.0	21.89	41.87	1.14	20.0	8.0	0.0	3200.0	0.0	0.0
70896.0	21.94	41.33	1.14	20.0	8.0	0.0	3200.0	0.0	0.0
70957.0	22.03	41.53	1.13	20.0	8.0	0.0	3200.0	0.0	0.0
71016.0	22.07	41.63	1.13	20.0	8.0	0.0	3200.0	0.0	2.0
71076.0	22.07	41.75	1.14	20.0	8.0	0.0	3200.0	0.0	2.0
71136.0	22.21	41.83	1.14	20.0	8.0	0.0	3200.0	0.0	2.0
71196.0	22.02	41.86	1.14	20.0	8.0	0.0	3200.0	0.0	2.0
71250.0	21.99	41.87	1.14	20.0	8.0	0.0	3200.0	0.0	2.0
71311.0	21.94	41.9	1.14	20.0	8.0	0.0	3200.0	0.0	2.0
71376.0	21.83	41.89	1.14	20.0	8.0	0.0	3200.0	0.0	2.0
71431.0	21.92	41.92	1.14	20.0	8.0	0.0	3200.0	0.0	2.0
71491.0	21.96	41.89	1.14	20.0	8.0	0.0	3200.0	0.0	2.0
71550.0	22.07	41.87	1.14	20.0	8.0	0.0	3200.0	0.0	0.0
71605.0	21.99	41.79	1.13	20.0	8.0	0.0	3200.0	0.0	0.0
71665.0	22.08	41.74	1.13	20.0	8.0	0.0	3200.0	0.0	0.0
71725.0	22.17	41.71	1.13	20.0	8.0	0.0	3200.0	0.0	0.0
71779.0	22.17	41.72	1.13	20.0	8.0	0.0	3200.0	0.0	0.0
71839.0	22.18	41.81	1.13	20.0	8.0	0.0	3200.0	0.0	0.0
71894.0	22.19	41.87	1.14	20.0	8.0	0.0	3200.0	0.0	0.0
71954.0	22.01	41.76	1.14	20.0	8.0	0.0	3200.0	0.0	0.0
72013.0	21.97	41.75	1.13	20.0	8.0	0.0	3200.0	0.0	0.0
72073.0	22.01	41.69	1.13	20.0	8.0	0.0	3200.0	0.0	0.0
72133.0	22.03	41.64	1.13	20.0	8.0	0.0	3200.0	0.0	0.0
72187.0	22.12	41.7	1.13	20.0	8.0	0.0	3200.0	0.0	0.0
72247.0	22.02	41.7	1.13	20.0	8.0	0.0	3200.0	0.0	0.0
72307.0	21.9	41.65	1.13	20.0	8.0	0.0	3200.0	0.0	0.0
72367.0	21.85	41.64	1.13	20.0	8.0	0.0	3200.0	0.0	0.0
72421.0	21.97	41.65	1.13	20.0	8.0	0.0	3200.0	0.0	0.0
72481.0	22.09	41.61	1.13	20.0	8.0	0.0	3200.0	0.0	0.0
72536.0	22.17	41.74	1.13	20.0	8.0	0.0	3200.0	0.0	0.0
72595.0	22.21	41.8	1.13	20.0	8.0	0.0	3200.0	0.0	0.0
72655.0	22.09	41.81	1.14	20.0	8.0	0.0	3200.0	0.0	0.0
72715.0	22.0	41.73	1.13	20.0	8.0	0.0	3200.0	0.0	0.0
72775.0	21.97	41.62	1.13	20.0	8.0	0.0	3200.0	0.0	0.0
72835.0	22.03	41.64	1.13	20.0	8.0	0.0	3200.0	0.0	0.0
72889.0	22.12	41.7	1.13	20.0	8.0	0.0	3200.0	0.0	0.0
72949.0	22.13	41.77	1.14	20.0	8.0	0.0	3200.0	0.0	0.0
73009.0	22.05	41.73	1.14	20.0	8.0	0.0	3200.0	0.0	0.0
73068.0	22.15	41.9	1.13	20.0	7.0	0.0	3200.0	0.0	0.0
73123.0	22.03	41.7	1.13	20.0	8.0	0.0	3200.0	0.0	0.0
73183.0	21.99	41.66	1.13	20.0	8.0	0.0	3200.0	0.0	0.0
73237.0	21.75	41.49	1.13	20.0	8.0	0.0	3200.0	0.0	0.0
73297.0	21.94	41.71	1.13	20.0	8.0	0.0	3200.0	0.0	0.0
73357.0	21.89	41.69	1.13	20.0	8.0	0.0	3200.0	0.0	0.0
73416.0	21.9	41.64	1.13	20.0	8.0	0.0	3200.0	0.0	0.0
73477.0	21.77	41.57	1.13	20.0	8.0	0.0	3200.0	0.0	0.0
73531.0	21.95	41.54	1.13	20.0	8.0	0.0	3200.0	0.0	0.0
73596.0	22.14	41.57	1.13	20.0	8.0	0.0	3200.0	0.0	0.0
73646.0	22.14	41.6	1.13	20.0	8.0	0.0	3200.0	0.0	0.0
73710.0	22.03	41.65	1.13	20.0	8.0	0.0	3200.0	0.0	0.0
73771.0	22.1	41.78	1.13	20.0	8.0	0.0	3200.0	0.0	0.0
73830.0	22.08	41.77	1.13	20.0	8.0	0.0	3200.0	0.0	0.0
73884.0	21.99	41.67	1.13	20.0	8.0	0.0	3200.0	0.0	0.0
73945.0	22.07	41.83	1.13	20.0	8.0	0.0	3200.0	0.0	0.0
74004.0	22.09	41.74	1.12	20.0	8.0	0.0	3200.0	0.0	0.0
74064.0	22.12	41.74	1.13	20.0	8.0	0.0	3200.0	0.0	0.0
74124.0	22.17	41.72	1.13	20.0	8.0	0.0	3200.0	0.0	0.0
74178.0	22.11	41.63	1.13	20.0	8.0	0.0	3200.0	0.0	0.0
74238.0	22.05	41.55	1.13	20.0	8.0	0.0	3200.0	0.0	0.0
74293.0	22.02	41.59	1.13	20.0	8.0	0.0	3200.0	0.0	0.0
74358.0	22.08	41.58	1.13	20.0	8.0	0.0	3200.0	0.0	0.0
74413.0	22.11	41.59	1.13	20.0	8.0	0.0	3200.0	0.0	0.0
74472.0	22.27	41.64	1.13	20.0	8.0	0.0	3200.0	0.0	0.0
74526.0	22.27	41.75	1.14	20.0	8.0	0.0	3200.0	0.0	0.0
74587.0	21.69	41.65	1.14	20.0	8.0	0.0	3200.0	0.0	0.0
74646.0	21.75	41.66	1.14	20.0	8.0	0.0	3200.0	0.0	0.0
74706.0	22.01	41.73	1.14	20.0	8.0	0.0	3200.0	0.0	0.0
74766.0	22.0	41.78	1.14	20.0	8.0	0.0	3200.0	0.0	0.0
74820.0	22.15	41.88	1.14	20.0	8.0	0.0	3200.0	0.0	0.0
74886.0	22.21	41.85	1.14	20.0	8.0	0.0	3200.0	0.0	0.0
74940.0	22.18	41.89	1.14	20.0	8.0	0.0	3200.0	0.0	0.0
75005.0	22.22	41.89	1.14	20.0	8.0	0.0	3200.0	0.0	0.0
75065.0	22.31	41.89	1.13	20.0	8.0	0.0	3200.0	0.0	0.0
75119.0	22.3	41.75	1.13	20.0	8.0	0.0	3200.0	0.0	0.0
75185.0	22.36	41.85	1.13	20.0	8.0	0.0	3200.0	0.0	0.0
75239.0	22.34	41.83	1.13	20.0	8.0	0.0	3200.0	0.0	0.0
75299.0	22.23	41.73	1.13	20.0	8.0	0.0	3200.0	0.0	0.0
75354.0	22.28	41.64	1.13	20.0	8.0	0.0	3200.0	0.0	0.0
75408.0	22.17	41.57	1.13	20.0	8.0	0.0	3200.0	0.0	0.0
75468.0	22.16	41.55	1.13	20.0	8.0	0.0	3200.0	0.0	0.0
75528.0	21.97	41.49	1.13	20.0	8.0	0.0	3200.0	0.0	0.0
75582.0	22.06	41.55	1.0	22.09	41.56	1.13	20.0	8.0	0.0
75648.0	22.18	41.56	1.13	20.0	8.0	0.0	3200.0	0.0	0.0
75702.0	22.04	41.62	1.14	20.0	8.0	0.0	3200.0	0.0	0.0
75767.0	22.11	41.65	1.13	20.0	8.0	0.0	3200.0	0.0	0.0
75827.0	22.16	41.56	1.13	20.0	8.0	0.0	3200.0	0.0	0.0
75884.0	22.28	41.62	1.13	20.0	8.0	0.0	3200.0	0.0	0.0
75939.0	22.23	41.68	1.13	20.0	8.0	0.0	3200.0	0.0	0.0
75999.0	22.09	41.64	1.13	20.0	8.0	0.0	3200.0	0.0	0.0
76059.0	22.15	41.55	1.13	20.0	8.0	0.0	3200.0	0.0	2.0
76119.0	22.03	41.54	1.13	20.0	8.0	0.0	3200.0	0.0	2.0
76179.0	22.04	41.52	1.13	20.0	8.0	0.0	3200.0	0.0	2.0
76233.0	22.08	41.52	1.13	20.0	8.0	0.0	3200.0	0.0	2.0
76294.0	22.02	41.49	1.13	20.0	8.0	0.0	3200.0	0.0	2.0
76348.0	22.06	41.5	1.13	20.0	8.0	0.0	3200.0	0.0	2.0
76408.0	22.09	41.49	1.13	20.0	8.0	0.0	3200.0	0.0	2.0
76463.0	22.12	41.51	1.0	22.13	41.5	1.13	20.0	8.0	0.0
76528.0	22.13	41.5	1.13	20.0	8.0	0.0	3200.0	0.0	0.0
76588.0	22.08	41.54	1.13	20.0	8.0	0.0	3200.0	0.0	0.0
76637.0	22.23	41.57	1.13	20.0	8.0	0.0	3200.0	0.0	0.0
76707.0	21.94	41.52	1.13	20.0	8.0	0.0	3200.0	0.0	0.0
76768.0	21.95	41.55	1.13	20.0	8.0	0.0	3200.0	0.0	0.0
76827.0	21.99	41.49	1.13	20.0	8.0	0.0	3200.0	0.0	0.0
76881.0	22.01	41.64	1.13	20.0	8.0	0.0	3200.0	0.0	0.0
76942.0	21.84	41.46	1.13	20.0	8.0	0.0	3200.0	0.0	0.0
76996.0	22.04	41.52	1.14	20.0	8.0	0.0	3200.0	0.0	0.0
77062.0	22.04	41.51	1.13	20.0	8.0	0.0	3200.0	0.0	0.0
77116.0	22.01	41.52	1.13	20.0	8.0	0.0	3200.0	0.0	0.0
77175.0	21.79	41.51	1.13	20.0	8.0	0.0	3200.0	0.0	0.0
77235.0	21.86	41.45	1.13	20.0	8.0	0.0	3200.0	0.0	0.0
77290.0	22.01	41.52	1.13	20.0	8.0	0.0	3200.0	0.0	0.0
77349.0	22.12	41.52	1.13	20.0	8.0	0.0	3200.0	0.0	0.0
77410.0	22.1	41.51	1.14	20.0	8.0	0.0	3200.0	0.0	0.0
77464.0	22.14	41.49	1.13	20.0	8.0	0.0	3200.0	0.0	0.0
77523.0	22.09	41.49	1.13	20.0	8.0	0.0	3200.0	0.0	0.0
77578.0	22.15	41.48	1.13	20.0	8.0	0.0	3200.0	0.0	0.0
77638.0	22.16	41.51	1.13	20.0	8.0	0.0	3200.0	0.0	0.0
77692.0	22.32	41.56	1.13	20.0	8.0	0.0	3200.0	0.0	0.0
77752.0	22.19	41.58	1.14	20.0	8.0	0.0	3200.0	0.0	0.0
77806.0	22.19	41.55	1.14	20.0	8.0	0.0	3200.0	0.0	0.0
77867.0	22.15	41.51	1.13	20.0	8.0	0.0	3200.0	0.0	0.0
77921.0	22.08	41.51	1.13	20.0	8.0	0.0	3200.0	0.0	0.0
77980.0	22.03	41.48	1.13	20.0	8.0	0.0	3200.0	0.0	0.0
78035.0	22.05	41.55	1.13	20.0	8.0	0.0	3200.0	0.0	0.0
78095.0	22.06	41.55	1.13	20.0	8.0	0.0	3200.0	0.0	0.0
78149.0	22.12	41.6	1.14	20.0	8.0	0.0	3200.0	0.0	0.0
78210.0	22.07	41.55	1.13	20.0	8.0	0.0	3200.0	0.0	0.0
78269.0	22.04	41.53	1.13	20.0	8.0	0.0	3200.0	0.0	0.0
78334.0	21.91	40.89	1.13	20.0	8.0	0.0	3200.0	0.0	0.0
78394.0	22.07	41.15	1.13	20.0	8.0	0.0	3200.0	0.0	0.0
78448.0	22.12	41.33	1.14	20.0	8.0	0.0	3200.0	0.0	0.0
78509.0	21.95	41.43	1.14	20.0	8.0	0.0	3200.0	0.0	0.0
78568.0	22.03	41.42	1.14	20.0	8.0	0.0	3200.0	0.0	0.0
78633.0	21.95	41.47	1.13	20.0	8.0	0.0	3200.0	0.0	0.0
78688.0	21.95	41.43	1.13	20.0	8.0	0.0	3200.0	0.0	0.0
78747.0	22.02	41.54	1.13	20.0	8.0	0.0	3200.0	0.0	0.0
78802.0	22.11	41.57	1.13	20.0	8.0	0.0	3200.0	0.0	0.0
78862.0	22.17	41.59	1.14	20.0	8.0	0.0	3200.0	0.0	0.0
78916.0	22.15	41.63	1.14	20.0	8.0	0.0	3200.0	0.0	0.0
78977.0	22.03	41.55	1.14	20.0	8.0	0.0	3200.0	0.0	0.0
79036.0	22.03	41.52	1.13	20.0	8.0	0.0	3200.0	0.0	0.0
79095.0	21.87	41.49	1.13	20.0	7.0	0.0	3200.0	0.0	0.0
79156.0	22.01	41.48	1.13	20.0	7.0	0.0	3200.0	0.0	0.0
79215.0	22.0	41.58	1.13	20.0	7.0	0.0	3200.0	0.0	0.0
79297.0	21.99	41.48	1.13	20.0	8.0	0.0	3200.0	0.0	0.0
79356.0	22.03	41.53	1.13	20.0	8.0	0.0	3200.0	0.0	0.0
79412.0	22.06	41.68	1.13	20.0	8.0	0.0	3200.0	0.0	0.0
79476.0	22.18	41.52	1.13	20.0	8.0	0.0	3200.0	0.0	0.0
79537.0	22.02	41.38	1.13	20.0	8.0	0.0	3200.0	0.0	0.0
79591.0	22.14	41.23	1.13	20.0	7.0	0.0	3200.0	0.0	0.0
79651.0	21.09	41.54	1.13	20.0	8.0	0.0	3200.0	0.0	0.0
79706.0	21.42	41.54	1.13	20.0	8.0	0.0	3200.0	0.0	0.0
79765.0	21.95	41.48	1.13	20.0	8.0	0.0	3200.0	0.0	0.0
79825.0	21.83	41.46	1.13	20.0	8.0	0.0	3200.0	0.0	0.0
79885.0	21.77	41.44	1.13	20.0	8.0	0.0	3200.0	0.0	0.0
79944.0	22.08	41.39	1.13	20.0	8.0	0.0	3200.0	0.0	0.0
80005.0	22.2	41.43	1.13	20.0	8.0	0.0	3200.0	0.0	0.0
80064.0	22.35	41.53	1.13	20.0	8.0	0.0	3200.0	0.0	0.0
80119.0	22.27	41.47	1.14	20.0	8.0	0.0	3200.0	0.0	0.0
80179.0	22.15	41.47	1.13	20.0	8.0	0.0	3200.0	0.0	0.0
80233.0	22.15	41.47	1.13	20.0	8.0	0.0	3200.0	0.0	0.0
80293.0	22.06	41.48	1.13	20.0	8.0	0.0	3200.0	0.0	0.0
80353.0	22.16	41.49	1.13	20.0	8.0	0.0	3200.0	0.0	0.0
80412.0	22.32	41.54	1.13	20.0	8.0	0.0	3200.0	0.0	0.0
80467.0	22.27	41.61	1.14	20.0	8.0	0.0	3200.0	0.0	0.0
80527.0	22.28	41.52	1.14	20.0	8.0	0.0	3200.0	0.0	0.0
80586.0	22.09	41.51	1.13	20.0	8.0	0.0	3200.0	0.0	0.0
80642.0	22.04	41.47	1.13	20.0	8.0	0.0	3200.0	0.0	20.0
80706.0	22.1	41.47	1.13	20.0	8.0	0.0	3200.0	0.0	0.0
80766.0	22.22	41.72	1.13	20.0	8.0	0.0	3200.0	0.0	0.0
80821.0	22.44	41.67	1.13	20.0	8.0	0.0	3200.0	0.0	0.0
80880.0	22.33	41.61	1.14	20.0	8.0	0.0	3200.0	0.0	0.0
80941.0	22.24	41.55	1.13	20.0	8.0	0.0	3200.0	0.0	0.0
81000.0	22.26	41.53	1.13	20.0	8.0	0.0	3200.0	0.0	0.0
81054.0	22.2	41.5	1.13	20.0	8.0	0.0	3200.0	0.0	0.0
81115.0	21.9	41.45	1.13	20.0	8.0	0.0	3200.0	0.0	0.0
81174.0	22.06	41.47	1.13	20.0	8.0	0.0	3200.0	0.0	0.0
81229.0	22.3	41.54	1.14	20.0	8.0	0.0	3200.0	0.0	0.0
81289.0	22.32	41.59	1.14	20.0	8.0	0.0	3200.0	0.0	0.0
81348.0	22.29	41.55	1.14	20.0	8.0	0.0	3200.0	0.0	0.0
81409.0	22.33	41.52	1.14	20.0	8.0	0.0	3200.0	0.0	0.0
81468.0	22.37	41.53	1.14	20.0	8.0	0.0	3200.0	0.0	0.0
81528.0	22.22	41.51	1.14	20.0	8.0	0.0	3200.0	0.0	0.0
81583.0	22.41	41.51	1.14	20.0	8.0	0.0	3200.0	0.0	0.0
81643.0	22.65	41.56	1.14	20.0	8.0	0.0	3200.0	0.0	0.0
81702.0	22.53	41.61	1.14	20.0	8.0	0.0	3200.0	0.0	0.0
81757.0	22.43	41.63	1.14	20.0	8.0	0.0	3200.0	0.0	0.0
81817.0	22.35	41.57	1.14	20.0	7.0	0.0	3200.0	0.0	0.0
81876.0	22.18	41.49	1.13	20.0	8.0	0.0	3200.0	0.0	0.0
81942.0	22.08	41.43	1.13	20.0	8.0	0.0	3200.0	0.0	0.0
81996.0	21.97	41.45	1.13	20.0	7.0	0.0	3200.0	0.0	0.0
82056.0	21.98	41.49	1.13	20.0	8.0	0.0	3200.0	0.0	0.0
82105.0	22.08	41.61	1.14	20.0	8.0	0.0	3200.0	0.0	0.0
82165.0	22.09	41.55	1.13	20.0	8.0	0.0	3200.0	0.0	0.0
82225.0	22.21	41.53	1.13	20.0	8.0	0.0	3200.0	0.0	0.0
82290.0	22.01	41.4	1.13	20.0	8.0	0.0	3200.0	0.0	0.0
82350.0	21.97	41.48	1.13	20.0	8.0	0.0	3200.0	0.0	0.0
82399.0	21.51	41.24	1.13	20.0	8.0	0.0	3200.0	0.0	0.0
82458.0	21.96	41.51	1.13	20.0	8.0	0.0	3200.0	0.0	0.0
82524.0	21.95	41.48	1.13	20.0	8.0	0.0	3200.0	0.0	0.0
82578.0	22.02	41.46	1.13	20.0	8.0	0.0	3200.0	0.0	0.0
82638.0	21.85	41.47	1.13	20.0	8.0	0.0	3200.0	0.0	0.0
82698.0	21.81	41.46	1.13	20.0	8.0	0.0	3200.0	0.0	0.0
82750.0	21.93	41.49	1.13	20.0	8.0	0.0	3200.0	0.0	0.0
82809.0	22.25	41.55	1.13	20.0	8.0	0.0	3200.0	0.0	0.0
82870.0	22.42	41.57	1.14	20.0	8.0	0.0	3200.0	0.0	0.0
82929.0	22.34	41.58	1.14	20.0	8.0	0.0	3200.0	0.0	0.0
82990.0	22.34	41.53	1.14	20.0	8.0	0.0	3200.0	0.0	0.0
83049.0	22.29	41.48	1.14	20.0	8.0	0.0	3200.0	0.0	2.0
83109.0	22.27	41.49	1.13	20.0	8.0	0.0	3200.0	0.0	2.0
83175.0	22.25	41.47	1.13	20.0	8.0	0.0	3200.0	0.0	2.0
83229.0	22.07	41.45	1.13	20.0	8.0	0.0	3200.0	0.0	2.0
83290.0	22.14	41.46	1.13	20.0	8.0	0.0	3200.0	0.0	2.0
83344.0	22.2	41.46	1.13	20.0	8.0	0.0	3200.0	0.0	2.0
83399.0	22.05	41.45	1.13	20.0	8.0	0.0	3200.0	0.0	2.0
83459.0	21.89	41.4	1.13	20.0	8.0	0.0	3200.0	0.0	2.0
83519.0	21.97	41.4	1.13	20.0	8.0	0.0	3200.0	0.0	0.0
83573.0	21.98	41.38	1.13	20.0	8.0	0.0	3200.0	0.0	0.0
83633.0	22.0	41.32	1.13	20.0	8.0	0.0	3200.0	0.0	0.0
83693.0	21.99	41.34	1.13	20.0	8.0	0.0	3200.0	0.0	0.0
83747.0	22.06	41.44	1.13	20.0	8.0	0.0	3200.0	0.0	0.0
83807.0	21.98	41.48	1.13	20.0	8.0	0.0	3200.0	0.0	0.0
83867.0	21.96	41.51	1.13	20.0	8.0	0.0	3200.0	0.0	0.0
83921.0	21.92	41.45	1.13	20.0	8.0	0.0	NaN	1.13	20.0
83987.0	21.98	41.51	1.13	20.0	8.0	0.0	3200.0	0.0	0.0
84046.0	22.24	41.46	1.12	20.0	8.0	0.0	3200.0	0.0	0.0
84101.0	22.11	41.36	1.13	20.0	8.0	0.0	3200.0	0.0	0.0
84161.0	22.0	41.41	1.14	20.0	8.0	0.0	3200.0	0.0	0.0
84220.0	22.05	41.33	1.14	20.0	8.0	0.0	3200.0	0.0	0.0
84280.0	22.14	41.32	1.13	20.0	8.0	0.0	3200.0	0.0	0.0
84340.0	22.14	41.36	1.13	20.0	8.0	0.0	3200.0	0.0	0.0
84395.0	22.13	41.38	1.13	20.0	8.0	0.0	3200.0	0.0	0.0
84455.0	22.13	41.38	1.13	20.0	8.0	0.0	3200.0	0.0	0.0
84514.0	22.27	41.5	1.14	20.0	8.0	0.0	3200.0	0.0	0.0
84575.0	22.1	41.53	1.14	20.0	8.0	0.0	3200.0	0.0	0.0
84629.0	21.99	41.45	1.14	20.0	8.0	0.0	3200.0	0.0	0.0
84688.0	22.08	41.4	1.13	20.0	8.0	0.0	3200.0	0.0	0.0
84743.0	22.1	41.41	1.13	20.0	8.0	0.0	3200.0	0.0	0.0
84803.0	22.11	41.38	1.13	20.0	8.0	0.0	3200.0	0.0	0.0
84862.0	22.06	41.46	1.13	20.0	8.0	0.0	3200.0	0.0	0.0
84922.0	22.05	41.42	1.13	20.0	8.0	0.0	3200.0	0.0	0.0
84977.0	21.76	41.4	1.13	20.0	8.0	0.0	3200.0	0.0	0.0
85042.0	21.92	41.35	1.13	20.0	8.0	0.0	3200.0	0.0	0.0
85096.0	21.9	41.38	1.13	20.0	8.0	0.0	3200.0	0.0	0.0
85156.0	22.13	41.34	1.13	20.0	8.0	0.0	3200.0	0.0	0.0
85211.0	22.29	41.51	1.12	20.0	8.0	0.0	3200.0	0.0	0.0
85271.0	22.25	41.47	1.13	20.0	8.0	0.0	3200.0	0.0	0.0
85330.0	22.19	41.55	1.13	20.0	8.0	0.0	3200.0	0.0	0.0
85391.0	22.03	41.4	1.13	20.0	8.0	0.0	3200.0	0.0	0.0
85445.0	21.9	41.05	1.14	20.0	8.0	0.0	3200.0	0.0	0.0
85505.0	21.94	41.15	1.14	20.0	8.0	0.0	3200.0	0.0	0.0
85564.0	22.03	41.23	1.13	20.0	8.0	0.0	3200.0	0.0	0.0
85619.0	22.24	41.35	1.13	20.0	8.0	0.0	3200.0	0.0	0.0
85684.0	22.21	41.44	1.14	20.0	8.0	0.0	3200.0	0.0	0.0
85733.0	22.13	41.41	1.14	20.0	8.0	0.0	3200.0	0.0	0.0
85793.0	22.16	41.35	1.14	20.0	8.0	0.0	3200.0	0.0	0.0
85853.0	22.16	41.33	1.13	20.0	8.0	0.0	3200.0	0.0	0.0
85907.0	22.11	41.33	1.13	20.0	8.0	0.0	3200.0	0.0	0.0
85967.0	22.17	41.34	1.13	20.0	8.0	0.0	3200.0	0.0	0.0
86027.0	22.08	41.32	1.13	20.0	8.0	0.0	3200.0	0.0	0.0
86082.0	22.09	41.36	1.13	20.0	8.0	0.0	3200.0	0.0	0.0
86147.0	22.16	41.42	1.13	20.0	8.0	0.0	3200.0	0.0	0.0
86207.0	22.21	41.48	1.13	20.0	8.0	0.0	3200.0	0.0	0.0
86261.0	21.91	41.36	1.13	20.0	8.0	0.0	3200.0	0.0	0.0
86327.0	21.9	41.2	1.14	20.0	8.0	0.0	3200.0	0.0	0.0
86386.0	21.86	41.18	1.14	20.0	8.0	0.0	3200.0	0.0	0.0
86440.0	21.86	41.16	1.13	20.0	8.0	0.0	3200.0	0.0	0.0
86496.0	22.0	41.19	1.13	20.0	8.0	0.0	3200.0	0.0	0.0
86560.0	22.11	41.24	1.13	20.0	8.0	0.0	3200.0	0.0	0.0
86615.0	22.19	41.33	1.14	20.0	8.0	0.0	3200.0	0.0	0.0
86675.0	22.09	41.35	1.14	20.0	8.0	0.0	3200.0	0.0	0.0
86734.0	22.16	41.22	1.14	20.0	8.0	0.0	3200.0	0.0	0.0
86795.0	22.21	41.31	1.13	20.0	8.0	0.0	3200.0	0.0	0.0
86860.0	22.15	41.35	1.13	20.0	8.0	0.0	3200.0	0.0	0.0
86915.0	22.16	41.43	1.13	20.0	8.0	0.0	3200.0	0.0	0.0
86974.0	22.02	41.2	1.13	20.0	8.0	0.0	3200.0	0.0	0.0
87034.0	22.34	41.41	1.13	20.0	8.0	0.0	3200.0	0.0	0.0
87089.0	22.29	41.45	1.13	20.0	8.0	0.0	3200.0	0.0	0.0
87143.0	22.36	41.46	1.13	20.0	8.0	0.0	3200.0	0.0	0.0
87203.0	22.12	41.33	1.13	20.0	8.0	0.0	3200.0	0.0	0.0
87258.0	22.19	41.3	1.13	20.0	8.0	0.0	3200.0	0.0	0.0
87323.0	22.14	41.26	1.13	20.0	8.0	0.0	3200.0	0.0	0.0
87377.0	22.21	41.24	1.13	20.0	8.0	0.0	3200.0	0.0	0.0
87437.0	22.18	41.25	1.13	20.0	7.0	0.0	3200.0	0.0	0.0
87491.0	22.14	41.29	1.13	20.0	7.0	0.0	3200.0	0.0	0.0
87552.0	22.11	41.3	1.13	20.0	8.0	0.0	3200.0	0.0	0.0
87612.0	22.08	41.41	1.13	20.0	8.0	0.0	3200.0	0.0	0.0
87666.0	22.02	41.23	1.14	20.0	8.0	0.0	3200.0	0.0	0.0
87737.0	22.16	41.34	1.13	20.0	8.0	0.0	3200.0	0.0	0.0
87791.0	22.03	41.28	1.13	20.0	8.0	0.0	3200.0	0.0	0.0
87851.0	22.12	41.28	1.13	20.0	8.0	0.0	3200.0	0.0	0.0
87906.0	22.08	41.25	1.13	20.0	8.0	0.0	3200.0	0.0	0.0
87965.0	22.16	41.3	1.13	20.0	8.0	0.0	3200.0	0.0	0.0
88025.0	22.29	41.38	1.13	20.0	8.0	0.0	3200.0	0.0	0.0
88080.0	22.13	41.35	1.14	20.0	8.0	0.0	3200.0	0.0	0.0
88139.0	22.11	41.32	1.14	20.0	8.0	0.0	3200.0	0.0	0.0
88200.0	21.94	41.27	1.13	20.0	8.0	0.0	3200.0	0.0	0.0
88259.0	21.92	41.18	1.13	20.0	8.0	0.0	3200.0	0.0	0.0
88320.0	21.92	41.19	1.13	20.0	8.0	0.0	3200.0	0.0	0.0
88379.0	21.96	41.19	1.13	20.0	8.0	0.0	3200.0	0.0	0.0
88438.0	22.08	41.34	1.13	20.0	8.0	0.0	3200.0	0.0	0.0
88493.0	22.04	41.33	1.13	20.0	7.0	0.0	3200.0	0.0	0.0
88558.0	22.1	41.4	1.13	20.0	8.0	0.0	3200.0	0.0	0.0
88612.0	21.49	40.95	1.13	20.0	8.0	0.0	3200.0	0.0	0.0
88673.0	21.86	41.08	1.13	20.0	8.0	0.0	3200.0	0.0	0.0
88732.0	21.92	41.16	1.13	20.0	7.0	0.0	3200.0	0.0	0.0
88793.0	22.2	41.24	1.13	20.0	8.0	0.0	3200.0	0.0	0.0
88852.0	22.08	41.26	1.13	20.0	7.0	0.0	3200.0	0.0	0.0
88912.0	21.96	41.18	1.13	20.0	8.0	0.0	3200.0	0.0	0.0
88972.0	22.0	41.17	1.13	20.0	8.0	0.0	3200.0	0.0	0.0
89026.0	22.0	41.14	1.13	20.0	8.0	0.0	3200.0	0.0	0.0
89092.0	22.14	41.59	1.13	20.0	8.0	0.0	3200.0	0.0	0.0
89151.0	22.21	41.57	1.13	20.0	8.0	0.0	3200.0	0.0	0.0
89205.0	22.42	41.6	1.14	20.0	8.0	0.0	3200.0	0.0	0.0
89266.0	22.36	41.54	1.14	20.0	8.0	0.0	3200.0	0.0	0.0
89325.0	22.37	41.52	1.14	20.0	8.0	0.0	3200.0	0.0	0.0
89374.0	22.25	41.51	1.14	20.0	8.0	0.0	3200.0	0.0	0.0
89440.0	22.17	41.46	1.14	20.0	8.0	0.0	3200.0	0.0	0.0
89494.0	22.16	41.43	1.13	20.0	8.0	0.0	3200.0	0.0	0.0
89554.0	22.41	41.42	1.14	20.0	8.0	0.0	3200.0	0.0	0.0
89614.0	22.41	41.45	1.14	20.0	8.0	0.0	3200.0	0.0	0.0
89663.0	22.57	41.5	1.14	20.0	8.0	0.0	20.0	8.0	0.0
89734.0	22.38	41.46	1.14	20.0	8.0	0.0	3200.0	0.0	0.0
89788.0	22.34	41.45	1.14	20.0	8.0	0.0	3200.0	0.0	0.0
89848.0	22.29	41.58	1.13	20.0	8.0	0.0	3200.0	0.0	0.0
89903.0	22.21	41.53	1.13	20.0	8.0	0.0	3200.0	0.0	0.0
89962.0	22.38	41.72	1.13	20.0	8.0	0.0	3200.0	0.0	0.0
90016.0	22.37	41.68	1.13	20.0	8.0	0.0	3200.0	0.0	0.0
90082.0	22.25	41.48	1.15	20.0	8.0	0.0	3200.0	0.0	0.0
90136.0	22.14	41.3	1.14	20.0	7.0	0.0	3200.0	0.0	0.0
90202.0	22.03	41.2	1.14	20.0	8.0	0.0	3200.0	0.0	0.0
90256.0	21.95	41.12	1.13	20.0	8.0	0.0	3200.0	0.0	0.0
90316.0	21.95	41.08	1.13	20.0	8.0	0.0	3200.0	0.0	0.0
90371.0	22.08	41.15	1.13	20.0	8.0	0.0	3200.0	0.0	0.0
90430.0	22.04	41.24	1.13	20.0	8.0	0.0	3200.0	0.0	0.0
90490.0	22.02	41.3	1.13	20.0	8.0	0.0	3200.0	0.0	0.0
90550.0	21.85	41.11	1.13	20.0	8.0	0.0	3200.0	0.0	0.0
90609.0	21.78	41.07	1.13	20.0	8.0	0.0	3200.0	0.0	0.0
90664.0	21.99	41.12	1.13	20.0	8.0	0.0	3200.0	0.0	0.0
90729.0	22.21	41.18	1.13	20.0	8.0	0.0	3200.0	0.0	0.0
90784.0	22.22	41.27	1.14	20.0	8.0	0.0	3200.0	0.0	0.0
90844.0	22.32	41.34	1.14	20.0	8.0	0.0	3200.0	0.0	0.0
90898.0	22.34	41.29	1.14	20.0	8.0	0.0	3200.0	0.0	0.0
90958.0	22.22	41.19	1.13	20.0	8.0	0.0	3200.0	0.0	0.0
91013.0	22.1	41.2	1.13	20.0	8.0	0.0	3200.0	0.0	0.0
91072.0	22.22	41.13	1.13	20.0	8.0	0.0	3200.0	0.0	0.0
91127.0	22.17	41.16	1.13	20.0	8.0	0.0	3200.0	0.0	0.0
91185.0	22.11	41.23	1.13	20.0	8.0	0.0	3200.0	0.0	0.0
91244.0	22.05	41.32	1.13	20.0	8.0	0.0	3200.0	0.0	0.0
91298.0	22.18	41.4	1.13	20.0	8.0	0.0	3200.0	0.0	0.0
91359.0	22.37	41.49	1.14	20.0	8.0	0.0	3200.0	0.0	0.0
91418.0	22.32	41.56	1.14	20.0	8.0	0.0	3200.0	0.0	0.0
91479.0	22.29	41.54	1.14	20.0	8.0	0.0	3200.0	0.0	0.0
91533.0	22.27	41.53	1.14	20.0	8.0	0.0	3200.0	0.0	2.0
91593.0	22.23	41.47	1.13	20.0	7.0	0.0	3200.0	0.0	2.0
91653.0	22.19	41.42	1.13	20.0	7.0	0.0	3200.0	0.0	2.0
91713.0	22.17	41.41	1.13	20.0	7.0	0.0	3200.0	0.0	2.0
91773.0	22.07	41.37	1.13	20.0	7.0	0.0	3200.0	0.0	2.0
91828.0	22.13	41.41	1.13	20.0	8.0	0.0	3200.0	0.0	2.0
91888.0	22.01	41.38	1.13	20.0	8.0	0.0	3200.0	0.0	2.0
91948.0	22.05	41.26	1.13	20.0	8.0	0.0	3200.0	0.0	2.0
92008.0	22.08	41.25	1.13	20.0	8.0	0.0	3200.0	0.0	0.0
92062.0	22.19	41.16	1.13	20.0	8.0	0.0	3200.0	0.0	0.0
92123.0	22.08	41.13	1.13	20.0	8.0	0.0	3200.0	0.0	0.0
92177.0	22.06	41.09	1.13	20.0	8.0	0.0	3200.0	0.0	0.0
92236.0	22.03	41.08	1.13	20.0	8.0	0.0	3200.0	0.0	0.0
92296.0	22.07	41.14	1.13	20.0	8.0	0.0	3200.0	0.0	0.0
92351.0	22.03	41.12	1.13	20.0	8.0	0.0	3200.0	0.0	0.0
92410.0	22.07	41.05	1.13	20.0	8.0	0.0	3200.0	0.0	0.0
92465.0	21.99	41.14	1.13	20.0	1.15	1.13	20.0	8.0	0.0
92530.0	21.95	40.94	1.13	20.0	8.0	0.0	3200.0	0.0	0.0
92584.0	22.19	41.19	1.13	20.0	8.0	0.0	3200.0	0.0	0.0
92644.0	22.21	41.15	1.14	20.0	8.0	0.0	3200.0	0.0	0.0
92704.0	22.28	41.21	1.14	20.0	8.0	0.0	3200.0	0.0	0.0
92759.0	22.06	41.14	1.14	20.0	8.0	0.0	3200.0	0.0	0.0
92819.0	22.12	41.13	1.14	20.0	8.0	0.0	3200.0	0.0	0.0
92878.0	22.04	41.06	1.13	20.0	8.0	0.0	3200.0	0.0	0.0
92933.0	22.09	41.06	1.13	20.0	8.0	0.0	3200.0	0.0	0.0
92992.0	22.25	41.08	1.13	20.0	8.0	0.0	3200.0	0.0	0.0
93047.0	22.33	41.13	1.13	20.0	8.0	0.0	3200.0	0.0	0.0
93112.0	22.27	41.39	1.13	20.0	8.0	0.0	3200.0	0.0	0.0
93172.0	22.24	41.47	1.13	20.0	8.0	0.0	3200.0	0.0	0.0
93233.0	22.24	41.43	1.13	20.0	8.0	0.0	3200.0	0.0	0.0
93292.0	22.28	41.4	1.13	20.0	8.0	0.0	3200.0	0.0	0.0
93346.0	22.14	41.27	1.13	20.0	8.0	0.0	3200.0	0.0	0.0
93412.0	21.94	41.23	1.13	20.0	8.0	0.0	3200.0	0.0	0.0
93471.0	22.06	41.13	1.13	20.0	8.0	0.0	3200.0	0.0	0.0
93527.0	22.04	41.16	1.13	20.0	8.0	0.0	3200.0	0.0	0.0
93586.0	22.17	41.14	1.13	20.0	8.0	0.0	3200.0	0.0	0.0
93640.0	21.89	41.14	1.14	20.0	8.0	0.0	3200.0	0.0	0.0
93701.0	21.96	41.1	1.13	20.0	8.0	0.0	3200.0	0.0	0.0
93760.0	21.99	41.1	1.13	20.0	8.0	0.0	3200.0	0.0	0.0
93814.0	22.03	41.09	1.13	20.0	8.0	0.0	3200.0	0.0	0.0
93875.0	22.19	41.11	1.13	20.0	8.0	0.0	3200.0	0.0	0.0
93929.0	22.16	41.15	1.13	20.0	8.0	0.0	3200.0	0.0	0.0
93988.0	22.32	41.4	1.13	20.0	8.0	0.0	3200.0	0.0	0.0
94049.0	22.04	41.44	1.13	20.0	8.0	0.0	3200.0	0.0	0.0
94108.0	21.99	41.22	1.14	20.0	8.0	0.0	3200.0	0.0	0.0
94174.0	22.11	41.16	1.13	20.0	8.0	0.0	3200.0	0.0	0.0
94239.0	22.09	41.1	1.13	20.0	8.0	0.0	3200.0	0.0	0.0
94294.0	21.97	41.05	1.13	20.0	8.0	0.0	3200.0	0.0	0.0
94353.0	21.98	41.08	1.13	20.0	8.0	0.0	3200.0	0.0	0.0
94402.0	21.9	41.1	1.13	20.0	8.0	0.0	3200.0	0.0	0.0
94468.0	21.94	41.1	1.13	20.0	8.0	0.0	3200.0	0.0	0.0
94522.0	22.01	41.04	1.13	20.0	8.0	0.0	3200.0	0.0	0.0
94587.0	22.01	41.06	1.13	20.0	8.0	0.0	3200.0	0.0	0.0
94642.0	22.05	41.05	1.13	20.0	8.0	0.0	3200.0	0.0	0.0
94701.0	22.11	41.07	1.13	20.0	8.0	0.0	3200.0	0.0	0.0
94755.0	22.17	41.16	1.14	20.0	8.0	0.0	3200.0	0.0	0.0
94816.0	22.09	41.1	1.15	20.0	8.0	0.0	3200.0	0.0	0.0
94875.0	22.12	41.09	1.14	20.0	8.0	0.0	3200.0	0.0	0.0
94936.0	22.09	41.06	1.14	20.0	8.0	0.0	3200.0	0.0	0.0
94990.0	21.96	41.12	1.13	20.0	8.0	0.0	3200.0	0.0	0.0
95049.0	22.06	41.18	1.13	20.0	8.0	0.0	3200.0	0.0	0.0
95110.0	22.06	41.18	1.14	20.0	8.0	0.0	3200.0	0.0	0.0
95164.0	22.16	41.27	1.13	20.0	8.0	0.0	3200.0	0.0	0.0
95218.0	21.98	41.19	1.13	20.0	8.0	0.0	3200.0	0.0	0.0
95284.0	22.09	41.27	1.13	20.0	8.0	0.0	3200.0	0.0	0.0
95338.0	22.04	41.17	1.13	20.0	8.0	0.0	3200.0	0.0	0.0
95397.0	22.32	41.12	1.13	20.0	8.0	0.0	3200.0	0.0	0.0
95458.0	22.42	41.14	1.13	20.0	8.0	0.0	3200.0	0.0	0.0
95512.0	22.43	41.2	1.13	20.0	8.0	0.0	3200.0	0.0	0.0
95578.0	22.23	41.15	1.14	20.0	8.0	0.0	3200.0	0.0	0.0
95637.0	21.93	41.09	1.14	20.0	8.0	0.0	3200.0	0.0	0.0
95697.0	21.95	41.07	1.13	20.0	8.0	0.0	3200.0	0.0	0.0
95752.0	22.02	41.05	1.13	20.0	8.0	0.0	3200.0	0.0	0.0
95811.0	21.88	41.04	1.13	20.0	8.0	0.0	3200.0	0.0	0.0
95877.0	22.08	41.06	1.13	20.0	8.0	0.0	3200.0	0.0	0.0
95931.0	22.23	41.04	1.14	20.0	8.0	0.0	3200.0	0.0	0.0
95990.0	22.06	41.03	1.13	20.0	8.0	0.0	3200.0	0.0	0.0
96051.0	22.14	41.04	1.13	20.0	8.0	0.0	3200.0	0.0	0.0
96110.0	22.17	41.06	1.13	20.0	8.0	0.0	3200.0	0.0	0.0
96171.0	22.2	41.1	1.13	20.0	8.0	0.0	3200.0	0.0	0.0
96225.0	22.33	41.14	1.13	20.0	8.0	0.0	3200.0	0.0	0.0
96284.0	22.27	41.15	1.14	20.0	8.0	0.0	3200.0	0.0	0.0
96339.0	22.2	41.18	1.14	20.0	8.0	0.0	3200.0	0.0	0.0
96399.0	21.99	41.12	1.14	20.0	8.0	0.0	3200.0	0.0	0.0
96459.0	21.79	41.13	1.13	20.0	8.0	0.0	3200.0	0.0	0.0
96519.0	21.86	41.08	1.13	20.0	8.0	0.0	3200.0	0.0	0.0
96579.0	21.9	41.08	1.13	20.0	8.0	0.0	3200.0	0.0	0.0
96638.0	22.13	41.32	1.13	20.0	8.0	0.0	3200.0	0.0	0.0
96698.0	22.21	41.49	1.13	20.0	8.0	0.0	3200.0	0.0	0.0
96753.0	22.38	41.63	1.12	20.0	8.0	0.0	3200.0	0.0	0.0
96813.0	22.24	41.64	1.13	20.0	8.0	0.0	3200.0	0.0	0.0
96867.0	22.01	41.39	1.13	20.0	8.0	0.0	3200.0	0.0	0.0
96927.0	22.08	40.84	1.13	20.0	8.0	0.0	3200.0	0.0	0.0
96987.0	22.0	40.92	1.13	20.0	8.0	0.0	3200.0	0.0	0.0
97052.0	22.03	41.01	1.13	20.0	8.0	0.0	3200.0	0.0	0.0
97112.0	22.12	40.99	1.13	20.0	8.0	0.0	3200.0	0.0	0.0
97166.0	22.02	41.1	1.13	NaN	1.13	20.0	8.0	0.0	3200.0
97225.0	21.98	40.96	1.13	20.0	8.0	0.0	3200.0	0.0	0.0
97286.0	22.36	41.19	1.13	20.0	8.0	0.0	3200.0	0.0	0.0
97345.0	21.7	40.83	1.13	20.0	8.0	0.0	3200.0	0.0	0.0
97405.0	22.0	41.09	1.13	20.0	8.0	0.0	3200.0	0.0	0.0
97460.0	21.85	41.05	1.13	20.0	8.0	0.0	3200.0	0.0	0.0
97519.0	21.93	41.04	1.13	20.0	8.0	0.0	3200.0	0.0	0.0
97579.0	22.08	41.0	1.13	20.0	8.0	0.0	3200.0	0.0	0.0
97634.0	22.17	41.1	1.13	20.0	8.0	0.0	3200.0	0.0	0.0
97693.0	22.28	41.14	1.14	20.0	8.0	0.0	3200.0	0.0	0.0
97754.0	22.08	41.19	1.14	20.0	8.0	0.0	3200.0	0.0	0.0
97813.0	22.27	41.35	1.13	20.0	8.0	0.0	3200.0	0.0	0.0
97867.0	NaN	22.17	41.36	1.13	20.0	8.0	0.0	3200.0	0.0
97933.0	22.13	41.45	1.12	20.0	8.0	0.0	3200.0	0.0	0.0
97987.0	21.76	41.03	1.13	20.0	8.0	0.0	3200.0	0.0	0.0
98048.0	21.88	41.01	1.14	20.0	8.0	0.0	3200.0	0.0	0.0
98102.0	22.09	41.07	1.14	20.0	8.0	0.0	3200.0	0.0	0.0
98161.0	21.96	41.06	1.14	20.0	8.0	0.0	3200.0	0.0	0.0
98221.0	21.9	41.06	1.13	20.0	8.0	0.0	3200.0	0.0	0.0
98281.0	21.91	41.09	1.13	20.0	8.0	0.0	3200.0	0.0	0.0
98340.0	21.99	41.02	1.13	20.0	8.0	0.0	3200.0	0.0	0.0
98395.0	22.22	41.09	1.13	20.0	8.0	0.0	3200.0	0.0	0.0
98455.0	22.04	41.12	1.14	20.0	8.0	0.0	3200.0	0.0	0.0
98509.0	22.03	41.06	1.13	20.0	8.0	0.0	3200.0	0.0	0.0
98569.0	22.18	41.06	1.13	20.0	8.0	0.0	3200.0	0.0	0.0
98629.0	22.11	41.04	1.13	20.0	8.0	0.0	3200.0	0.0	0.0
98689.0	22.37	41.08	1.13	20.0	8.0	0.0	3200.0	0.0	0.0
98743.0	22.21	41.12	1.13	20.0	8.0	0.0	3200.0	0.0	0.0
98803.0	22.16	41.12	1.14	20.0	8.0	0.0	3200.0	0.0	0.0
98857.0	22.01	41.07	1.14	20.0	8.0	0.0	3200.0	0.0	0.0
98917.0	21.99	41.08	1.13	20.0	8.0	0.0	3200.0	0.0	0.0
98977.0	21.91	41.0	1.13	20.0	8.0	0.0	3200.0	0.0	0.0
99032.0	21.94	41.19	1.13	20.0	8.0	0.0	3200.0	0.0	0.0
99091.0	22.17	41.33	1.13	20.0	8.0	0.0	3200.0	0.0	0.0
99151.0	22.22	41.26	1.13	20.0	8.0	0.0	3200.0	0.0	0.0
99206.0	22.14	41.23	1.13	20.0	8.0	0.0	3200.0	0.0	0.0
99266.0	22.08	41.22	1.14	20.0	8.0	0.0	3200.0	0.0	0.0
99320.0	22.01	41.15	1.14	20.0	8.0	0.0	3200.0	0.0	0.0
99380.0	22.03	41.11	1.13	20.0	8.0	0.0	3200.0	0.0	0.0
99439.0	22.0	41.09	1.13	20.0	8.0	0.0	3200.0	0.0	0.0
99494.0	22.01	41.08	1.13	20.0	8.0	0.0	3200.0	0.0	0.0
99554.0	21.91	41.16	1.13	20.0	7.0	0.0	3200.0	0.0	0.0
99613.0	21.92	41.13	1.14	20.0	8.0	0.0	3200.0	0.0	0.0
99674.0	21.98	41.29	1.13	20.0	8.0	0.0	3200.0	0.0	0.0
99733.0	22.11	41.3	1.13	20.0	8.0	0.0	3200.0	0.0	0.0
99787.0	22.0	41.19	1.13	20.0	8.0	0.0	3200.0	0.0	0.0
99853.0	22.1	41.12	1.13	20.0	8.0	0.0	3200.0	0.0	0.0
99907.0	22.07	41.16	1.13	20.0	8.0	0.0	3200.0	0.0	0.0
99968.0	22.05	41.17	1.14	20.0	8.0	0.0	3200.0	0.0	0.0
100022.0	22.07	41.13	1.14	20.0	8.0	0.0	3200.0	0.0	0.0
100082.0	22.1	41.13	1.15	20.0	8.0	0.0	3200.0	0.0	0.0
100137.0	22.1	41.09	1.14	20.0	8.0	0.0	3200.0	0.0	0.0
100198.0	22.19	41.05	1.14	20.0	8.0	0.0	3200.0	0.0	0.0
100258.0	22.14	41.07	1.14	20.0	8.0	0.0	3200.0	0.0	0.0
100313.0	22.3	41.06	1.14	20.0	8.0	0.0	3200.0	0.0	0.0
100373.0	22.48	41.25	1.14	20.0	8.0	0.0	3200.0	0.0	0.0
100433.0	22.22	41.13	1.13	20.0	8.0	0.0	3200.0	0.0	0.0
100489.0	22.12	41.09	1.14	20.0	8.0	0.0	3200.0	0.0	0.0
100549.0	22.14	41.05	1.14	20.0	8.0	0.0	3200.0	0.0	0.0
100604.0	22.2	41.16	1.13	20.0	8.0	0.0	3200.0	0.0	0.0
100659.0	21.68	40.87	1.13	20.0	8.0	0.0	3200.0	0.0	0.0
100725.0	21.84	41.04	1.13	20.0	8.0	0.0	3200.0	0.0	0.0
100780.0	22.17	41.06	1.13	20.0	8.0	0.0	3200.0	0.0	0.0
100840.0	21.98	41.01	1.13	20.0	8.0	0.0	3200.0	0.0	0.0
100900.0	21.99	40.99	1.13	20.0	8.0	0.0	3200.0	0.0	0.0
100961.0	21.89	40.8	1.13	20.0	8.0	0.0	3200.0	0.0	0.0
101016.0	22.02	41.13	1.13	20.0	8.0	0.0	3200.0	0.0	0.0
101082.0	21.97	41.03	1.13	20.0	8.0	0.0	3200.0	0.0	0.0
101137.0	21.81	41.01	1.13	20.0	8.0	0.0	3200.0	0.0	0.0
101197.0	21.8	40.97	1.14	20.0	8.0	0.0	3200.0	0.0	0.0
101252.0	22.0	41.01	1.14	20.0	8.0	0.0	3200.0	0.0	0.0
101307.0	22.16	41.05	1.14	20.0	8.0	0.0	3200.0	0.0	0.0
101372.0	22.13	41.0	1.14	20.0	8.0	0.0	3200.0	0.0	0.0
101433.0	21.93	40.99	1.13	20.0	8.0	0.0	3200.0	0.0	0.0
101488.0	22.03	40.96	1.13	20.0	8.0	0.0	3200.0	0.0	0.0
101549.0	22.12	41.04	1.14	20.0	8.0	0.0	3200.0	0.0	0.0
101609.0	22.33	41.19	1.13	20.0	8.0	0.0	3200.0	0.0	0.0
101669.0	22.2	41.07	1.13	20.0	8.0	0.0	3200.0	0.0	0.0
101724.0	22.12	41.07	1.13	20.0	8.0	0.0	3200.0	0.0	0.0
101779.0	22.26	41.08	1.13	20.0	8.0	0.0	3200.0	0.0	0.0
101839.0	21.75	40.88	1.13	20.0	8.0	0.0	3200.0	0.0	0.0
101900.0	21.72	40.94	1.13	20.0	8.0	0.0	3200.0	0.0	0.0
101955.0	21.76	41.01	1.13	20.0	8.0	0.0	3200.0	0.0	0.0
102016.0	21.89	41.05	1.13	20.0	8.0	0.0	3200.0	0.0	0.0
102076.0	21.29	40.77	1.13	20.0	7.0	0.0	3200.0	0.0	0.0
102136.0	21.88	40.98	1.13	20.0	8.0	0.0	3200.0	0.0	0.0
102191.0	21.98	41.05	1.13	20.0	8.0	0.0	3200.0	0.0	0.0
102256.0	21.97	41.09	1.13	20.0	8.0	0.0	3200.0	0.0	0.0
102311.0	22.07	41.08	1.13	20.0	8.0	0.0	3200.0	0.0	0.0
102372.0	21.82	41.03	1.15	20.0	8.0	0.0	3200.0	0.0	0.0
102432.0	22.01	41.01	1.14	20.0	8.0	0.0	3200.0	0.0	0.0
102487.0	22.04	41.02	1.14	20.0	8.0	0.0	3200.0	0.0	0.0
102547.0	22.15	41.11	1.14	20.0	8.0	0.0	3200.0	0.0	0.0
102602.0	22.32	41.1	1.14	20.0	8.0	0.0	3200.0	0.0	0.0
102658.0	22.21	41.05	1.13	20.0	8.0	0.0	3200.0	0.0	0.0
102723.0	22.02	41.02	1.13	20.0	8.0	0.0	3200.0	0.0	0.0
102778.0	22.04	41.06	1.14	20.0	8.0	0.0	3200.0	0.0	0.0
102839.0	22.1	41.07	1.13	20.0	8.0	0.0	3200.0	0.0	0.0
102888.0	22.16	41.06	1.13	20.0	8.0	0.0	3200.0	0.0	0.0
102948.0	21.99	40.97	1.13	20.0	8.0	0.0	3200.0	0.0	0.0
103003.0	21.86	40.91	1.14	20.0	8.0	0.0	3200.0	0.0	0.0
103063.0	22.23	41.13	1.13	20.0	8.0	0.0	3200.0	0.0	0.0
103118.0	22.2	41.18	1.13	20.0	8.0	0.0	3200.0	0.0	0.0
103179.0	22.01	41.09	1.13	20.0	8.0	0.0	3200.0	0.0	0.0
103239.0	21.97	41.06	1.13	20.0	8.0	0.0	3200.0	0.0	0.0
103294.0	22.09	41.12	1.14	20.0	8.0	0.0	3200.0	0.0	0.0
103355.0	22.16	41.18	1.13	20.0	7.0	0.0	3200.0	0.0	0.0
103415.0	22.01	41.05	1.13	20.0	8.0	0.0	3200.0	0.0	0.0
103470.0	21.89	41.04	1.13	20.0	8.0	0.0	3200.0	0.0	0.0
103530.0	22.02	41.1	1.13	20.0	8.0	0.0	3200.0	0.0	0.0
103579.0	22.25	41.09	1.13	20.0	8.0	0.0	3200.0	0.0	0.0
103640.0	22.22	41.04	1.13	20.0	8.0	0.0	3200.0	0.0	0.0
103700.0	22.16	41.03	1.13	20.0	8.0	0.0	3200.0	0.0	0.0
103760.0	22.26	41.07	1.14	20.0	8.0	0.0	3200.0	0.0	0.0
103821.0	22.19	41.08	1.13	20.0	8.0	0.0	3200.0	0.0	0.0
103876.0	22.11	41.06	1.13	20.0	8.0	0.0	3200.0	0.0	0.0
103931.0	22.29	41.06	1.13	20.0	8.0	0.0	3200.0	0.0	0.0
103986.0	22.24	41.05	1.13	20.0	8.0	0.0	3200.0	0.0	0.0
104041.0	22.13	41.09	1.13	20.0	8.0	0.0	3200.0	0.0	0.0
104101.0	22.08	41.07	1.13	20.0	8.0	0.0	3200.0	0.0	0.0
104156.0	21.99	41.03	1.13	20.0	8.0	0.0	3200.0	0.0	0.0
104222.0	21.97	40.89	1.13	20.0	8.0	0.0	3200.0	0.0	0.0
104276.0	22.1	41.04	1.13	20.0	8.0	0.0	3200.0	0.0	0.0
104337.0	22.36	41.02	1.13	20.0	8.0	0.0	3200.0	0.0	0.0
104397.0	22.14	40.93	1.13	20.0	8.0	0.0	3200.0	0.0	0.0
104458.0	22.18	40.34	1.13	20.0	8.0	0.0	3200.0	0.0	0.0
104518.0	22.1	40.78	1.13	20.0	8.0	0.0	3200.0	0.0	0.0
104579.0	22.27	41.0	1.13	20.0	8.0	0.0	3200.0	0.0	0.0
104634.0	22.25	40.96	1.13	20.0	8.0	0.0	3200.0	0.0	0.0
104694.0	21.96	40.97	1.13	20.0	8.0	0.0	3200.0	0.0	0.0
104754.0	22.03	41.2	1.13	20.0	8.0	0.0	3200.0	0.0	0.0
104814.0	22.08	41.15	1.14	20.0	8.0	0.0	3200.0	0.0	0.0
104876.0	22.25	41.07	1.13	20.0	8.0	0.0	3200.0	0.0	0.0
104930.0	22.13	41.05	1.13	20.0	8.0	0.0	3200.0	0.0	0.0
104990.0	21.88	41.01	1.13	20.0	8.0	0.0	3200.0	0.0	0.0
105046.0	22.01	41.06	1.14	20.0	8.0	0.0	3200.0	0.0	0.0
105111.0	22.09	41.08	1.13	20.0	8.0	0.0	3200.0	0.0	0.0
105166.0	22.17	40.97	1.13	20.0	8.0	0.0	3200.0	0.0	0.0
105221.0	22.19	40.96	1.13	20.0	8.0	0.0	3200.0	0.0	0.0
105281.0	22.27	40.98	1.13	20.0	8.0	0.0	3200.0	0.0	0.0
105336.0	22.19	41.03	1.14	20.0	8.0	0.0	3200.0	0.0	0.0
105391.0	22.07	41.03	1.13	20.0	8.0	0.0	3200.0	0.0	0.0
105451.0	22.13	40.99	1.13	20.0	8.0	0.0	3200.0	0.0	0.0
105511.0	21.87	40.9	1.13	20.0	8.0	0.0	3200.0	0.0	0.0
105572.0	21.95	40.93	1.13	20.0	8.0	0.0	3200.0	0.0	0.0
105632.0	22.05	40.94	1.15	20.0	8.0	0.0	3200.0	0.0	0.0
105693.0	22.14	40.91	1.14	20.0	8.0	0.0	3200.0	0.0	0.0
105748.0	22.13	40.94	1.14	20.0	8.0	0.0	3200.0	0.0	0.0
105802.0	22.14	40.92	1.14	20.0	8.0	0.0	3200.0	0.0	0.0
105863.0	22.08	40.98	1.14	20.0	8.0	0.0	3200.0	0.0	0.0
105918.0	22.24	41.02	1.14	20.0	8.0	0.0	3200.0	0.0	0.0
105978.0	22.14	40.92	1.13	20.0	8.0	0.0	3200.0	0.0	0.0
106028.0	22.06	40.94	1.13	2.09	40.96	1.13	20.0	8.0	0.0
106093.0	22.01	40.98	1.13	20.0	8.0	0.0	3200.0	0.0	0.0
106148.0	22.14	41.0	1.13	20.0	8.0	0.0	3200.0	0.0	0.0
106209.0	22.14	41.06	1.13	20.0	8.0	0.0	3200.0	0.0	0.0
106263.0	22.22	40.98	1.13	20.0	8.0	0.0	3200.0	0.0	0.0
106318.0	22.19	40.93	1.13	20.0	8.0	0.0	3200.0	0.0	0.0
106379.0	22.06	40.96	1.13	20.0	8.0	0.0	3200.0	0.0	0.0
106433.0	21.92	40.99	1.14	20.0	8.0	0.0	3200.0	0.0	0.0
106500.0	22.1	40.96	1.13	20.0	8.0	0.0	3200.0	0.0	0.0
106554.0	22.14	40.95	1.13	20.0	8.0	0.0	3200.0	0.0	0.0
106609.0	22.01	40.91	1.13	20.0	8.0	0.0	3200.0	0.0	0.0
106670.0	22.1	40.95	1.13	20.0	8.0	0.0	3200.0	0.0	0.0
106724.0	22.23	41.12	1.13	20.0	8.0	0.0	3200.0	0.0	0.0
106784.0	22.21	40.99	1.13	20.0	8.0	0.0	3200.0	0.0	0.0
106845.0	22.25	40.97	1.13	20.0	8.0	0.0	3200.0	0.0	0.0
106900.0	22.31	41.1	1.13	20.0	8.0	0.0	3200.0	0.0	0.0
106960.0	21.96	40.93	1.13	20.0	8.0	0.0	3200.0	0.0	0.0
107016.0	21.98	40.93	1.13	20.0	8.0	0.0	3200.0	0.0	0.0
107081.0	22.07	40.9	1.13	20.0	8.0	0.0	3200.0	0.0	0.0
107136.0	21.82	40.88	1.13	20.0	7.0	0.0	3200.0	0.0	0.0
107191.0	21.9	40.83	1.13	20.0	8.0	0.0	3200.0	0.0	0.0
107251.0	22.08	41.03	1.13	20.0	8.0	0.0	3200.0	0.0	0.0
107312.0	22.11	40.98	1.13	20.0	8.0	0.0	3200.0	0.0	0.0
107372.0	22.12	40.93	1.13	20.0	8.0	0.0	3200.0	0.0	0.0
107421.0	22.04	40.86	1.13	20.0	8.0	0.0	3200.0	0.0	0.0
107482.0	21.94	40.81	1.13	20.0	8.0	0.0	3200.0	0.0	0.0
107547.0	22.06	40.94	1.13	20.0	8.0	0.0	3200.0	0.0	0.0
107608.0	22.1	40.98	1.13	20.0	8.0	0.0	3200.0	0.0	0.0
107662.0	22.19	40.93	1.13	20.0	8.0	0.0	3200.0	0.0	0.0
107722.0	22.24	40.9	1.13	20.0	8.0	0.0	3200.0	0.0	0.0
107783.0	22.13	40.87	1.13	20.0	8.0	0.0	3200.0	0.0	0.0
107838.0	22.12	40.9	1.13	20.0	8.0	0.0	3200.0	0.0	0.0
107898.0	22.02	40.96	1.13	20.0	8.0	0.0	3200.0	0.0	0.0
107953.0	22.26	40.98	1.13	20.0	8.0	0.0	3200.0	0.0	0.0
108013.0	21.99	40.93	1.13	20.0	8.0	0.0	3200.0	0.0	0.0
108073.0	22.08	40.87	1.13	20.0	8.0	0.0	3200.0	0.0	0.0
108129.0	21.96	40.9	1.13	20.0	8.0	0.0	3200.0	0.0	0.0
108189.0	22.0	40.97	1.14	20.0	8.0	0.0	3200.0	0.0	0.0
108243.0	22.14	41.03	1.14	20.0	8.0	0.0	3200.0	0.0	0.0
108304.0	22.15	40.96	1.13	20.0	8.0	0.0	3200.0	0.0	0.0
108359.0	22.27	40.96	1.13	20.0	8.0	0.0	3200.0	0.0	0.0
108420.0	22.15	40.89	1.13	20.0	8.0	0.0	3200.0	0.0	0.0
108485.0	22.36	40.99	1.13	20.0	8.0	0.0	3200.0	0.0	0.0
108551.0	22.27	40.94	1.13	20.0	8.0	0.0	3200.0	0.0	0.0
108611.0	22.1	40.98	1.13	20.0	8.0	0.0	3200.0	0.0	0.0
108677.0	22.09	40.97	1.12	20.0	8.0	0.0	3200.0	0.0	0.0
108732.0	22.13	40.94	1.13	20.0	8.0	0.0	3200.0	0.0	0.0
108792.0	22.04	40.93	1.13	20.0	8.0	0.0	3200.0	0.0	0.0
108858.0	22.2	40.83	1.13	20.0	8.0	0.0	3200.0	0.0	0.0
108918.0	21.98	40.76	1.13	20.0	8.0	0.0	3200.0	0.0	0.0
108984.0	22.11	40.84	1.13	20.0	8.0	0.0	3200.0	0.0	0.0
109050.0	22.29	41.06	1.13	20.0	8.0	0.0	3200.0	0.0	0.0
109105.0	22.17	40.97	1.13	20.0	8.0	0.0	3200.0	0.0	0.0
109165.0	22.06	40.89	1.13	20.0	8.0	0.0	3200.0	0.0	0.0

================================Data log ends here================================