Log created on 1-5-2018__19.9.51
tes11

Time	MAT	CHT	MAP	AFR	TPS	RPM	CCM	Cons	State
15418.0	21.3	23.96	1.13	20.0	9.0	0.0	3600.0	0.0	0.0
15483.0	21.11	23.98	1.14	20.0	9.0	0.0	3600.0	0.0	0.0
15549.0	20.87	23.84	1.13	20.0	9.0	0.0	3600.0	0.0	0.0
15613.0	20.91	23.74	1.13	20.0	9.0	0.0	3600.0	0.0	0.0
15679.0	21.09	23.84	1.13	20.0	9.0	0.0	3600.0	0.0	0.0
15738.0	20.85	23.71	1.13	20.0	9.0	0.0	3600.0	0.0	0.0
15799.0	20.95	23.57	1.14	20.0	9.0	0.0	3600.0	0.0	0.0
15864.0	20.93	23.64	1.13	20.0	9.0	0.0	3600.0	0.0	0.0
15919.0	20.93	23.63	1.13	20.0	9.0	0.0	3600.0	0.0	0.0
15983.0	20.88	23.64	1.13	20.0	9.0	0.0	3600.0	0.0	0.0
16038.0	20.71	23.74	1.13	20.0	9.0	0.0	3600.0	0.0	0.0
16098.0	21.0	23.87	1.14	20.0	9.0	0.0	3600.0	0.0	0.0
16157.0	21.04	23.83	1.13	20.0	9.0	0.0	3600.0	0.0	0.0
16218.0	21.19	23.84	1.13	20.0	9.0	0.0	3600.0	0.0	0.0
16277.0	21.16	24.01	1.13	20.0	9.0	0.0	3600.0	0.0	0.0
16331.0	20.91	23.83	1.13	20.0	9.0	0.0	3600.0	0.0	0.0
16397.0	21.15	23.93	1.13	20.0	9.0	0.0	3600.0	0.0	0.0
16451.0	20.96	23.92	1.13	20.0	9.0	0.0	3600.0	0.0	0.0
16517.0	20.99	23.83	1.13	20.0	9.0	0.0	3600.0	0.0	0.0
16576.0	21.04	23.81	1.13	20.0	9.0	0.0	3600.0	0.0	0.0
16636.0	20.92	23.76	1.13	20.0	9.0	0.0	3600.0	0.0	0.0
16696.0	21.17	23.86	1.13	20.0	9.0	0.0	3600.0	0.0	0.0
16750.0	21.06	23.87	1.13	20.0	9.0	0.0	3600.0	0.0	0.0
16809.0	21.04	23.86	1.13	20.0	9.0	0.0	3600.0	0.0	0.0
16870.0	20.99	23.83	1.13	20.0	9.0	0.0	3600.0	0.0	0.0
16929.0	21.08	23.9	1.13	20.0	9.0	0.0	3600.0	0.0	0.0
16984.0	20.97	23.96	1.13	20.0	9.0	0.0	3600.0	0.0	0.0
17049.0	21.05	23.9	1.14	20.0	9.0	0.0	3600.0	0.0	0.0
17108.0	21.19	23.88	1.13	20.0	9.0	0.0	3600.0	0.0	0.0
17169.0	20.99	23.79	1.13	20.0	9.0	0.0	3600.0	0.0	0.0
17228.0	20.99	23.84	1.13	20.0	9.0	0.0	3600.0	0.0	0.0
17283.0	21.14	23.89	1.13	20.0	9.0	0.0	3600.0	0.0	0.0
17343.0	21.2	23.94	1.14	20.0	9.0	0.0	3600.0	0.0	0.0
17414.0	21.1	23.89	1.13	20.0	9.0	0.0	3600.0	0.0	0.0
17478.0	20.95	23.83	1.13	20.0	9.0	0.0	3600.0	0.0	0.0
17539.0	21.02	23.83	1.13	20.0	9.0	0.0	3600.0	0.0	0.0
17593.0	21.05	23.89	1.13	20.0	9.0	0.0	3600.0	0.0	0.0
17658.0	21.1	24.03	1.14	20.0	9.0	0.0	3600.0	0.0	0.0
17718.0	20.96	23.96	1.13	20.0	9.0	0.0	3600.0	0.0	0.0
17777.0	20.96	23.93	1.13	20.0	9.0	0.0	3600.0	0.0	0.0
17838.0	20.72	23.84	1.13	20.0	9.0	0.0	3600.0	0.0	0.0
17897.0	20.8	23.73	1.13	20.0	9.0	0.0	3600.0	0.0	0.0
17956.0	20.91	23.84	1.13	20.0	9.0	0.0	3600.0	0.0	0.0
18017.0	20.77	23.82	1.13	20.0	9.0	0.0	3600.0	0.0	0.0
18082.0	20.88	23.77	1.13	20.0	9.0	0.0	3600.0	0.0	0.0
18142.0	20.9	23.77	1.13	20.0	9.0	0.0	3600.0	0.0	0.0
18201.0	20.88	23.75	1.13	20.0	9.0	0.0	3600.0	0.0	0.0
18262.0	20.99	23.87	1.13	20.0	9.0	0.0	3600.0	0.0	0.0
18321.0	20.99	23.86	1.13	20.0	9.0	0.0	3600.0	0.0	0.0
18381.0	20.98	23.94	1.13	20.0	9.0	0.0	3600.0	0.0	0.0
18441.0	20.93	23.84	1.13	20.0	9.0	0.0	3600.0	0.0	0.0
18500.0	21.01	23.82	1.13	20.0	9.0	0.0	3600.0	0.0	0.0
18561.0	21.1	23.89	1.13	20.0	9.0	0.0	3600.0	0.0	0.0
18620.0	21.19	23.9	1.14	20.0	9.0	0.0	3600.0	0.0	0.0
18685.0	21.1	23.86	1.13	20.0	9.0	0.0	3600.0	0.0	0.0
18740.0	20.89	23.73	1.13	20.0	9.0	0.0	3600.0	0.0	0.0
18805.0	20.99	23.75	1.13	20.0	9.0	0.0	3600.0	0.0	0.0
18860.0	21.06	23.82	1.13	20.0	9.0	0.0	3600.0	0.0	0.0
18919.0	21.1	23.91	1.14	20.0	9.0	0.0	3600.0	0.0	0.0
18979.0	21.03	23.89	1.13	20.0	9.0	0.0	3600.0	0.0	0.0
19039.0	20.99	23.88	1.13	20.0	9.0	0.0	3600.0	0.0	0.0
19098.0	20.94	23.89	1.13	20.0	9.0	0.0	3600.0	0.0	0.0
19159.0	21.11	23.9	1.13	20.0	9.0	0.0	3600.0	0.0	0.0
19218.0	21.31	24.07	1.13	20.0	9.0	0.0	3600.0	0.0	0.0
19283.0	21.14	23.95	1.13	20.0	9.0	0.0	3600.0	0.0	0.0
19354.0	20.95	23.77	1.13	20.0	9.0	0.0	3600.0	0.0	0.0
19420.0	20.65	23.61	1.14	20.0	9.0	0.0	3600.0	0.0	0.0
19479.0	20.77	23.71	1.14	20.0	9.0	0.0	3600.0	0.0	0.0
19538.0	20.89	23.82	1.14	20.0	9.0	0.0	3600.0	0.0	0.0
19604.0	20.89	23.89	1.14	20.0	9.0	0.0	3600.0	0.0	0.0
19658.0	20.94	23.82	1.13	20.0	9.0	0.0	3600.0	0.0	0.0
19719.0	21.02	23.85	1.13	20.0	9.0	0.0	3600.0	0.0	0.0
19778.0	21.24	24.02	1.13	20.0	9.0	0.0	3600.0	0.0	0.0
19832.0	21.21	23.92	1.13	20.0	9.0	0.0	3600.0	0.0	0.0
19898.0	21.0	23.84	1.13	20.0	9.0	0.0	3600.0	0.0	0.0
19957.0	20.85	23.43	1.13	20.0	9.0	0.0	3600.0	0.0	0.0
20018.0	20.85	23.57	1.13	20.0	9.0	0.0	3600.0	0.0	0.0
20072.0	20.85	23.61	1.13	20.0	9.0	0.0	3600.0	0.0	0.0
20131.0	20.87	23.79	1.13	20.0	9.0	0.0	3600.0	0.0	0.0
20192.0	20.91	23.86	1.13	20.0	9.0	0.0	3600.0	0.0	0.0
20251.0	20.99	23.87	1.13	19.99	9.0	0.0	3600.0	0.0	0.0
20317.0	20.96	23.89	1.13	19.99	9.0	0.0	3600.0	0.0	0.0
20382.0	20.92	23.89	1.13	20.0	9.0	0.0	3600.0	0.0	0.0
20442.0	21.02	23.86	1.13	20.0	9.0	0.0	3600.0	0.0	0.0
20507.0	21.12	23.94	1.13	20.0	9.0	0.0	3600.0	0.0	0.0
20572.0	21.02	23.94	1.14	20.0	9.0	0.0	3600.0	0.0	0.0
20632.0	20.97	23.94	1.13	20.0	9.0	0.0	3600.0	0.0	0.0
20691.0	20.85	23.89	1.13	20.0	9.0	0.0	3600.0	0.0	0.0
20757.0	20.89	23.85	1.13	20.0	9.0	0.0	3600.0	0.0	0.0
20816.0	20.91	23.86	1.13	20.0	9.0	0.0	3600.0	0.0	0.0
20887.0	20.95	23.93	1.13	20.0	9.0	0.0	3600.0	0.0	0.0
20953.0	20.95	23.86	1.13	20.0	9.0	0.0	3600.0	0.0	0.0
21012.0	20.93	23.55	1.13	20.0	9.0	0.0	3600.0	0.0	0.0
21072.0	21.04	23.72	1.13	20.0	9.0	0.0	3600.0	0.0	0.0
21132.0	21.04	23.87	1.13	20.0	9.0	0.0	3600.0	0.0	0.0
21197.0	21.04	23.9	1.13	20.0	9.0	0.0	3600.0	0.0	0.0
21252.0	21.02	23.85	1.13	20.0	9.0	0.0	3600.0	0.0	0.0
21311.0	21.01	23.87	1.13	20.0	9.0	0.0	3600.0	0.0	0.0
21377.0	21.14	23.96	1.13	20.0	9.0	0.0	3600.0	0.0	0.0
21436.0	20.73	23.9	1.13	20.0	9.0	0.0	3600.0	0.0	0.0
21496.0	20.85	23.85	1.14	20.0	9.0	0.0	3600.0	0.0	0.0
21556.0	20.94	23.83	1.14	20.0	9.0	0.0	3600.0	0.0	0.0
21615.0	20.87	23.74	1.13	20.0	9.0	0.0	3600.0	0.0	0.0
21676.0	21.01	23.84	1.13	20.0	9.0	0.0	3600.0	0.0	0.0
21730.0	20.96	23.87	1.14	20.0	9.0	0.0	3600.0	0.0	0.0
21789.0	21.08	23.88	1.13	20.0	9.0	0.0	3600.0	0.0	0.0
21850.0	21.0	23.79	1.13	20.0	9.0	0.0	3600.0	0.0	0.0
21909.0	21.04	23.84	1.13	20.0	9.0	0.0	3600.0	0.0	0.0
21963.0	21.05	23.89	1.13	20.0	9.0	0.0	3600.0	0.0	0.0
22023.0	21.16	23.98	1.14	20.0	9.0	0.0	3600.0	0.0	0.0
22083.0	21.0	23.88	1.13	20.0	9.0	0.0	3600.0	0.0	0.0
22142.0	21.06	23.8	1.13	20.0	9.0	0.0	3600.0	0.0	0.0
22203.0	20.99	23.82	1.13	20.0	9.0	0.0	3600.0	0.0	0.0
22262.0	21.06	23.87	1.13	20.0	9.0	0.0	3600.0	0.0	0.0
22322.0	21.06	23.95	1.14	20.0	9.0	0.0	3600.0	0.0	0.0
22382.0	21.01	23.9	1.13	20.0	9.0	0.0	3600.0	0.0	0.0
22447.0	20.99	23.9	1.13	20.0	9.0	0.0	3600.0	0.0	0.0
22507.0	21.1	23.94	1.13	20.0	9.0	0.0	3600.0	0.0	0.0
22566.0	21.07	23.97	1.13	20.0	9.0	0.0	3600.0	0.0	0.0
22621.0	21.1	23.98	1.14	20.0	9.0	0.0	3600.0	0.0	0.0
22686.0	21.16	23.92	1.13	20.0	9.0	0.0	3600.0	0.0	0.0
22740.0	21.06	23.9	1.13	20.0	9.0	0.0	3600.0	0.0	0.0
22800.0	21.1	23.89	1.13	20.0	9.0	0.0	3600.0	0.0	0.0
22860.0	21.18	23.97	1.13	20.0	9.0	0.0	3600.0	0.0	0.0
22931.0	21.11	23.98	1.14	20.0	9.0	0.0	3600.0	0.0	0.0
22990.0	21.06	23.95	1.13	20.0	9.0	0.0	3600.0	0.0	0.0
23045.0	21.0	23.9	1.13	20.0	9.0	0.0	3600.0	0.0	0.0
23105.0	21.1	23.91	1.13	20.0	9.0	0.0	3600.0	0.0	0.0
23164.0	21.07	23.98	1.13	20.0	9.0	0.0	3600.0	0.0	0.0
23224.0	21.08	23.98	1.13	20.0	9.0	0.0	3600.0	0.0	0.0
23289.0	21.01	23.96	1.13	20.0	9.0	0.0	3600.0	0.0	0.0
23344.0	20.97	23.91	1.13	20.0	9.0	0.0	3600.0	0.0	0.0
23404.0	21.09	23.91	1.13	20.0	9.0	0.0	3600.0	0.0	0.0
23463.0	21.04	23.98	1.13	20.0	9.0	0.0	3600.0	0.0	0.0
23518.0	21.03	23.95	1.13	20.0	9.0	0.0	3600.0	0.0	0.0
23583.0	21.02	23.93	1.13	20.0	9.0	0.0	3600.0	0.0	0.0
23638.0	21.02	23.93	1.13	20.0	9.0	0.0	3600.0	0.0	0.0
23697.0	21.04	23.92	1.13	20.0	9.0	0.0	3600.0	0.0	0.0
23757.0	21.12	23.98	1.13	20.0	9.0	0.0	3600.0	0.0	0.0
23812.0	21.05	23.97	1.14	20.0	9.0	0.0	3600.0	0.0	0.0
23871.0	21.03	23.92	1.13	20.0	9.0	0.0	3600.0	0.0	0.0
23937.0	20.99	23.89	1.13	20.0	9.0	0.0	3600.0	0.0	0.0
23991.0	21.05	23.85	1.13	20.0	9.0	0.0	3600.0	0.0	0.0
24050.0	21.09	23.96	1.13	20.0	9.0	0.0	3600.0	0.0	0.0
24116.0	21.03	24.01	1.14	20.0	9.0	0.0	3600.0	0.0	0.0
24170.0	21.06	23.92	1.13	20.0	9.0	0.0	3600.0	0.0	0.0
24235.0	21.05	23.91	1.13	20.0	9.0	0.0	3600.0	0.0	0.0
24295.0	21.01	23.94	1.13	20.0	9.0	0.0	3600.0	0.0	0.0
24349.0	21.11	23.97	1.14	20.0	9.0	0.0	3600.0	0.0	0.0
24415.0	21.02	23.85	1.14	20.0	9.0	0.0	3600.0	0.0	0.0
24474.0	20.89	23.81	1.13	20.0	9.0	0.0	3600.0	0.0	0.0
24534.0	20.97	23.79	1.13	20.0	9.0	0.0	3600.0	0.0	0.0
24594.0	21.04	23.84	1.13	20.0	9.0	0.0	3600.0	0.0	0.0
24648.0	21.09	23.88	1.13	20.0	9.0	0.0	3600.0	0.0	0.0
24714.0	21.06	23.88	1.13	20.0	9.0	0.0	3600.0	0.0	0.0
24768.0	21.0	23.84	1.13	20.0	9.0	0.0	3600.0	0.0	0.0
24827.0	21.13	23.85	1.13	20.0	9.0	0.0	3600.0	0.0	0.0
24887.0	21.12	23.86	1.13	20.0	9.0	0.0	3600.0	0.0	0.0
24947.0	21.24	23.99	1.13	20.0	9.0	0.0	3600.0	0.0	0.0
25007.0	21.06	23.96	1.13	20.0	9.0	0.0	3600.0	0.0	0.0
25067.0	20.9	23.95	1.13	20.0	9.0	0.0	3600.0	0.0	0.0
25126.0	20.96	24.0	1.13	20.0	9.0	0.0	3600.0	0.0	0.0
25181.0	21.15	24.11	1.12	20.0	9.0	0.0	3600.0	0.0	0.0
25246.0	20.74	23.88	1.13	20.0	9.0	0.0	3600.0	0.0	0.0
25300.0	20.83	23.56	1.14	20.0	9.0	0.0	3600.0	0.0	0.0
25366.0	20.85	23.74	1.14	20.0	9.0	0.0	3600.0	0.0	0.0
25420.0	20.9	23.81	1.13	20.0	9.0	0.0	3600.0	0.0	0.0
25480.0	20.77	23.85	1.13	20.0	9.0	0.0	3600.0	0.0	0.0
25545.0	20.89	23.95	1.13	20.0	9.0	0.0	3600.0	0.0	0.0
25605.0	20.95	24.0	1.13	20.0	9.0	0.0	3600.0	0.0	0.0
25665.0	20.91	23.99	1.13	20.0	9.0	0.0	3600.0	0.0	0.0
25730.0	20.99	23.96	1.13	20.0	9.0	0.0	3600.0	0.0	0.0
25784.0	21.0	23.94	1.13	20.0	9.0	0.0	3600.0	0.0	0.0
25844.0	21.01	24.0	1.13	20.0	9.0	0.0	3600.0	0.0	0.0
25899.0	21.03	24.0	1.13	20.0	9.0	0.0	3600.0	0.0	0.0
25964.0	21.02	23.97	1.13	20.0	9.0	0.0	3600.0	0.0	0.0
26023.0	21.07	23.96	1.13	20.0	9.0	0.0	3600.0	0.0	0.0
26083.0	21.04	23.96	1.13	20.0	9.0	0.0	3600.0	0.0	0.0
26143.0	21.05	23.95	1.14	20.0	9.0	0.0	3600.0	0.0	0.0
26208.0	20.91	23.93	1.13	20.0	9.0	0.0	3600.0	0.0	0.0
26262.0	21.03	23.82	1.14	20.0	9.0	0.0	3600.0	0.0	0.0
26322.0	21.04	23.87	1.13	20.0	9.0	0.0	3600.0	0.0	0.0
26387.0	20.95	23.92	1.13	20.0	9.0	0.0	3600.0	0.0	0.0
26447.0	21.1	23.96	1.13	20.0	9.0	0.0	3600.0	0.0	0.0
26507.0	20.89	23.93	1.13	20.0	9.0	0.0	3600.0	0.0	0.0
26567.0	20.83	23.91	1.13	20.0	9.0	0.0	3600.0	0.0	0.0
26627.0	20.82	23.8	1.13	20.0	9.0	0.0	3600.0	0.0	0.0
26692.0	20.4	23.59	1.13	20.0	9.0	0.0	3600.0	0.0	0.0
26752.0	20.72	23.88	1.13	20.0	9.0	0.0	3600.0	0.0	0.0
26806.0	20.82	23.95	1.13	20.0	9.0	0.0	3600.0	0.0	0.0
26871.0	20.9	23.94	1.13	20.0	9.0	0.0	3600.0	0.0	0.0
26931.0	20.93	23.93	1.13	20.0	9.0	0.0	3600.0	0.0	0.0
26991.0	20.94	23.96	1.13	20.0	9.0	0.0	3600.0	0.0	0.0
27051.0	21.07	24.0	1.13	20.0	9.0	0.0	3600.0	0.0	0.0
27110.0	21.07	24.01	1.14	20.0	9.0	0.0	3600.0	0.0	0.0
27170.0	21.06	23.98	1.13	20.0	9.0	0.0	3600.0	0.0	0.0
27230.0	21.04	23.95	1.13	20.0	9.0	0.0	3600.0	0.0	0.0
27289.0	21.14	24.0	1.13	20.0	9.0	0.0	3600.0	0.0	0.0
27350.0	21.05	24.05	1.13	20.0	9.0	0.0	3600.0	0.0	0.0
27409.0	21.09	24.01	1.13	20.0	9.0	0.0	3600.0	0.0	0.0
27469.0	21.1	23.98	1.13	20.0	9.0	0.0	3600.0	0.0	0.0
27529.0	21.08	23.98	1.13	20.0	9.0	0.0	3600.0	0.0	0.0
27588.0	21.13	24.04	1.13	20.0	9.0	0.0	3600.0	0.0	0.0
27649.0	21.04	24.01	1.14	20.0	9.0	0.0	3600.0	0.0	0.0
27708.0	21.08	23.98	1.13	20.0	9.0	0.0	3600.0	0.0	0.0
27767.0	21.05	23.97	1.13	20.0	9.0	0.0	3600.0	0.0	0.0
27828.0	20.96	23.98	1.13	20.0	9.0	0.0	3600.0	0.0	0.0
27887.0	20.96	24.03	1.13	20.0	9.0	0.0	3600.0	0.0	0.0
27953.0	20.78	24.01	1.14	20.0	9.0	0.0	3600.0	0.0	0.0
28012.0	20.75	23.93	1.13	20.0	9.0	0.0	3600.0	0.0	0.0
28072.0	20.47	23.68	1.13	20.0	9.0	0.0	3600.0	0.0	0.0
28137.0	20.81	23.96	1.12	20.0	9.0	0.0	3600.0	0.0	0.0
28197.0	20.82	23.99	1.13	20.0	9.0	0.0	3600.0	0.0	0.0
28257.0	20.77	23.98	1.13	20.0	9.0	0.0	3600.0	0.0	0.0
28316.0	20.84	23.97	1.13	20.0	9.0	0.0	3600.0	0.0	0.0
28377.0	20.91	23.94	1.13	20.0	9.0	0.0	3600.0	0.0	0.0
28436.0	21.05	23.96	1.13	20.0	9.0	0.0	3600.0	0.0	0.0
28502.0	21.07	24.02	1.13	20.0	9.0	0.0	3600.0	0.0	0.0
28556.0	20.93	24.0	1.14	20.0	9.0	0.0	3600.0	0.0	0.0
28621.0	20.87	23.97	1.13	20.0	9.0	0.0	3600.0	0.0	0.0
28681.0	20.79	23.97	1.13	20.0	9.0	0.0	3600.0	0.0	0.0
28741.0	20.86	23.98	1.13	20.0	9.0	0.0	3600.0	0.0	0.0
28801.0	20.96	24.04	1.14	20.0	9.0	0.0	3600.0	0.0	0.0
28855.0	20.9	23.99	1.13	20.0	9.0	0.0	3600.0	0.0	0.0
28920.0	20.84	23.96	1.13	20.0	9.0	0.0	3600.0	0.0	0.0
28975.0	20.85	23.94	1.13	20.0	9.0	0.0	3600.0	0.0	0.0
29034.0	20.98	24.07	1.13	20.0	9.0	0.0	3600.0	0.0	0.0
29094.0	20.99	23.84	1.13	20.0	9.0	0.0	3600.0	0.0	0.0
29154.0	20.93	23.92	1.13	20.0	9.0	0.0	3600.0	0.0	0.0
29213.0	20.94	23.91	1.13	20.0	9.0	0.0	3600.0	0.0	0.0
29279.0	20.88	23.92	1.13	20.0	9.0	0.0	3600.0	0.0	0.0
29349.0	20.95	24.0	1.13	20.0	9.0	0.0	3600.0	0.0	0.0
29425.0	20.93	24.01	1.13	20.0	9.0	0.0	3600.0	0.0	0.0
29486.0	20.87	23.98	1.13	20.0	9.0	0.0	3600.0	0.0	0.0
29545.0	20.9	23.97	1.13	20.0	9.0	0.0	3600.0	0.0	0.0
29599.0	20.91	23.98	1.13	20.0	9.0	0.0	3600.0	0.0	0.0
29665.0	20.88	24.03	1.13	20.0	9.0	0.0	3600.0	0.0	0.0
29724.0	20.93	24.05	1.13	20.0	9.0	0.0	3600.0	0.0	0.0
29785.0	20.77	23.97	1.13	20.0	9.0	0.0	3600.0	0.0	0.0
29844.0	20.85	23.98	1.13	20.0	9.0	0.0	3600.0	0.0	0.0
29903.0	20.95	23.95	1.13	20.0	9.0	0.0	3600.0	0.0	0.0
29969.0	21.02	23.99	1.13	20.0	9.0	0.0	3600.0	0.0	0.0
30029.0	21.0	24.02	1.14	20.0	9.0	0.0	3600.0	0.0	0.0
30084.0	20.94	23.98	1.13	20.0	9.0	0.0	3600.0	0.0	0.0
30143.0	20.94	23.95	1.13	20.0	9.0	0.0	3600.0	0.0	0.0
30202.0	21.01	23.93	1.13	20.0	9.0	0.0	3600.0	0.0	0.0
30263.0	21.13	23.97	1.13	20.0	9.0	0.0	3600.0	0.0	0.0
30317.0	21.05	23.99	1.13	20.0	9.0	0.0	3600.0	0.0	0.0
30382.0	21.04	23.97	1.13	20.0	9.0	0.0	3600.0	0.0	0.0
30442.0	21.0	23.94	1.13	20.0	9.0	0.0	3600.0	0.0	0.0
30496.0	21.14	24.01	1.13	20.0	9.0	0.0	3600.0	0.0	0.0
30556.0	20.78	23.82	1.13	20.0	9.0	0.0	3600.0	0.0	0.0
30626.0	21.0	23.94	1.13	20.0	9.0	0.0	3600.0	0.0	0.0
30682.0	20.82	23.85	1.13	20.0	9.0	0.0	3600.0	0.0	0.0
30746.0	20.68	23.8	1.13	20.0	9.0	0.0	3600.0	0.0	0.0
30800.0	20.69	23.72	1.13	20.0	9.0	0.0	3600.0	0.0	0.0
30861.0	20.75	23.82	1.13	20.0	9.0	0.0	3600.0	0.0	0.0
30920.0	20.87	23.91	1.13	20.0	9.0	0.0	3600.0	0.0	0.0
30981.0	20.94	24.04	1.13	20.0	9.0	0.0	3600.0	0.0	0.0
31040.0	20.86	24.0	1.12	20.0	9.0	0.0	3600.0	0.0	0.0
31094.0	20.81	23.89	1.13	20.0	9.0	0.0	3600.0	0.0	0.0
31154.0	20.8	23.85	1.13	20.0	9.0	0.0	3600.0	0.0	0.0
31214.0	20.87	23.91	1.13	20.0	9.0	0.0	3600.0	0.0	0.0
31273.0	20.95	24.0	1.13	20.0	9.0	0.0	3600.0	0.0	0.0
31328.0	20.87	23.96	1.13	20.0	9.0	0.0	3600.0	0.0	0.0
31388.0	20.91	23.94	1.13	20.0	9.0	0.0	3600.0	0.0	0.0
31448.0	20.84	23.91	1.13	20.0	9.0	0.0	3600.0	0.0	0.0
31508.0	20.87	23.88	1.13	20.0	9.0	0.0	3600.0	0.0	0.0
31567.0	20.5	23.91	1.13	20.0	9.0	0.0	3600.0	0.0	0.0
31633.0	20.7	23.86	1.14	20.0	9.0	0.0	3600.0	0.0	0.0
31692.0	20.69	23.83	1.13	20.0	9.0	0.0	3600.0	0.0	0.0
31747.0	20.79	23.8	1.13	20.0	9.0	0.0	3600.0	0.0	0.0
31807.0	20.77	23.8	1.13	20.0	9.0	0.0	3600.0	0.0	0.0
31872.0	20.74	23.91	1.13	20.0	9.0	0.0	3600.0	0.0	0.0
31926.0	20.87	23.94	1.13	20.0	9.0	0.0	3600.0	0.0	0.0
31986.0	20.79	23.97	1.14	20.0	9.0	0.0	3600.0	0.0	0.0
32052.0	20.74	23.9	1.13	20.0	9.0	0.0	3600.0	0.0	0.0
32111.0	20.81	23.84	1.13	20.0	9.0	0.0	3600.0	0.0	0.0
32171.0	20.94	24.01	1.13	20.0	9.0	0.0	3600.0	0.0	0.0
32236.0	20.93	23.98	1.14	20.0	9.0	0.0	3600.0	0.0	0.0
32295.0	20.74	23.9	1.14	20.0	9.0	0.0	3600.0	0.0	0.0
32356.0	20.79	23.84	1.13	20.0	9.0	0.0	3600.0	0.0	0.0
32410.0	20.71	23.83	1.13	20.0	9.0	0.0	3600.0	0.0	0.0
32470.0	20.84	23.8	1.13	20.0	9.0	0.0	3600.0	0.0	0.0
32530.0	20.97	23.9	1.13	20.0	9.0	0.0	3600.0	0.0	0.0
32589.0	20.97	23.93	1.13	20.0	9.0	0.0	3600.0	0.0	0.0
32650.0	20.97	24.01	1.13	20.0	9.0	0.0	3600.0	0.0	0.0
32709.0	20.86	23.91	1.14	20.0	9.0	0.0	3600.0	0.0	0.0
32769.0	20.87	23.78	1.13	20.0	9.0	0.0	3600.0	0.0	0.0
32829.0	20.86	23.85	1.13	20.0	9.0	0.0	3600.0	0.0	0.0
32888.0	20.9	23.91	1.13	20.0	9.0	0.0	3600.0	0.0	0.0
32954.0	20.85	23.85	1.14	20.0	9.0	0.0	3600.0	0.0	0.0
33013.0	20.78	23.82	1.13	20.0	9.0	0.0	3600.0	0.0	0.0
33074.0	20.78	23.79	1.13	20.0	9.0	0.0	3600.0	0.0	0.0
33133.0	20.95	23.9	1.13	20.0	9.0	0.0	3600.0	0.0	0.0
33193.0	21.02	24.04	1.13	20.0	9.0	0.0	3600.0	0.0	0.0
33253.0	20.84	23.97	1.13	20.0	9.0	0.0	3600.0	0.0	0.0
33318.0	20.64	23.8	1.13	20.0	9.0	0.0	3600.0	0.0	0.0
33378.0	20.66	23.74	1.13	20.0	9.0	0.0	3600.0	0.0	0.0
33437.0	20.62	23.66	1.13	20.0	9.0	0.0	3600.0	0.0	0.0
33498.0	20.76	23.79	1.13	20.0	9.0	0.0	3600.0	0.0	0.0
33557.0	20.85	23.83	1.13	20.0	9.0	0.0	3600.0	0.0	0.0
33617.0	20.95	23.9	1.14	20.0	9.0	0.0	3600.0	0.0	0.0
33677.0	20.92	23.89	1.13	20.0	9.0	0.0	3600.0	0.0	0.0
33737.0	20.91	23.88	1.13	20.0	9.0	0.0	3600.0	0.0	0.0
33797.0	21.01	23.99	1.13	20.0	9.0	0.0	3600.0	0.0	0.0
33862.0	20.9	23.98	1.13	20.0	9.0	0.0	3600.0	0.0	0.0
33922.0	20.6	23.84	1.13	20.0	9.0	0.0	3600.0	0.0	0.0
33982.0	20.79	23.74	1.13	20.0	9.0	0.0	3600.0	0.0	0.0
34041.0	20.74	23.68	1.13	20.0	9.0	0.0	3600.0	0.0	0.0
34107.0	20.84	23.71	1.13	20.0	9.0	0.0	3600.0	0.0	0.0
34161.0	21.09	24.03	1.13	20.0	9.0	0.0	3600.0	0.0	0.0
34221.0	21.01	23.87	1.13	20.0	9.0	0.0	3600.0	0.0	0.0
34281.0	20.91	23.8	1.13	20.0	9.0	0.0	3600.0	0.0	0.0
34345.0	20.86	23.75	1.13	20.0	9.0	0.0	3600.0	0.0	0.0
34400.0	20.61	23.67	1.13	20.0	9.0	0.0	3600.0	0.0	0.0
34460.0	20.75	23.68	1.13	20.0	9.0	0.0	3600.0	0.0	0.0
34520.0	20.75	23.74	1.13	20.0	9.0	0.0	3600.0	0.0	0.0
34580.0	20.74	23.8	1.13	20.0	9.0	0.0	3600.0	0.0	0.0
34644.0	20.77	23.73	1.13	20.0	9.0	0.0	3600.0	0.0	0.0
34705.0	20.75	23.72	1.13	20.0	9.0	0.0	3600.0	0.0	0.0
34759.0	20.82	23.7	1.13	20.0	9.0	0.0	3600.0	0.0	0.0
34825.0	20.78	23.59	1.13	20.0	9.0	0.0	3600.0	0.0	0.0
34884.0	20.89	23.73	1.13	20.0	9.0	0.0	3600.0	0.0	0.0
34945.0	20.91	23.8	1.14	20.0	9.0	0.0	3600.0	0.0	0.0
35009.0	20.77	23.72	1.13	20.0	9.0	0.0	3600.0	0.0	0.0
35069.0	20.6	23.67	1.13	20.0	9.0	0.0	3600.0	0.0	0.0
35124.0	20.59	23.63	1.13	20.0	9.0	0.0	3600.0	0.0	0.0
35189.0	20.73	23.67	1.13	20.0	9.0	0.0	3600.0	0.0	0.0
35244.0	20.82	23.78	1.13	20.0	9.0	0.0	3600.0	0.0	0.0
35303.0	20.87	23.89	1.13	20.0	9.0	0.0	3600.0	0.0	0.0
35363.0	20.85	23.78	1.13	20.0	9.0	0.0	3600.0	0.0	0.0
35423.0	20.8	23.73	1.13	20.0	9.0	0.0	3600.0	0.0	0.0
35482.0	20.71	23.74	1.13	20.0	9.0	0.0	3600.0	0.0	0.0
35543.0	20.83	23.73	1.13	20.0	9.0	0.0	3600.0	0.0	0.0
35602.0	20.95	23.84	1.13	20.0	9.0	0.0	3600.0	0.0	0.0
35667.0	20.82	23.81	1.13	20.0	9.0	0.0	3600.0	0.0	0.0
35727.0	20.78	23.73	1.13	20.0	9.0	0.0	3600.0	0.0	0.0
35787.0	20.84	23.7	1.13	20.0	9.0	0.0	3600.0	0.0	0.0
35847.0	20.82	23.71	1.13	20.0	9.0	0.0	3600.0	0.0	0.0
35901.0	20.96	23.75	1.13	20.0	9.0	0.0	3600.0	0.0	0.0
35966.0	20.99	23.84	1.13	20.0	9.0	0.0	3600.0	0.0	0.0
36021.0	21.02	23.83	1.13	20.0	9.0	0.0	3600.0	0.0	0.0
36086.0	20.86	23.78	1.13	20.0	9.0	0.0	3600.0	0.0	0.0
36141.0	20.84	23.76	1.13	20.0	9.0	0.0	3600.0	0.0	0.0
36200.0	20.93	23.78	1.13	20.0	9.0	0.0	3600.0	0.0	0.0
36265.0	20.97	23.89	1.13	20.0	9.0	0.0	3600.0	0.0	0.0
36326.0	20.95	23.89	1.14	20.0	9.0	0.0	3600.0	0.0	0.0
36385.0	20.89	23.86	1.13	20.0	9.0	0.0	3600.0	0.0	0.0
36440.0	20.78	23.79	1.13	20.0	9.0	0.0	3600.0	0.0	0.0
36499.0	20.79	23.77	1.13	20.0	9.0	0.0	3600.0	0.0	0.0
36559.0	20.9	23.85	1.13	20.0	9.0	0.0	3600.0	0.0	0.0
36619.0	20.99	23.9	1.13	20.0	9.0	0.0	3600.0	0.0	0.0
36679.0	20.9	23.95	1.14	20.0	9.0	0.0	3600.0	0.0	0.0
36744.0	20.88	23.91	1.13	20.0	9.0	0.0	3600.0	0.0	0.0
36804.0	20.78	23.79	1.13	20.0	9.0	0.0	3600.0	0.0	0.0
36864.0	20.87	23.76	1.13	20.0	9.0	0.0	3600.0	0.0	0.0
36918.0	20.94	23.84	1.13	20.0	9.0	0.0	3600.0	0.0	0.0
36978.0	20.85	23.93	1.13	20.0	9.0	0.0	3600.0	0.0	0.0
37038.0	20.85	23.84	1.13	20.0	9.0	0.0	3600.0	0.0	0.0
37098.0	20.8	23.85	1.13	20.0	9.0	0.0	3600.0	0.0	0.0
37157.0	20.87	23.84	1.13	20.0	9.0	0.0	3600.0	0.0	0.0
37212.0	20.9	23.81	1.13	20.0	9.0	0.0	3600.0	0.0	0.0
37277.0	21.05	23.89	1.13	20.0	9.0	0.0	3600.0	0.0	0.0
37337.0	20.97	23.86	1.13	20.0	9.0	0.0	3600.0	0.0	0.0
37397.0	20.91	23.77	1.13	20.0	9.0	0.0	3600.0	0.0	0.0
37462.0	20.74	23.73	1.13	20.0	9.0	0.0	3600.0	0.0	0.0
37522.0	20.86	23.76	1.13	20.0	9.0	0.0	3600.0	0.0	0.0
37581.0	20.73	23.8	1.13	20.0	9.0	0.0	3600.0	0.0	0.0
37642.0	20.96	24.01	1.13	20.0	9.0	0.0	3600.0	0.0	0.0
37701.0	20.92	23.89	1.13	20.0	9.0	0.0	3600.0	0.0	0.0
37762.0	20.85	23.54	1.13	20.0	9.0	0.0	3600.0	0.0	0.0
37826.0	20.8	23.58	1.13	20.0	9.0	0.0	3600.0	0.0	0.0
37892.0	20.71	23.7	1.13	20.0	9.0	0.0	3600.0	0.0	0.0
37951.0	20.85	23.86	1.13	20.0	9.0	0.0	3600.0	0.0	0.0
38006.0	20.76	23.96	1.14	20.0	9.0	0.0	3600.0	0.0	0.0
38071.0	20.91	23.93	1.14	20.0	9.0	0.0	3600.0	0.0	0.0
38131.0	20.77	23.88	1.13	20.0	9.0	0.0	3600.0	0.0	0.0
38191.0	20.8	23.86	1.13	20.0	9.0	0.0	3600.0	0.0	0.0
38251.0	20.83	23.84	1.13	20.0	9.0	0.0	3600.0	0.0	0.0
38316.0	21.13	23.98	1.13	20.0	9.0	0.0	3600.0	0.0	0.0
38376.0	20.95	23.95	1.13	20.0	9.0	0.0	3600.0	0.0	0.0
38440.0	20.89	23.93	1.13	20.0	9.0	0.0	3600.0	0.0	0.0
38501.0	20.82	23.94	1.13	20.0	9.0	0.0	3600.0	0.0	0.0
38555.0	20.89	23.93	1.13	20.0	9.0	0.0	3600.0	0.0	0.0
38615.0	20.93	23.95	1.13	20.0	9.0	0.0	3600.0	0.0	0.0
38675.0	20.91	24.0	1.13	20.0	9.0	0.0	3600.0	0.0	0.0
38734.0	20.93	23.96	1.13	20.0	9.0	0.0	3600.0	0.0	0.0
38795.0	20.91	23.91	1.13	20.0	9.0	0.0	3600.0	0.0	0.0
38854.0	20.82	23.92	1.13	20.0	9.0	0.0	3600.0	0.0	0.0
38908.0	20.82	23.88	1.14	20.0	9.0	0.0	3600.0	0.0	0.0
38968.0	20.76	23.96	1.14	20.0	9.0	0.0	3600.0	0.0	0.0
39033.0	20.75	23.96	1.14	20.0	9.0	0.0	3600.0	0.0	0.0
39094.0	20.73	23.91	1.14	20.0	9.0	0.0	3600.0	0.0	0.0
39153.0	20.72	23.91	1.13	20.0	9.0	0.0	3600.0	0.0	0.0
39219.0	20.68	23.89	1.13	20.0	9.0	0.0	3600.0	0.0	0.0
39273.0	20.92	23.93	1.13	20.0	9.0	0.0	3600.0	0.0	0.0
39332.0	21.08	24.05	1.13	20.0	9.0	0.0	3600.0	0.0	0.0
39393.0	20.87	24.06	1.13	20.0	9.0	0.0	3600.0	0.0	0.0
39452.0	20.82	23.96	1.13	20.0	9.0	0.0	3600.0	0.0	0.0
39513.0	20.81	23.96	1.13	20.0	9.0	0.0	3600.0	0.0	0.0
39572.0	20.81	23.9	1.13	20.0	9.0	0.0	3600.0	0.0	0.0
39631.0	20.9	23.97	1.13	20.0	9.0	0.0	3600.0	0.0	0.0
39692.0	20.8	23.97	1.14	20.0	9.0	0.0	3600.0	0.0	0.0
39746.0	20.79	23.97	1.13	20.0	9.0	0.0	3600.0	0.0	0.0
39812.0	20.81	23.94	1.13	20.0	9.0	0.0	3600.0	0.0	0.0
39866.0	20.84	23.93	1.13	20.0	9.0	0.0	3600.0	0.0	0.0
39930.0	20.97	23.95	1.13	20.0	9.0	0.0	3600.0	0.0	0.0
39991.0	20.91	23.96	1.13	20.0	9.0	0.0	3600.0	0.0	0.0
40050.0	20.79	24.01	1.15	20.0	9.0	0.0	3600.0	0.0	0.0
40111.0	20.84	23.93	1.14	20.0	9.0	0.0	3600.0	0.0	0.0
40170.0	20.69	23.92	1.14	20.0	9.0	0.0	3600.0	0.0	0.0
40230.0	20.73	23.93	1.13	20.0	9.0	0.0	3600.0	0.0	0.0
40295.0	20.85	23.98	1.13	20.0	9.0	0.0	3600.0	0.0	0.0
40349.0	20.91	23.99	1.14	20.0	9.0	0.0	3600.0	0.0	0.0
40410.0	20.94	23.98	1.14	20.0	9.0	0.0	3600.0	0.0	0.0
40469.0	20.87	23.95	1.13	20.0	9.0	0.0	3600.0	0.0	0.0
40529.0	20.86	23.93	1.13	20.0	9.0	0.0	3600.0	0.0	0.0
40594.0	20.91	23.91	1.13	20.0	9.0	0.0	3600.0	0.0	0.0
40648.0	20.94	23.96	1.13	20.0	9.0	0.0	3600.0	0.0	0.0
40709.0	20.83	23.91	1.14	20.0	9.0	0.0	3600.0	0.0	0.0
40768.0	20.77	23.87	1.13	20.0	9.0	0.0	3600.0	0.0	0.0
40828.0	20.83	23.82	1.13	20.0	9.0	0.0	3600.0	0.0	0.0
40888.0	20.82	23.85	1.13	20.0	9.0	0.0	3600.0	0.0	0.0
40942.0	20.88	23.88	1.13	20.0	9.0	0.0	3600.0	0.0	0.0
41008.0	21.0	24.09	1.13	20.0	9.0	0.0	3600.0	0.0	0.0
41062.0	21.0	24.09	1.13	20.0	9.0	0.0	3600.0	0.0	0.0
41127.0	20.94	23.94	1.13	20.0	9.0	0.0	3600.0	0.0	0.0
41187.0	20.93	23.93	1.13	20.0	9.0	0.0	3600.0	0.0	0.0
41246.0	20.94	23.91	1.13	20.0	9.0	0.0	3600.0	0.0	0.0
41307.0	20.97	23.96	1.13	20.0	9.0	0.0	3600.0	0.0	0.0
41366.0	21.02	23.91	1.14	20.0	9.0	0.0	3600.0	0.0	0.0
41426.0	21.0	23.89	1.13	20.0	9.0	0.0	3600.0	0.0	0.0
41481.0	20.96	23.88	1.13	20.0	9.0	0.0	3600.0	0.0	0.0
41540.0	20.96	23.93	1.13	20.0	9.0	0.0	3600.0	0.0	0.0
41600.0	21.01	23.99	1.13	20.0	9.0	0.0	3600.0	0.0	0.0
41660.0	20.96	23.97	1.13	20.0	9.0	0.0	3600.0	0.0	0.0
41719.0	20.93	23.96	1.13	20.0	9.0	0.0	3600.0	0.0	0.0
41780.0	20.87	23.92	1.13	20.0	9.0	0.0	3600.0	0.0	0.0
41839.0	20.98	23.93	1.13	20.0	9.0	0.0	3600.0	0.0	0.0
41893.0	21.02	23.96	1.13	20.0	9.0	0.0	3600.0	0.0	0.0
41954.0	20.96	24.02	1.14	20.0	9.0	0.0	3600.0	0.0	0.0
42013.0	20.91	23.94	1.13	20.0	9.0	0.0	3600.0	0.0	0.0
42073.0	20.99	23.92	1.13	20.0	9.0	0.0	3600.0	0.0	0.0
42127.0	20.89	23.92	1.13	20.0	9.0	0.0	3600.0	0.0	0.0
42187.0	20.88	23.92	1.13	20.0	9.0	0.0	3600.0	0.0	0.0
42253.0	20.79	23.97	1.14	20.0	9.0	0.0	3600.0	0.0	0.0
42307.0	20.86	23.87	1.14	20.0	9.0	0.0	3600.0	0.0	0.0
42372.0	20.74	23.85	1.13	20.0	9.0	0.0	3600.0	0.0	0.0
42426.0	20.72	23.78	1.13	20.0	9.0	0.0	3600.0	0.0	0.0
42486.0	20.42	23.84	1.13	20.0	9.0	0.0	3600.0	0.0	0.0
42552.0	20.74	23.92	1.13	20.0	9.0	0.0	3600.0	0.0	0.0
42611.0	20.7	23.94	1.14	20.0	9.0	0.0	3600.0	0.0	0.0
42671.0	20.74	23.94	1.13	20.0	9.0	0.0	3600.0	0.0	0.0
42731.0	20.73	23.95	1.13	20.0	9.0	0.0	3600.0	0.0	0.0
42785.0	20.76	23.86	1.13	20.0	9.0	0.0	3600.0	0.0	0.0
42851.0	20.83	23.93	1.13	20.0	9.0	0.0	3600.0	0.0	0.0
42910.0	20.78	23.91	1.13	20.0	9.0	0.0	3600.0	0.0	0.0
42971.0	20.73	23.91	1.13	20.0	9.0	0.0	3600.0	0.0	0.0
43035.0	20.74	23.86	1.13	20.0	9.0	0.0	3600.0	0.0	0.0
43089.0	20.88	23.85	1.13	20.0	9.0	0.0	3600.0	0.0	0.0
43150.0	20.95	23.88	1.13	20.0	9.0	0.0	3600.0	0.0	0.0
43209.0	20.95	23.93	1.13	20.0	9.0	0.0	3600.0	0.0	0.0
43270.0	20.84	23.97	1.13	20.0	9.0	0.0	3600.0	0.0	0.0
43329.0	20.84	23.96	1.13	20.0	9.0	0.0	3600.0	0.0	0.0
43395.0	20.76	23.95	1.13	20.0	9.0	0.0	3600.0	0.0	0.0
43449.0	20.83	23.94	1.13	20.0	9.0	0.0	3600.0	0.0	0.0
43508.0	20.92	23.92	1.13	20.0	9.0	0.0	3600.0	0.0	0.0
43569.0	21.04	24.02	1.13	20.0	9.0	0.0	3600.0	0.0	0.0
43628.0	21.05	24.1	1.13	20.0	9.0	0.0	3600.0	0.0	0.0
43688.0	20.82	23.9	1.13	20.0	9.0	0.0	3600.0	0.0	0.0
43748.0	20.8	23.92	1.13	20.0	9.0	0.0	3600.0	0.0	0.0
43802.0	20.89	23.87	1.13	20.0	9.0	0.0	3600.0	0.0	0.0
43862.0	20.95	23.96	1.13	20.0	9.0	0.0	3600.0	0.0	0.0
43922.0	20.93	24.01	1.14	20.0	9.0	0.0	3600.0	0.0	0.0
43976.0	20.91	23.97	1.14	20.0	9.0	0.0	3600.0	0.0	0.0
44042.0	20.85	23.95	1.13	20.0	9.0	0.0	3600.0	0.0	0.0
44096.0	20.84	23.94	1.13	20.0	9.0	0.0	3600.0	0.0	0.0
44162.0	20.9	23.86	1.13	20.0	9.0	0.0	3600.0	0.0	0.0
44216.0	20.9	23.94	1.13	20.0	9.0	0.0	3600.0	0.0	0.0
44275.0	20.87	23.99	1.14	20.0	9.0	0.0	3600.0	0.0	0.0
44335.0	20.83	23.95	1.13	20.0	9.0	0.0	3600.0	0.0	0.0
44395.0	20.82	23.95	1.13	20.0	9.0	0.0	3600.0	0.0	0.0
44449.0	20.77	23.93	1.13	20.0	9.0	0.0	3600.0	0.0	0.0
44509.0	20.9	24.0	1.13	20.0	9.0	0.0	3600.0	0.0	0.0
44574.0	20.88	24.0	1.14	20.0	9.0	0.0	3600.0	0.0	0.0
44628.0	20.81	23.96	1.14	20.0	9.0	0.0	3600.0	0.0	0.0
44694.0	20.75	23.91	1.13	20.0	9.0	0.0	3600.0	0.0	0.0
44748.0	20.77	23.89	1.13	20.0	9.0	0.0	3600.0	0.0	0.0
44808.0	20.89	23.92	1.13	20.0	9.0	0.0	3600.0	0.0	0.0
44862.0	20.95	23.97	1.13	20.0	9.0	0.0	3600.0	0.0	0.0
44922.0	20.99	24.01	1.14	20.0	9.0	0.0	3600.0	0.0	0.0
44982.0	20.93	23.96	1.13	20.0	9.0	0.0	3600.0	0.0	0.0
45042.0	20.77	23.88	1.13	20.0	9.0	0.0	3600.0	0.0	0.0
45096.0	20.8	23.89	1.13	20.0	9.0	0.0	3600.0	0.0	0.0
45156.0	20.89	23.91	1.13	20.0	9.0	0.0	3600.0	0.0	0.0
45210.0	20.9	23.93	1.13	20.0	9.0	0.0	3600.0	0.0	0.0
45271.0	20.81	23.86	1.13	20.0	9.0	0.0	3600.0	0.0	0.0
45330.0	20.65	23.38	1.13	20.0	9.0	0.0	3600.0	0.0	0.0
45389.0	20.76	23.7	1.13	20.0	9.0	0.0	3600.0	0.0	0.0
45450.0	20.66	23.73	1.13	20.0	9.0	0.0	3600.0	0.0	0.0
45504.0	20.86	23.82	1.13	20.0	9.0	0.0	3600.0	0.0	0.0
45563.0	20.73	23.89	1.13	20.0	9.0	0.0	3600.0	0.0	0.0
45624.0	20.79	23.86	1.13	20.0	9.0	0.0	3600.0	0.0	0.0
45683.0	20.8	23.88	1.13	20.0	9.0	0.0	3600.0	0.0	0.0
45737.0	20.87	23.84	1.13	20.0	9.0	0.0	3600.0	0.0	0.0
45798.0	20.94	23.89	1.13	20.0	9.0	0.0	3600.0	0.0	0.0
45852.0	20.98	23.95	1.13	20.0	9.0	0.0	3600.0	0.0	0.0
45918.0	20.38	23.74	1.14	20.0	9.0	0.0	3600.0	0.0	0.0
45977.0	20.49	23.67	1.14	20.0	9.0	0.0	3600.0	0.0	0.0
46038.0	20.53	23.67	1.13	20.0	9.0	0.0	3600.0	0.0	0.0
46097.0	20.62	23.7	1.13	20.0	9.0	0.0	3600.0	0.0	0.0
46156.0	20.62	23.73	1.13	20.0	9.0	0.0	3600.0	0.0	0.0
46217.0	20.8	23.86	1.13	20.0	9.0	0.0	3600.0	0.0	0.0
46276.0	20.96	23.93	1.13	20.0	9.0	0.0	3600.0	0.0	0.0
46337.0	20.95	23.9	1.14	20.0	9.0	0.0	3600.0	0.0	0.0
46396.0	20.89	23.91	1.13	20.0	9.0	0.0	3600.0	0.0	0.0
46455.0	20.73	23.73	1.13	20.0	9.0	0.0	3600.0	0.0	0.0
46516.0	20.93	23.89	1.13	20.0	9.0	0.0	3600.0	0.0	0.0
46575.0	20.84	23.91	1.13	20.0	9.0	0.0	3600.0	0.0	0.0
46629.0	20.81	23.91	1.14	20.0	9.0	0.0	3600.0	0.0	0.0
46690.0	20.79	23.88	1.13	20.0	9.0	0.0	3600.0	0.0	0.0
46749.0	20.92	23.89	1.13	20.0	9.0	0.0	3600.0	0.0	0.0
46803.0	20.94	23.88	1.13	20.0	9.0	0.0	3600.0	0.0	0.0
46864.0	21.03	23.95	1.13	20.0	9.0	0.0	3600.0	0.0	0.0
46918.0	21.04	23.97	1.13	20.0	9.0	0.0	3600.0	0.0	0.0
46978.0	21.01	23.98	1.13	20.0	9.0	0.0	3600.0	0.0	0.0
47032.0	20.93	23.95	1.13	20.0	9.0	0.0	3600.0	0.0	0.0
47092.0	20.92	23.94	1.13	20.0	9.0	0.0	3600.0	0.0	0.0
47147.0	20.95	23.97	1.13	20.0	9.0	0.0	3600.0	0.0	0.0
47201.0	20.95	24.0	1.13	20.0	9.0	0.0	3600.0	0.0	0.0
47260.0	20.96	24.01	1.14	20.0	9.0	0.0	3600.0	0.0	0.0
47321.0	21.0	23.96	1.13	20.0	9.0	0.0	3600.0	0.0	0.0
47375.0	20.96	23.95	1.13	20.0	9.0	0.0	3600.0	0.0	0.0
47434.0	20.98	23.93	1.13	20.0	9.0	0.0	3600.0	0.0	0.0
47494.0	21.09	24.01	1.13	20.0	9.0	0.0	3600.0	0.0	0.0
47554.0	21.08	23.98	1.14	20.0	9.0	0.0	3600.0	0.0	0.0
47613.0	21.0	23.96	1.14	20.0	9.0	0.0	3600.0	0.0	0.0
47674.0	20.91	23.96	1.13	20.0	9.0	0.0	3600.0	0.0	0.0
47728.0	20.93	23.94	1.13	20.0	9.0	0.0	3600.0	0.0	0.0
47788.0	20.94	23.95	1.13	20.0	9.0	0.0	3600.0	0.0	0.0
47853.0	20.95	24.05	1.14	20.0	9.0	0.0	3600.0	0.0	0.0
47912.0	20.91	23.96	1.14	20.0	9.0	0.0	3600.0	0.0	0.0
47973.0	20.88	23.96	1.13	20.0	9.0	0.0	3600.0	0.0	0.0
48032.0	20.81	23.93	1.13	20.0	9.0	0.0	3600.0	0.0	0.0
48093.0	20.86	23.4	1.14	20.0	9.0	0.0	3600.0	0.0	0.0
48157.0	20.91	23.7	1.14	20.0	9.0	0.0	3600.0	0.0	0.0
48218.0	20.86	23.82	1.14	20.0	9.0	0.0	3600.0	0.0	0.0
48277.0	20.81	23.87	1.13	20.0	9.0	0.0	3600.0	0.0	0.0
48331.0	20.78	23.89	1.13	20.0	9.0	0.0	3600.0	0.0	0.0
48392.0	20.86	23.9	1.13	20.0	9.0	0.0	3600.0	0.0	0.0
48446.0	20.89	23.96	1.13	20.0	9.0	0.0	3600.0	0.0	0.0
48505.0	20.96	24.01	1.14	20.0	9.0	0.0	3600.0	0.0	0.0
48560.0	21.01	24.04	1.13	20.0	9.0	0.0	3600.0	0.0	0.0
48625.0	20.85	23.93	1.13	20.0	9.0	0.0	3600.0	0.0	0.0
48679.0	20.86	23.89	1.13	20.0	9.0	0.0	3600.0	0.0	0.0
48739.0	20.93	23.97	1.13	20.0	9.0	0.0	3600.0	0.0	0.0
48799.0	21.0	24.0	1.14	20.0	9.0	0.0	3600.0	0.0	0.0
48854.0	20.86	23.93	1.14	20.0	9.0	0.0	3600.0	0.0	0.0
48913.0	20.77	23.86	1.13	20.0	9.0	0.0	3600.0	0.0	0.0
48973.0	20.77	23.81	1.13	20.0	9.0	0.0	3600.0	0.0	0.0
49033.0	20.91	23.96	1.13	20.0	9.0	0.0	3600.0	0.0	0.0
49092.0	20.67	23.83	1.13	20.0	9.0	0.0	3600.0	0.0	0.0
49153.0	20.84	24.06	1.13	20.0	9.0	0.0	3600.0	0.0	0.0
49207.0	20.79	23.97	1.13	20.0	9.0	0.0	3600.0	0.0	0.0
49272.0	20.79	23.95	1.13	20.0	9.0	0.0	3600.0	0.0	0.0
49332.0	20.73	23.93	1.13	20.0	9.0	0.0	3600.0	0.0	0.0
49397.0	20.86	23.99	1.13	20.0	9.0	0.0	3600.0	0.0	0.0
49452.0	20.94	24.03	1.14	20.0	9.0	0.0	3600.0	0.0	0.0
49517.0	20.9	24.0	1.14	20.0	9.0	0.0	3600.0	0.0	0.0
49571.0	20.7	23.91	1.13	20.0	9.0	0.0	3600.0	0.0	0.0
49636.0	20.76	23.92	1.13	20.0	9.0	0.0	3600.0	0.0	0.0
49690.0	20.72	23.95	1.13	20.0	9.0	0.0	3600.0	0.0	0.0
49751.0	20.76	23.98	1.13	20.0	9.0	0.0	3600.0	0.0	0.0
49810.0	20.69	23.9	1.13	20.0	9.0	0.0	3600.0	0.0	0.0
49870.0	20.72	23.89	1.13	20.0	9.0	0.0	3600.0	0.0	0.0
49930.0	20.81	23.92	1.13	20.0	9.0	0.0	3600.0	0.0	0.0
49984.0	20.83	23.92	1.13	20.0	9.0	0.0	3600.0	0.0	0.0
50050.0	20.97	23.98	1.13	20.0	9.0	0.0	3600.0	0.0	0.0
50104.0	21.08	24.06	1.13	20.0	9.0	0.0	3600.0	0.0	0.0
50163.0	21.01	24.14	1.13	20.0	9.0	0.0	3600.0	0.0	0.0
50224.0	20.92	24.02	1.13	20.0	9.0	0.0	3600.0	0.0	0.0
50283.0	20.9	23.95	1.13	20.0	9.0	0.0	3600.0	0.0	0.0
50337.0	20.94	23.96	1.13	20.0	9.0	0.0	3600.0	0.0	0.0
50398.0	21.03	24.02	1.13	20.0	9.0	0.0	3600.0	0.0	0.0
50452.0	20.95	24.0	1.13	20.0	9.0	0.0	3600.0	0.0	0.0
50516.0	20.94	23.97	1.13	20.0	9.0	0.0	3600.0	0.0	0.0
50572.0	20.93	23.95	1.13	20.0	9.0	0.0	3600.0	0.0	0.0
50631.0	20.97	23.95	1.13	20.0	9.0	0.0	3600.0	0.0	0.0
50685.0	20.82	24.03	1.14	20.0	9.0	0.0	3600.0	0.0	0.0
50745.0	20.83	24.03	1.14	20.0	9.0	0.0	3600.0	0.0	0.0
50805.0	20.73	23.9	1.13	20.0	9.0	0.0	3600.0	0.0	0.0
50865.0	20.65	23.9	1.13	20.0	9.0	0.0	3600.0	0.0	0.0
50925.0	20.75	23.89	1.13	20.0	9.0	0.0	3600.0	0.0	0.0
50979.0	20.84	23.96	1.13	20.0	9.0	0.0	3600.0	0.0	0.0
51039.0	20.86	24.01	1.13	20.0	9.0	0.0	3600.0	0.0	0.0
51098.0	20.85	23.98	1.13	20.0	9.0	0.0	3600.0	0.0	0.0
51159.0	20.58	23.79	1.13	20.0	9.0	0.0	3600.0	0.0	0.0
51218.0	20.7	23.53	1.13	20.0	9.0	0.0	3600.0	0.0	0.0
51272.0	20.74	23.66	1.14	20.0	9.0	0.0	3600.0	0.0	0.0
51333.0	20.75	23.79	1.14	20.0	9.0	0.0	3600.0	0.0	0.0
51392.0	20.77	23.8	1.14	20.0	9.0	0.0	3600.0	0.0	0.0
51446.0	20.7	23.78	1.13	20.0	9.0	0.0	3600.0	0.0	0.0
51507.0	20.74	23.78	1.13	20.0	9.0	0.0	3600.0	0.0	0.0
51566.0	20.72	23.81	1.13	20.0	9.0	0.0	3600.0	0.0	0.0
51627.0	20.91	23.95	1.13	20.0	9.0	0.0	3600.0	0.0	0.0
51686.0	20.43	23.87	1.13	20.0	9.0	0.0	3600.0	0.0	0.0
51740.0	20.69	24.0	1.13	20.0	9.0	0.0	3600.0	0.0	0.0
51800.0	20.62	23.92	1.14	20.0	9.0	0.0	3600.0	0.0	0.0
51860.0	20.65	23.88	1.14	20.0	9.0	0.0	3600.0	0.0	0.0
51919.0	20.8	23.9	1.13	20.0	9.0	0.0	3600.0	0.0	0.0
51974.0	20.9	23.97	1.14	20.0	9.0	0.0	3600.0	0.0	0.0
52034.0	20.8	23.98	1.13	20.0	9.0	0.0	3600.0	0.0	0.0
52093.0	20.75	23.98	1.13	20.0	9.0	0.0	3600.0	0.0	0.0
52148.0	20.67	23.94	1.13	20.0	9.0	0.0	3600.0	0.0	0.0
52208.0	20.55	23.85	1.13	20.0	9.0	0.0	3600.0	0.0	0.0
52268.0	20.81	24.01	1.13	20.0	9.0	0.0	3600.0	0.0	0.0
52322.0	20.7	24.03	1.13	20.0	9.0	0.0	3600.0	0.0	0.0
52387.0	20.72	23.94	1.13	20.0	9.0	0.0	3600.0	0.0	0.0
52442.0	20.71	23.93	1.13	20.0	9.0	0.0	3600.0	0.0	0.0
52501.0	20.74	23.94	1.13	20.0	9.0	0.0	3600.0	0.0	0.0
52561.0	20.77	23.96	1.13	20.0	9.0	0.0	3600.0	0.0	0.0
52621.0	20.93	24.03	1.13	20.0	9.0	0.0	3600.0	0.0	0.0
52675.0	20.89	24.0	1.14	20.0	9.0	0.0	3600.0	0.0	0.0
52736.0	20.85	23.98	1.13	20.0	9.0	0.0	3600.0	0.0	0.0
52790.0	20.86	23.95	1.13	20.0	9.0	0.0	3600.0	0.0	0.0
52849.0	20.93	23.91	1.13	20.0	9.0	0.0	3600.0	0.0	0.0
52903.0	20.95	23.97	1.13	20.0	8.0	0.0	3600.0	0.0	0.0
52969.0	20.87	23.94	1.13	20.0	8.0	0.0	3600.0	0.0	0.0
53023.0	20.83	23.93	1.13	20.0	8.0	0.0	3600.0	0.0	0.0
53083.0	20.86	23.94	1.13	20.0	8.0	0.0	3600.0	0.0	0.0
53137.0	20.87	23.93	1.13	20.0	8.0	0.0	3600.0	0.0	0.0
53197.0	21.04	23.98	1.13	20.0	8.0	0.0	3600.0	0.0	0.0
53252.0	21.02	24.03	1.13	20.0	8.0	0.0	3600.0	0.0	0.0
53311.0	20.98	23.99	1.13	20.0	8.0	0.0	3600.0	0.0	0.0
53371.0	20.98	23.97	1.13	20.0	8.0	0.0	3600.0	0.0	0.0
53431.0	20.89	23.96	1.13	20.0	8.0	0.0	3600.0	0.0	0.0
53485.0	21.01	23.97	1.13	20.0	8.0	0.0	3600.0	0.0	0.0
53545.0	20.99	24.01	1.13	20.0	8.0	0.0	3600.0	0.0	0.0
53600.0	21.0	23.99	1.14	20.0	8.0	0.0	3600.0	0.0	0.0
53659.0	20.87	23.95	1.13	20.0	7.0	0.0	3600.0	0.0	0.0
53719.0	20.86	23.95	1.13	20.0	7.0	0.0	3600.0	0.0	0.0
53779.0	20.86	23.57	1.13	20.0	7.0	0.0	3600.0	0.0	0.0
53833.0	20.79	23.75	1.13	20.0	7.0	0.0	3600.0	0.0	0.0
53893.0	20.96	23.89	1.14	20.0	7.0	0.0	3600.0	0.0	0.0
53953.0	20.89	23.91	1.13	20.0	7.0	0.0	3600.0	0.0	0.0
54012.0	20.81	23.93	1.13	20.0	7.0	0.0	3600.0	0.0	0.0
54067.0	20.82	23.91	1.13	20.0	7.0	0.0	3600.0	0.0	0.0
54132.0	20.96	23.99	1.13	20.0	7.0	0.0	3600.0	0.0	0.0
54187.0	21.02	24.01	1.13	20.0	7.0	0.0	3600.0	0.0	0.0
54246.0	21.07	24.01	1.13	20.0	7.0	0.0	3600.0	0.0	0.0
54306.0	20.97	23.92	1.15	20.0	7.0	0.0	3600.0	0.0	0.0
54366.0	20.88	23.93	1.14	20.0	7.0	0.0	3600.0	0.0	0.0
54420.0	20.98	23.96	1.14	20.0	7.0	0.0	3600.0	0.0	0.0
54480.0	20.96	24.02	1.14	20.0	7.0	0.0	3600.0	0.0	0.0
54545.0	20.91	23.95	1.14	20.0	7.0	0.0	3600.0	0.0	0.0
54599.0	20.82	23.91	1.13	20.0	7.0	0.0	3600.0	0.0	0.0
54660.0	20.82	23.93	1.13	20.0	7.0	0.0	3600.0	0.0	0.0
54714.0	20.9	23.92	1.13	20.0	7.0	0.0	3600.0	0.0	0.0
54768.0	20.8	23.96	1.13	20.0	7.0	0.0	3600.0	0.0	0.0
54829.0	20.81	24.02	1.13	20.0	7.0	0.0	3600.0	0.0	0.0
54888.0	20.75	24.03	1.13	20.0	7.0	0.0	3600.0	0.0	0.0
54942.0	20.83	24.0	1.13	20.0	7.0	0.0	3600.0	0.0	0.0
54996.0	20.85	23.97	1.13	20.0	7.0	0.0	3600.0	0.0	0.0
55056.0	20.83	23.98	1.13	20.0	7.0	0.0	3600.0	0.0	0.0
55111.0	20.97	24.01	1.13	20.0	7.0	0.0	3600.0	0.0	0.0
55171.0	20.95	24.05	1.13	20.0	7.0	0.0	3600.0	0.0	0.0
55230.0	20.86	24.01	1.13	20.0	7.0	0.0	3600.0	0.0	0.0
55290.0	20.98	24.09	1.13	20.0	7.0	0.0	3600.0	0.0	0.0
55345.0	20.94	24.0	1.13	20.0	7.0	0.0	3600.0	0.0	0.0
55404.0	21.0	24.03	1.13	20.0	7.0	0.0	3600.0	0.0	0.0
55458.0	20.95	24.04	1.13	20.0	7.0	0.0	3600.0	0.0	0.0
55524.0	20.87	23.99	1.13	20.0	8.0	0.0	3600.0	0.0	0.0
55578.0	20.76	23.94	1.13	20.0	8.0	0.0	3600.0	0.0	0.0
55644.0	20.9	24.0	1.13	20.0	7.0	0.0	3600.0	0.0	0.0
55698.0	20.9	23.96	1.13	20.0	8.0	0.0	3600.0	0.0	0.0
55757.0	20.93	24.03	1.13	20.0	8.0	0.0	3600.0	0.0	0.0
55823.0	20.87	23.67	1.13	20.0	8.0	0.0	3600.0	0.0	0.0
55877.0	20.72	23.81	1.14	20.0	8.0	0.0	3600.0	0.0	0.0
55938.0	20.66	23.83	1.14	20.0	8.0	0.0	3600.0	0.0	0.0
55997.0	20.73	23.85	1.13	20.0	8.0	0.0	3600.0	0.0	0.0
56056.0	20.79	23.9	1.13	20.0	8.0	0.0	3600.0	0.0	0.0
56117.0	20.74	23.96	1.13	20.0	8.0	0.0	3600.0	0.0	0.0
56171.0	20.72	23.96	1.14	20.0	8.0	0.0	3600.0	0.0	0.0
56230.0	20.72	23.9	1.13	20.0	8.0	0.0	3600.0	0.0	0.0
56291.0	20.83	24.08	1.13	20.0	8.0	0.0	3600.0	0.0	0.0
56356.0	20.91	23.99	1.13	20.0	8.0	0.0	3600.0	0.0	0.0
56404.0	20.86	24.0	1.13	20.0	8.0	0.0	3600.0	0.0	0.0
56465.0	20.88	23.99	1.14	20.0	8.0	0.0	3600.0	0.0	0.0
56524.0	20.91	23.95	1.14	20.0	8.0	0.0	3600.0	0.0	0.0
56584.0	20.9	23.9	1.13	20.0	8.0	0.0	3600.0	0.0	0.0
56644.0	20.83	23.89	1.13	20.0	8.0	0.0	3600.0	0.0	0.0
56704.0	20.91	23.95	1.13	20.0	8.0	0.0	3600.0	0.0	0.0
56753.0	20.94	24.0	1.13	20.0	8.0	0.0	3600.0	0.0	0.0
56818.0	20.87	23.99	1.13	20.0	8.0	0.0	3600.0	0.0	0.0
56872.0	20.87	23.96	1.13	20.0	8.0	0.0	3600.0	0.0	0.0
56938.0	20.85	23.95	1.13	20.0	8.0	0.0	3600.0	0.0	0.0
56992.0	20.75	23.93	1.13	20.0	7.0	0.0	3600.0	0.0	0.0
57052.0	20.83	23.99	1.13	20.0	7.0	0.0	3600.0	0.0	0.0
57106.0	20.67	23.96	1.13	20.0	7.0	0.0	3600.0	0.0	0.0
57166.0	20.62	23.96	1.13	20.0	7.0	0.0	3600.0	0.0	0.0
57226.0	20.66	23.92	1.13	20.0	8.0	0.0	3600.0	0.0	0.0
57285.0	20.9	24.01	1.13	20.0	8.0	0.0	3600.0	0.0	0.0
57346.0	21.04	24.15	1.12	20.0	8.0	0.0	3600.0	0.0	0.0
57405.0	20.97	24.1	1.13	20.0	8.0	0.0	3600.0	0.0	0.0
57465.0	20.86	24.04	1.13	20.0	8.0	0.0	3600.0	0.0	0.0
57520.0	20.83	23.97	1.13	20.0	8.0	0.0	3600.0	0.0	0.0
57579.0	20.71	23.95	1.13	20.0	8.0	0.0	3600.0	0.0	0.0
57638.0	20.84	23.91	1.13	20.0	8.0	0.0	3600.0	0.0	0.0
57694.0	20.78	23.96	1.13	20.0	8.0	0.0	3600.0	0.0	0.0
57753.0	20.77	23.99	1.14	20.0	8.0	0.0	3600.0	0.0	0.0
57812.0	20.81	23.97	1.13	20.0	8.0	0.0	3600.0	0.0	0.0
57868.0	20.71	23.84	1.13	20.0	8.0	0.0	3600.0	0.0	0.0
57932.0	20.53	23.82	1.13	20.0	8.0	0.0	3600.0	0.0	0.0
57987.0	20.69	23.84	1.13	20.0	8.0	0.0	3600.0	0.0	0.0
58047.0	20.93	23.96	1.13	20.0	8.0	0.0	3600.0	0.0	0.0
58101.0	20.9	23.93	1.13	20.0	8.0	0.0	3600.0	0.0	0.0
58167.0	20.68	23.85	1.13	20.0	8.0	0.0	3600.0	0.0	0.0
58221.0	20.71	23.87	1.13	20.0	8.0	0.0	3600.0	0.0	0.0
58280.0	20.8	23.89	1.13	20.0	8.0	0.0	3600.0	0.0	0.0
58341.0	20.84	23.97	1.13	20.0	8.0	0.0	3600.0	0.0	0.0
58395.0	20.9	23.97	1.14	20.0	8.0	0.0	3600.0	0.0	0.0
58460.0	21.07	24.07	1.13	20.0	8.0	0.0	3600.0	0.0	0.0
58520.0	20.54	23.85	1.13	20.0	8.0	0.0	3600.0	0.0	0.0
58579.0	20.75	23.98	1.13	20.0	8.0	0.0	3600.0	0.0	0.0
58634.0	20.8	23.95	1.13	20.0	8.0	0.0	3600.0	0.0	0.0
58694.0	20.93	24.0	1.13	20.0	8.0	0.0	3600.0	0.0	0.0
58748.0	20.83	23.98	1.13	20.0	8.0	0.0	3600.0	0.0	0.0
58808.0	20.86	23.97	1.13	20.0	8.0	0.0	3600.0	0.0	0.0
58862.0	20.85	23.95	1.13	20.0	8.0	0.0	3600.0	0.0	0.0
58923.0	20.83	23.95	1.13	20.0	8.0	0.0	3600.0	0.0	0.0
58977.0	20.98	24.0	1.13	20.0	8.0	0.0	3600.0	0.0	0.0
59041.0	20.93	24.04	1.13	20.0	8.0	0.0	3600.0	0.0	0.0
59096.0	20.9	23.99	1.13	20.0	8.0	0.0	3600.0	0.0	0.0
59161.0	20.89	23.96	1.13	20.0	8.0	0.0	3600.0	0.0	0.0
59215.0	20.87	23.94	1.13	20.0	8.0	0.0	3600.0	0.0	0.0
59276.0	20.94	24.0	1.13	20.0	8.0	0.0	3600.0	0.0	0.0
59335.0	20.9	24.03	1.14	20.0	8.0	0.0	3600.0	0.0	0.0
59389.0	20.86	24.0	1.14	20.0	8.0	0.0	3600.0	0.0	0.0
59450.0	20.88	23.96	1.13	20.0	8.0	0.0	3600.0	0.0	0.0
59509.0	20.85	23.95	1.13	20.0	8.0	0.0	3600.0	0.0	0.0
59564.0	20.9	23.96	1.13	20.0	8.0	0.0	3600.0	0.0	0.0
59623.0	20.98	24.02	1.13	20.0	8.0	0.0	3600.0	0.0	0.0
59677.0	20.9	24.0	1.14	20.0	8.0	0.0	3600.0	0.0	0.0
59738.0	20.83	23.98	1.13	20.0	8.0	0.0	3600.0	0.0	0.0
59792.0	20.81	23.95	1.13	20.0	8.0	0.0	3600.0	0.0	0.0
59851.0	20.84	23.95	1.13	20.0	8.0	0.0	3600.0	0.0	0.0
59906.0	20.93	24.01	1.13	20.0	8.0	0.0	3600.0	0.0	0.0
59966.0	20.9	24.06	1.14	20.0	8.0	0.0	3600.0	0.0	0.0
60020.0	20.93	24.02	1.13	20.0	8.0	0.0	3600.0	0.0	0.0
60086.0	20.87	23.99	1.13	20.0	8.0	0.0	3600.0	0.0	0.0
60140.0	20.8	23.89	1.13	20.0	8.0	0.0	3600.0	0.0	0.0
60199.0	20.91	23.95	1.13	20.0	8.0	0.0	3600.0	0.0	0.0
60260.0	20.97	24.0	1.13	20.0	8.0	0.0	3600.0	0.0	0.0
60319.0	20.91	23.99	1.14	20.0	8.0	0.0	3600.0	0.0	0.0
60374.0	20.84	23.96	1.13	20.0	8.0	0.0	3600.0	0.0	0.0
60433.0	20.83	23.96	1.13	20.0	8.0	0.0	3600.0	0.0	0.0
60488.0	20.89	23.94	1.13	20.0	8.0	0.0	3600.0	0.0	0.0
60553.0	20.95	24.01	1.13	20.0	8.0	0.0	3600.0	0.0	0.0
60607.0	20.95	24.03	1.13	20.0	8.0	0.0	3600.0	0.0	0.0
60667.0	20.78	23.97	1.13	20.0	7.0	0.0	3600.0	0.0	0.0
60722.0	20.79	23.93	1.13	20.0	8.0	0.0	3600.0	0.0	0.0
60781.0	20.75	23.88	1.13	20.0	8.0	0.0	3600.0	0.0	0.0
60835.0	20.86	23.94	1.13	20.0	8.0	0.0	3600.0	0.0	0.0
60896.0	20.91	23.98	1.13	20.0	8.0	0.0	3600.0	0.0	0.0
60955.0	20.86	23.98	1.13	20.0	8.0	0.0	3600.0	0.0	0.0
61016.0	20.9	23.93	1.13	20.0	8.0	0.0	3600.0	0.0	0.0
61075.0	20.86	23.92	1.13	20.0	8.0	0.0	3600.0	0.0	0.0
61134.0	20.96	23.93	1.13	20.0	8.0	0.0	3600.0	0.0	0.0
61190.0	20.99	24.0	1.13	20.0	8.0	0.0	3600.0	0.0	0.0
61249.0	20.93	23.99	1.13	20.0	8.0	0.0	3600.0	0.0	0.0
61315.0	20.91	23.95	1.13	20.0	8.0	0.0	3600.0	0.0	0.0
61369.0	20.9	23.94	1.13	20.0	8.0	0.0	3600.0	0.0	0.0
61423.0	20.94	23.93	1.13	20.0	8.0	0.0	3600.0	0.0	0.0
61483.0	21.07	23.96	1.13	20.0	8.0	0.0	3600.0	0.0	0.0
61548.0	21.04	24.0	1.14	20.0	8.0	0.0	3600.0	0.0	0.0
61602.0	21.0	23.99	1.13	20.0	8.0	0.0	3600.0	0.0	0.0
61662.0	20.95	23.97	1.13	20.0	8.0	0.0	3600.0	0.0	0.0
61716.0	20.94	23.97	1.13	20.0	8.0	0.0	3600.0	0.0	0.0
61782.0	20.99	23.98	1.13	20.0	8.0	0.0	3600.0	0.0	0.0
61836.0	20.92	23.99	1.13	20.0	8.0	0.0	3600.0	0.0	0.0
61896.0	20.79	23.99	1.14	20.0	8.0	0.0	3600.0	0.0	0.0
61944.0	20.8	23.95	1.13	20.0	8.0	0.0	3600.0	0.0	0.0
62005.0	20.73	23.92	1.13	20.0	8.0	0.0	3600.0	0.0	0.0
62064.0	20.82	24.07	1.13	20.0	8.0	0.0	3600.0	0.0	0.0
62125.0	20.85	24.01	1.13	20.0	8.0	0.0	3600.0	0.0	0.0
62184.0	21.11	24.17	1.13	20.0	8.0	0.0	3600.0	0.0	0.0
62238.0	21.08	24.14	1.13	20.0	8.0	0.0	3600.0	0.0	0.0
62299.0	20.94	24.05	1.13	20.0	8.0	0.0	3600.0	0.0	0.0
62358.0	20.88	24.01	1.13	20.0	8.0	0.0	3600.0	0.0	0.0
62412.0	20.74	23.97	1.13	20.0	8.0	0.0	3600.0	0.0	0.0
62473.0	20.86	23.99	1.13	20.0	7.0	0.0	3600.0	0.0	0.0
62532.0	20.93	24.02	1.13	20.0	8.0	0.0	3600.0	0.0	0.0
62592.0	20.99	24.08	1.13	20.0	8.0	0.0	3600.0	0.0	0.0
62646.0	20.9	24.0	1.13	20.0	8.0	0.0	3600.0	0.0	0.0
62701.0	20.45	23.84	1.13	20.0	8.0	0.0	3600.0	0.0	0.0
62760.0	20.56	23.78	1.14	20.0	8.0	0.0	3600.0	0.0	0.0
62826.0	20.39	23.91	1.13	20.0	8.0	0.0	3600.0	0.0	0.0
62880.0	20.59	23.96	1.14	20.0	8.0	0.0	3600.0	0.0	0.0
62940.0	20.63	23.95	1.13	20.0	8.0	0.0	3600.0	0.0	0.0
62994.0	20.72	23.92	1.13	20.0	8.0	0.0	3600.0	0.0	0.0
63059.0	20.66	23.93	1.13	20.0	8.0	0.0	3600.0	0.0	0.0
63109.0	20.67	23.88	1.13	20.0	8.0	0.0	3600.0	0.0	0.0
63174.0	20.93	23.95	1.13	20.0	8.0	0.0	3600.0	0.0	0.0
63228.0	20.93	24.0	1.13	20.0	7.0	0.0	3600.0	0.0	0.0
63288.0	20.98	24.08	1.13	20.0	8.0	0.0	3600.0	0.0	0.0
63348.0	20.76	24.03	1.14	20.0	8.0	0.0	3600.0	0.0	0.0
63408.0	20.66	23.95	1.13	20.0	8.0	0.0	3600.0	0.0	0.0
63462.0	20.78	23.96	1.13	20.0	8.0	0.0	3600.0	0.0	0.0
63522.0	20.88	24.02	1.13	20.0	8.0	0.0	3600.0	0.0	0.0
63582.0	20.87	24.0	1.14	20.0	8.0	0.0	3600.0	0.0	0.0
63636.0	20.89	23.99	1.13	20.0	8.0	0.0	3600.0	0.0	0.0
63690.0	20.84	23.9	1.13	20.0	8.0	0.0	3600.0	0.0	0.0
63756.0	20.85	23.91	1.13	20.0	8.0	0.0	3600.0	0.0	0.0
63810.0	20.64	23.92	1.13	20.0	8.0	0.0	3600.0	0.0	0.0
63869.0	20.87	24.09	1.13	20.0	8.0	0.0	3600.0	0.0	0.0
63924.0	20.78	24.0	1.13	20.0	8.0	0.0	3600.0	0.0	0.0
63989.0	20.85	23.95	1.13	20.0	8.0	0.0	3600.0	0.0	0.0
64044.0	20.75	23.91	1.13	20.0	8.0	0.0	3600.0	0.0	0.0
64104.0	20.98	23.93	1.13	20.0	8.0	0.0	3600.0	0.0	0.0
64158.0	20.98	24.01	1.13	20.0	8.0	0.0	3600.0	0.0	0.0
64218.0	20.97	24.01	1.14	20.0	8.0	0.0	3600.0	0.0	0.0
64272.0	20.9	23.98	1.13	20.0	8.0	0.0	3600.0	0.0	0.0
64337.0	20.91	23.96	1.13	20.0	8.0	0.0	3600.0	0.0	0.0
64392.0	20.95	23.94	1.13	20.0	8.0	0.0	3600.0	0.0	0.0
64451.0	20.91	23.98	1.13	20.0	8.0	0.0	3600.0	0.0	0.0
64505.0	20.93	23.99	1.13	20.0	8.0	0.0	3600.0	0.0	0.0
64566.0	20.94	23.85	1.13	20.0	8.0	0.0	3600.0	0.0	0.0
64620.0	20.91	23.76	1.13	20.0	8.0	0.0	3600.0	0.0	0.0
64686.0	20.93	23.72	1.13	20.0	8.0	0.0	3600.0	0.0	0.0
64740.0	20.86	23.67	1.13	20.0	8.0	0.0	3600.0	0.0	0.0
64799.0	21.15	23.95	1.13	20.0	8.0	0.0	3600.0	0.0	0.0
64859.0	21.14	23.94	1.13	20.0	8.0	0.0	3600.0	0.0	0.0
64919.0	20.91	23.78	1.13	20.0	8.0	0.0	3600.0	0.0	0.0
64973.0	20.8	23.65	1.13	20.0	8.0	0.0	3600.0	0.0	0.0
65033.0	20.84	23.66	1.13	20.0	8.0	0.0	3600.0	0.0	0.0
65093.0	20.86	23.74	1.13	20.0	8.0	0.0	3600.0	0.0	0.0
65147.0	20.89	23.84	1.13	20.0	8.0	0.0	3600.0	0.0	0.0
65213.0	20.86	23.85	1.13	20.0	8.0	0.0	3600.0	0.0	0.0
65267.0	20.87	23.86	1.12	20.0	8.0	0.0	3600.0	0.0	0.0
65327.0	20.86	23.78	1.13	20.0	8.0	0.0	3600.0	0.0	0.0
65381.0	20.97	23.72	1.13	20.0	8.0	0.0	3600.0	0.0	0.0
65441.0	21.02	23.8	1.13	20.0	8.0	0.0	3600.0	0.0	0.0
65496.0	20.86	23.81	1.13	20.0	8.0	0.0	3600.0	0.0	0.0
65555.0	20.77	23.68	1.13	20.0	8.0	0.0	3600.0	0.0	0.0
65615.0	20.73	23.65	1.13	20.0	8.0	0.0	3600.0	0.0	0.0
65675.0	20.75	23.64	1.13	20.0	8.0	0.0	3600.0	0.0	0.0
65729.0	20.69	23.63	1.13	20.0	8.0	0.0	3600.0	0.0	0.0
65789.0	20.87	23.65	1.13	20.0	8.0	0.0	3600.0	0.0	0.0
65855.0	21.02	23.77	1.13	20.0	8.0	0.0	3600.0	0.0	0.0
65909.0	21.16	23.85	1.14	20.0	8.0	0.0	3600.0	0.0	0.0
65964.0	21.02	23.86	1.14	20.0	8.0	0.0	3600.0	0.0	0.0
66023.0	21.04	23.83	1.14	20.0	8.0	0.0	3600.0	0.0	0.0
66078.0	20.99	23.75	1.13	20.0	8.0	0.0	3600.0	0.0	0.0
66138.0	21.01	23.85	1.13	20.0	8.0	0.0	3600.0	0.0	0.0
66192.0	20.9	23.7	1.13	20.0	8.0	0.0	3600.0	0.0	0.0
66257.0	20.91	23.8	1.13	20.0	8.0	0.0	3600.0	0.0	0.0
66323.0	20.92	23.87	1.14	20.0	8.0	0.0	3600.0	0.0	0.0
66382.0	20.79	23.83	1.14	20.0	8.0	0.0	3600.0	0.0	0.0
66443.0	20.78	23.74	1.13	20.0	8.0	0.0	3600.0	0.0	0.0
66507.0	20.65	23.67	1.13	20.0	8.0	0.0	3600.0	0.0	0.0
66563.0	20.8	23.64	1.13	20.0	8.0	0.0	3600.0	0.0	0.0
66622.0	20.93	23.65	1.13	20.0	8.0	0.0	3600.0	0.0	0.0
66671.0	21.0	23.65	1.13	20.0	8.0	0.0	3600.0	0.0	0.0
66737.0	21.07	23.79	1.13	20.0	8.0	0.0	3600.0	0.0	0.0
66796.0	21.01	23.88	1.13	20.0	8.0	0.0	3600.0	0.0	0.0
66856.0	20.96	23.79	1.13	20.0	8.0	0.0	3600.0	0.0	0.0
66916.0	20.93	23.74	1.13	20.0	8.0	0.0	3600.0	0.0	0.0
66970.0	20.89	23.69	1.13	20.0	8.0	0.0	3600.0	0.0	0.0
67031.0	20.94	23.68	1.13	20.0	8.0	0.0	3600.0	0.0	0.0
67090.0	20.92	23.68	1.13	20.0	8.0	0.0	3600.0	0.0	0.0
67150.0	20.89	23.77	1.13	20.0	8.0	0.0	3600.0	0.0	0.0
67210.0	20.9	23.83	1.14	20.0	8.0	0.0	3600.0	0.0	0.0
67264.0	20.86	23.76	1.14	20.0	8.0	0.0	3600.0	0.0	0.0
67335.0	20.76	23.68	1.13	20.0	8.0	0.0	3600.0	0.0	0.0
67389.0	20.77	23.61	1.13	20.0	8.0	0.0	3600.0	0.0	0.0
67449.0	20.95	23.74	1.13	20.0	8.0	0.0	3600.0	0.0	0.0
67509.0	21.13	23.83	1.13	20.0	8.0	0.0	3600.0	0.0	0.0
67569.0	21.0	23.77	1.13	20.0	7.0	0.0	3600.0	0.0	0.0
67629.0	20.72	23.77	1.13	20.0	7.0	0.0	3600.0	0.0	0.0
67684.0	20.82	23.91	1.13	20.0	8.0	0.0	3600.0	0.0	0.0
67743.0	20.82	23.79	1.13	20.0	8.0	0.0	3600.0	0.0	0.0
67803.0	20.73	23.68	1.13	20.0	8.0	0.0	3600.0	0.0	0.0
67863.0	20.85	23.65	1.13	20.0	8.0	0.0	3600.0	0.0	0.0
67922.0	20.84	23.64	1.13	20.0	8.0	0.0	3600.0	0.0	0.0
67978.0	20.95	23.73	1.13	20.0	8.0	0.0	3600.0	0.0	0.0
68042.0	20.94	23.82	1.13	20.0	8.0	0.0	3600.0	0.0	0.0
68098.0	20.95	23.84	1.14	20.0	8.0	0.0	3600.0	0.0	0.0
68157.0	20.9	23.86	1.14	20.0	8.0	0.0	3600.0	0.0	0.0
68211.0	20.9	23.76	1.13	19.99	8.0	0.0	3600.0	0.0	0.0
68272.0	20.89	23.69	1.13	19.99	8.0	0.0	3600.0	0.0	0.0
68337.0	20.92	23.7	1.13	20.0	8.0	0.0	3600.0	0.0	0.0
68391.0	20.86	23.61	1.13	20.0	8.0	0.0	3600.0	0.0	0.0
68451.0	20.91	23.72	1.13	20.0	8.0	0.0	3600.0	0.0	0.0
68506.0	20.84	23.6	1.13	20.0	8.0	0.0	3600.0	0.0	0.0
68566.0	20.96	23.69	1.13	20.0	8.0	0.0	3600.0	0.0	0.0
68626.0	20.97	23.78	1.13	20.0	8.0	0.0	3600.0	0.0	0.0
68685.0	21.03	23.79	1.14	20.0	8.0	0.0	3600.0	0.0	0.0
68740.0	20.98	23.72	1.13	20.0	8.0	0.0	3600.0	0.0	0.0
68805.0	20.98	23.68	1.13	20.0	8.0	0.0	3600.0	0.0	0.0
68865.0	20.94	23.68	1.13	20.0	8.0	0.0	3600.0	0.0	0.0
68920.0	20.99	23.66	1.13	20.0	8.0	0.0	3600.0	0.0	0.0
68984.0	20.93	23.78	1.13	20.0	7.0	0.0	3600.0	0.0	0.0
69040.0	20.89	23.77	1.13	20.0	7.0	0.0	3600.0	0.0	0.0
69099.0	20.81	23.83	1.13	20.0	7.0	0.0	3600.0	0.0	0.0
69158.0	20.82	23.81	1.13	20.0	8.0	0.0	3600.0	0.0	0.0
69219.0	20.8	23.72	1.13	20.0	8.0	0.0	3600.0	0.0	0.0
69278.0	20.88	23.7	1.13	20.0	8.0	0.0	3600.0	0.0	0.0
69344.0	20.97	23.8	1.13	20.0	8.0	0.0	3600.0	0.0	0.0
69398.0	21.01	23.77	1.13	20.0	8.0	0.0	3600.0	0.0	0.0
69458.0	20.98	23.36	1.14	20.0	8.0	0.0	3600.0	0.0	0.0
69518.0	21.0	23.58	1.14	20.0	8.0	0.0	3600.0	0.0	0.0
69578.0	20.88	23.61	1.14	19.98	8.0	0.0	3600.0	0.0	0.0
69638.0	20.91	23.58	1.13	19.99	8.0	0.0	3600.0	0.0	0.0
69698.0	20.81	23.57	1.13	19.99	8.0	0.0	3600.0	0.0	0.0
69757.0	20.86	23.61	1.13	20.0	8.0	0.0	3600.0	0.0	0.0
69813.0	20.83	23.61	1.13	20.0	8.0	0.0	3600.0	0.0	0.0
69872.0	20.86	23.64	1.13	20.0	8.0	0.0	3600.0	0.0	0.0
69932.0	20.9	23.73	1.13	20.0	8.0	0.0	3600.0	0.0	0.0
69987.0	20.97	23.78	1.13	20.0	8.0	0.0	3600.0	0.0	0.0
70046.0	20.92	23.89	1.14	20.0	8.0	0.0	3600.0	0.0	0.0
70107.0	20.88	23.71	1.14	20.0	8.0	0.0	3600.0	0.0	0.0
70166.0	20.97	23.76	1.13	20.0	8.0	0.0	3600.0	0.0	0.0
70220.0	20.75	23.62	1.13	20.0	8.0	0.0	3600.0	0.0	0.0
70281.0	20.84	23.61	1.13	20.0	8.0	0.0	3600.0	0.0	0.0
70340.0	20.87	23.63	1.13	20.0	8.0	0.0	3600.0	0.0	0.0
70395.0	20.87	23.62	1.13	20.0	8.0	0.0	3600.0	0.0	0.0
70455.0	20.95	23.7	1.13	20.0	8.0	0.0	3600.0	0.0	0.0
70509.0	21.0	23.77	1.13	20.0	8.0	0.0	3600.0	0.0	0.0
70569.0	20.9	23.79	1.14	20.0	8.0	0.0	3600.0	0.0	0.0
70629.0	20.71	23.66	1.13	20.0	7.0	0.0	3600.0	0.0	0.0
70689.0	20.76	23.66	1.13	20.0	8.0	0.0	3600.0	0.0	0.0
70744.0	20.83	23.64	1.13	20.0	8.0	0.0	3600.0	0.0	0.0
70803.0	20.87	23.65	1.13	20.0	8.0	0.0	3600.0	0.0	0.0
70863.0	20.86	23.64	1.13	20.0	8.0	0.0	3600.0	0.0	0.0
70918.0	20.91	23.66	1.13	20.0	8.0	0.0	3600.0	0.0	0.0
70983.0	20.96	23.76	1.13	20.0	8.0	0.0	3600.0	0.0	0.0
71037.0	20.96	23.81	1.13	20.0	8.0	0.0	3600.0	0.0	0.0
71097.0	21.03	23.88	1.14	20.0	8.0	0.0	3600.0	0.0	0.0
71152.0	20.96	23.81	1.14	20.0	8.0	0.0	3600.0	0.0	0.0
71212.0	20.92	23.75	1.14	20.0	8.0	0.0	3600.0	0.0	0.0
71266.0	20.89	23.7	1.13	20.0	8.0	0.0	3600.0	0.0	0.0
71326.0	20.9	23.69	1.13	20.0	8.0	0.0	3600.0	0.0	0.0
71380.0	20.95	23.66	1.13	20.0	8.0	0.0	3600.0	0.0	0.0
71446.0	20.92	23.77	1.13	20.0	8.0	0.0	3600.0	0.0	0.0
71505.0	20.83	23.81	1.13	20.0	8.0	0.0	3600.0	0.0	0.0
71566.0	20.9	23.78	1.14	20.0	8.0	0.0	3600.0	0.0	0.0
71625.0	20.75	23.7	1.13	20.0	8.0	0.0	3600.0	0.0	0.0
71680.0	20.8	23.67	1.13	20.0	8.0	0.0	3600.0	0.0	0.0
71745.0	20.85	23.64	1.13	20.0	8.0	0.0	3600.0	0.0	0.0
71799.0	20.79	23.63	1.13	20.0	8.0	0.0	3600.0	0.0	0.0
71860.0	20.82	23.64	1.13	20.0	8.0	0.0	3600.0	0.0	0.0
71919.0	20.99	23.8	1.13	20.0	8.0	0.0	3600.0	0.0	0.0
71973.0	21.21	23.92	1.13	20.0	8.0	0.0	3600.0	0.0	0.0
72034.0	21.02	23.8	1.13	20.0	8.0	0.0	3600.0	0.0	0.0
72088.0	21.01	23.76	1.13	20.0	8.0	0.0	3600.0	0.0	0.0
72154.0	20.94	23.71	1.13	20.0	8.0	0.0	3600.0	0.0	0.0
72208.0	20.9	23.67	1.13	20.0	8.0	0.0	3600.0	0.0	0.0
72267.0	20.97	23.67	1.13	20.0	8.0	0.0	3600.0	0.0	0.0
72328.0	21.01	23.73	1.13	20.0	8.0	0.0	3600.0	0.0	0.0
72387.0	21.04	23.76	1.14	20.0	8.0	0.0	3600.0	0.0	0.0
72453.0	20.87	23.67	1.14	20.0	8.0	0.0	3600.0	0.0	0.0
72507.0	20.85	23.63	1.13	20.0	8.0	0.0	3600.0	0.0	0.0
72567.0	20.74	23.65	1.13	20.0	8.0	0.0	3600.0	0.0	0.0
72633.0	20.73	23.62	1.13	20.0	8.0	0.0	3600.0	0.0	0.0
72687.0	20.83	23.61	1.13	20.0	8.0	0.0	3600.0	0.0	0.0
72747.0	20.91	23.64	1.13	20.0	8.0	0.0	3600.0	0.0	0.0
72807.0	20.97	23.69	1.13	20.0	8.0	0.0	3600.0	0.0	0.0
72861.0	21.09	23.93	1.13	20.0	8.0	3.95	1.13	20.0	8.0
72921.0	20.58	23.72	1.13	20.0	8.0	0.0	3600.0	0.0	0.0
72981.0	20.79	23.78	1.13	20.0	8.0	0.0	3600.0	0.0	0.0
73040.0	20.63	23.66	1.14	20.0	8.0	0.0	3600.0	0.0	0.0
73101.0	20.74	23.67	1.13	20.0	8.0	0.0	3600.0	0.0	0.0
73160.0	20.66	23.62	1.13	20.0	8.0	0.0	3600.0	0.0	0.0
73221.0	20.68	23.59	1.13	20.0	8.0	0.0	3600.0	0.0	0.0
73280.0	20.87	23.7	1.13	20.0	8.0	0.0	3600.0	0.0	0.0
73340.0	20.79	23.77	1.13	20.0	8.0	0.0	3600.0	0.0	0.0
73400.0	20.78	23.81	1.13	20.0	8.0	0.0	3600.0	0.0	0.0
73460.0	20.83	23.74	1.14	20.0	8.0	0.0	3600.0	0.0	0.0
73520.0	20.86	23.66	1.13	20.0	8.0	0.0	3600.0	0.0	0.0
73575.0	20.82	23.66	1.13	20.0	8.0	0.0	3600.0	0.0	0.0
73634.0	20.8	23.63	1.13	20.0	8.0	0.0	3600.0	0.0	0.0
73695.0	20.81	23.64	1.13	20.0	8.0	0.0	3600.0	0.0	0.0
73749.0	20.88	23.63	1.13	20.0	8.0	0.0	3600.0	0.0	0.0
73808.0	21.0	23.68	1.13	20.0	8.0	0.0	3600.0	0.0	0.0
73863.0	21.03	23.76	1.13	20.0	8.0	0.0	3600.0	0.0	0.0
73923.0	20.96	23.86	1.14	20.0	8.0	0.0	3600.0	0.0	0.0
73982.0	20.91	23.74	1.14	20.0	8.0	0.0	3600.0	0.0	0.0
74037.0	20.9	23.72	1.13	20.0	8.0	0.0	3600.0	0.0	0.0
74097.0	20.92	23.66	1.13	20.0	8.0	0.0	3600.0	0.0	0.0
74157.0	21.0	23.66	1.13	20.0	8.0	0.0	3600.0	0.0	0.0
74211.0	21.06	23.72	1.13	20.0	8.0	0.0	3600.0	0.0	0.0
74271.0	21.12	23.83	1.14	20.0	8.0	0.0	3600.0	0.0	0.0
74326.0	21.03	23.85	1.14	20.0	8.0	0.0	3600.0	0.0	0.0
74386.0	20.97	23.8	1.14	20.0	8.0	0.0	3600.0	0.0	0.0
74450.0	20.95	23.73	1.13	20.0	8.0	0.0	3600.0	0.0	0.0
74505.0	20.87	23.69	1.13	20.0	8.0	0.0	3600.0	0.0	0.0
74570.0	20.82	23.67	1.13	20.0	8.0	0.0	3600.0	0.0	0.0
74631.0	20.84	23.71	1.13	20.0	8.0	0.0	3600.0	0.0	0.0
74685.0	20.97	23.91	1.13	20.0	8.0	0.0	3600.0	0.0	0.0
74750.0	21.03	23.78	1.14	20.0	8.0	0.0	3600.0	0.0	0.0
74805.0	20.95	23.72	1.14	20.0	8.0	0.0	3600.0	0.0	0.0
74864.0	20.86	23.66	1.13	20.0	8.0	0.0	3600.0	0.0	0.0
74925.0	20.78	23.6	1.13	20.0	8.0	0.0	3600.0	0.0	0.0
74984.0	20.77	23.63	1.13	20.0	8.0	0.0	3600.0	0.0	0.0
75049.0	20.72	23.62	1.13	20.0	8.0	0.0	3600.0	0.0	0.0
75099.0	20.86	23.57	1.13	20.0	8.0	0.0	3600.0	0.0	0.0
75164.0	20.98	23.74	1.13	20.0	8.0	0.0	3600.0	0.0	0.0
75224.0	21.05	23.82	1.13	20.0	8.0	0.0	3600.0	0.0	0.0
75278.0	20.99	23.84	1.14	20.0	8.0	0.0	3600.0	0.0	0.0
75338.0	20.93	23.71	1.13	20.0	8.0	0.0	3600.0	0.0	0.0
75398.0	20.94	23.69	1.13	20.0	8.0	0.0	3600.0	0.0	0.0
75458.0	20.91	23.7	1.13	20.0	8.0	0.0	3600.0	0.0	0.0
75512.0	20.7	23.52	1.13	20.0	8.0	0.0	3600.0	0.0	0.0
75578.0	20.51	23.51	1.13	20.0	8.0	0.0	3600.0	0.0	0.0
75632.0	20.81	23.7	1.13	20.0	8.0	0.0	3600.0	0.0	0.0
75692.0	20.95	23.86	1.14	20.0	8.0	0.0	3600.0	0.0	0.0
75752.0	20.89	23.79	1.14	20.0	8.0	0.0	3600.0	0.0	0.0
75811.0	20.87	23.84	1.13	20.0	8.0	0.0	3600.0	0.0	0.0
75872.0	21.02	23.83	1.14	20.0	8.0	0.0	3600.0	0.0	0.0
75926.0	20.9	23.81	1.13	20.0	8.0	0.0	3600.0	0.0	0.0
75992.0	20.93	23.85	1.13	20.0	8.0	0.0	3600.0	0.0	0.0
76051.0	21.18	23.93	1.13	20.0	8.0	0.0	3600.0	0.0	0.0
76105.0	21.25	24.0	1.14	20.0	8.0	0.0	3600.0	0.0	0.0
76171.0	21.21	24.0	1.14	20.0	8.0	0.0	3600.0	0.0	0.0
76225.0	21.14	23.95	1.14	20.0	8.0	0.0	3600.0	0.0	0.0
76285.0	21.12	23.95	1.14	20.0	8.0	0.0	3600.0	0.0	0.0
76340.0	21.05	23.92	1.14	20.0	8.0	0.0	3600.0	0.0	0.0
76405.0	20.99	23.77	1.13	20.0	8.0	0.0	3600.0	0.0	0.0
76460.0	20.98	23.81	1.13	20.0	8.0	0.0	3600.0	0.0	0.0
76519.0	21.04	23.89	1.14	20.0	8.0	0.0	3600.0	0.0	0.0
76579.0	20.87	23.75	1.14	20.0	8.0	0.0	3600.0	0.0	0.0
76639.0	20.74	23.66	1.13	20.0	8.0	0.0	3600.0	0.0	0.0
76699.0	20.88	23.65	1.13	20.0	8.0	0.0	3600.0	0.0	0.0
76759.0	20.84	23.62	1.13	20.0	8.0	0.0	3600.0	0.0	0.0
76819.0	20.88	23.62	1.13	20.0	8.0	0.0	3600.0	0.0	0.0
76876.0	20.84	23.82	1.15	20.0	7.0	0.0	3600.0	0.0	0.0
76936.0	21.18	24.03	1.14	20.0	8.0	0.0	3600.0	0.0	0.0
76990.0	21.17	24.23	1.14	20.0	8.0	0.0	3600.0	0.0	0.0
77056.0	21.35	24.37	1.15	20.0	8.0	0.0	3600.0	0.0	2.0
77111.0	21.31	24.33	1.14	20.0	7.0	0.0	3600.0	0.0	2.0
77170.0	21.29	24.31	1.14	20.0	7.0	0.0	3600.0	0.0	2.0
77231.0	21.03	24.18	1.14	20.0	7.0	0.0	3600.0	0.0	2.0
77285.0	21.02	24.13	1.14	20.0	8.0	0.0	3600.0	0.0	2.0
77350.0	20.94	24.07	1.14	20.0	7.0	0.0	3600.0	0.0	2.0
77406.0	20.95	24.08	1.13	20.0	8.0	0.0	3600.0	0.0	2.0
77471.0	20.89	24.03	1.15	20.0	7.0	0.0	3600.0	0.0	2.0
77531.0	20.95	24.13	1.16	20.0	7.0	0.0	3600.0	0.0	0.0
77591.0	20.78	24.08	1.15	20.0	7.0	0.0	3600.0	0.0	0.0
77656.0	20.85	23.98	1.14	20.0	8.0	0.0	3600.0	0.0	0.0
77716.0	20.82	23.96	1.14	20.0	8.0	0.0	3600.0	0.0	0.0
77775.0	20.89	23.96	1.13	20.0	8.0	0.0	3600.0	0.0	0.0
77836.0	20.95	23.9	1.13	20.0	8.0	0.0	3600.0	0.0	0.0
77895.0	21.06	23.99	1.13	20.0	8.0	0.0	3600.0	0.0	0.0
77955.0	21.02	24.01	1.14	20.0	8.0	0.0	3600.0	0.0	0.0
78010.0	21.11	24.13	1.13	20.0	8.0	0.0	3600.0	0.0	0.0
78074.0	20.99	24.02	1.13	20.0	8.0	0.0	3600.0	0.0	0.0
78135.0	20.54	23.93	1.13	20.0	8.0	0.0	3600.0	0.0	0.0
78189.0	20.65	23.94	1.13	20.0	8.0	0.0	3600.0	0.0	0.0
78249.0	20.77	23.9	1.14	20.0	8.0	0.0	3600.0	0.0	0.0
78309.0	20.99	23.99	1.14	20.0	8.0	0.0	3600.0	0.0	0.0
78368.0	20.84	24.01	1.14	20.0	8.0	0.0	3600.0	0.0	0.0
78429.0	20.77	23.98	1.14	20.0	8.0	0.0	3600.0	0.0	0.0
78483.0	20.85	23.95	1.13	20.0	8.0	0.0	3600.0	0.0	0.0
78542.0	20.95	23.95	1.13	20.0	8.0	0.0	3600.0	0.0	0.0
78603.0	20.88	24.01	1.13	20.0	8.0	0.0	3600.0	0.0	0.0
78662.0	20.87	23.95	1.13	20.0	8.0	0.0	3600.0	0.0	0.0
78723.0	21.09	24.14	1.13	20.0	8.0	0.0	3600.0	0.0	0.0
78782.0	20.76	23.91	1.14	20.0	8.0	0.0	3600.0	0.0	0.0
78836.0	20.92	24.03	1.13	20.0	8.0	0.0	3600.0	0.0	0.0
78897.0	20.85	24.03	1.13	20.0	8.0	0.0	3600.0	0.0	0.0
78956.0	20.88	23.99	1.13	20.0	8.0	0.0	3600.0	0.0	0.0
79016.0	20.97	23.98	1.13	20.0	8.0	0.0	3600.0	0.0	0.0
79071.0	20.97	24.04	1.13	20.0	8.0	0.0	3600.0	0.0	0.0
79130.0	20.99	24.03	1.14	20.0	8.0	0.0	3600.0	0.0	0.0
79191.0	20.85	24.0	1.13	20.0	8.0	0.0	3600.0	0.0	0.0
79255.0	20.98	24.01	1.13	20.0	8.0	0.0	3600.0	0.0	0.0
79310.0	20.94	24.06	1.13	20.0	8.0	0.0	3600.0	0.0	0.0
79375.0	21.05	24.0	1.12	20.0	8.0	0.0	3600.0	0.0	0.0
79435.0	21.05	24.03	1.13	20.0	8.0	0.0	3600.0	0.0	0.0
79495.0	21.12	24.05	1.13	20.0	8.0	0.0	3600.0	0.0	0.0
79555.0	21.0	24.02	1.13	20.0	8.0	0.0	3600.0	0.0	0.0
79614.0	20.98	23.99	1.13	20.0	8.0	0.0	3600.0	0.0	0.0
79674.0	20.94	23.95	1.13	20.0	8.0	0.0	3600.0	0.0	0.0
79734.0	21.09	23.95	1.13	20.0	8.0	0.0	3600.0	0.0	0.0
79794.0	21.09	24.0	1.13	20.0	8.0	0.0	3600.0	0.0	0.0
79848.0	21.01	24.04	1.14	20.0	8.0	0.0	3600.0	0.0	0.0
79908.0	20.95	23.98	1.14	20.0	8.0	0.0	3600.0	0.0	0.0
79968.0	20.92	23.97	1.13	20.0	8.0	0.0	3600.0	0.0	0.0
80028.0	20.82	23.96	1.13	20.0	8.0	0.0	3600.0	0.0	0.0
80109.0	20.93	23.98	1.13	20.0	8.0	0.0	3600.0	0.0	0.0
80169.0	20.99	23.98	1.13	20.0	8.0	0.0	3600.0	0.0	0.0
80229.0	20.91	23.98	1.14	20.0	8.0	0.0	3600.0	0.0	0.0
80289.0	20.76	23.88	1.13	20.0	8.0	0.0	3600.0	0.0	0.0
80338.0	20.76	23.9	1.13	20.0	8.0	0.0	3600.0	0.0	0.0
80403.0	20.82	23.9	1.13	20.0	8.0	0.0	3600.0	0.0	0.0
80463.0	20.95	23.92	1.13	20.0	8.0	0.0	3600.0	0.0	0.0
80523.0	21.03	23.98	1.13	20.0	8.0	0.0	3600.0	0.0	0.0
80583.0	21.09	23.98	1.13	20.0	8.0	0.0	3600.0	0.0	0.0
80643.0	21.14	24.14	1.13	20.0	8.0	0.0	3600.0	0.0	0.0
80697.0	21.05	24.05	1.13	20.0	8.0	0.0	3600.0	0.0	0.0
80757.0	20.83	23.92	1.14	20.0	7.0	0.0	3600.0	0.0	0.0
80817.0	20.66	23.89	1.13	20.0	7.0	0.0	3600.0	0.0	0.0
80876.0	20.71	23.92	1.13	20.0	8.0	0.0	3600.0	0.0	0.0
80936.0	20.92	23.96	1.13	20.0	8.0	0.0	3600.0	0.0	0.0
80991.0	20.84	24.0	1.13	20.0	7.0	0.0	3600.0	0.0	0.0
81056.0	20.8	23.96	1.13	20.0	8.0	0.0	3600.0	0.0	0.0
81111.0	20.83	23.97	1.13	20.0	8.0	0.0	3600.0	0.0	0.0
81170.0	20.91	24.04	1.13	20.0	8.0	0.0	3600.0	0.0	0.0
81230.0	20.91	23.95	1.13	20.0	8.0	0.0	3600.0	0.0	0.0
81290.0	21.19	24.09	1.13	20.0	8.0	0.0	3600.0	0.0	0.0
81350.0	21.25	24.21	1.14	20.0	8.0	0.0	3600.0	0.0	0.0
81410.0	21.16	24.26	1.14	20.0	8.0	0.0	3600.0	0.0	0.0
81465.0	21.16	24.2	1.14	20.0	8.0	0.0	3600.0	0.0	0.0
81524.0	21.06	24.11	1.14	20.0	8.0	0.0	3600.0	0.0	0.0
81584.0	21.14	24.1	1.14	20.0	8.0	0.0	3600.0	0.0	0.0
81644.0	21.12	24.05	1.14	20.0	8.0	0.0	3600.0	0.0	0.0
81698.0	21.22	24.08	1.14	20.0	8.0	0.0	3600.0	0.0	0.0
81758.0	21.12	24.11	1.14	20.0	7.0	0.0	3600.0	0.0	0.0
81823.0	21.1	24.12	1.14	20.0	7.0	0.0	3600.0	0.0	0.0
81884.0	20.99	24.0	1.14	20.0	8.0	0.0	3600.0	0.0	0.0
81938.0	20.92	24.0	1.13	20.0	8.0	0.0	3600.0	0.0	0.0
82002.0	20.84	23.91	1.13	20.0	8.0	0.0	3600.0	0.0	0.0
82058.0	20.68	23.84	1.13	20.0	8.0	0.0	3600.0	0.0	0.0
82117.0	20.81	23.23	1.14	20.0	8.0	0.0	3600.0	0.0	0.0
82178.0	20.96	23.63	1.14	20.0	8.0	0.0	3600.0	0.0	0.0
82240.0	21.24	24.01	1.14	20.0	8.0	0.0	3600.0	0.0	0.0
82294.0	21.31	24.18	1.14	20.0	8.0	0.0	3600.0	0.0	0.0
82355.0	21.26	24.27	1.14	20.0	8.0	0.0	3600.0	0.0	0.0
82409.0	21.25	24.21	1.14	20.0	8.0	0.0	3600.0	0.0	0.0
82468.0	21.09	24.06	1.14	20.0	8.0	0.0	3600.0	0.0	0.0
82523.0	20.97	24.06	1.13	20.0	8.0	0.0	3600.0	0.0	2.0
82583.0	20.83	23.88	1.13	20.0	8.0	0.0	3600.0	0.0	2.0
82643.0	20.82	23.88	1.13	20.0	8.0	0.0	3600.0	0.0	2.0
82703.0	20.79	23.9	1.13	20.0	8.0	0.0	3600.0	0.0	2.0
82758.0	20.8	23.91	1.13	20.0	8.0	0.0	3600.0	0.0	2.0
82818.0	20.82	23.91	1.13	20.0	8.0	0.0	3600.0	0.0	2.0
82873.0	20.77	23.9	1.13	20.0	8.0	0.0	3600.0	0.0	2.0
82932.0	20.84	23.92	1.13	20.0	8.0	0.0	3600.0	0.0	2.0
82988.0	20.81	23.92	1.13	20.0	8.0	0.0	3600.0	0.0	2.0
83047.0	20.82	23.93	1.13	20.0	8.0	0.0	3600.0	0.0	0.0
83107.0	20.92	23.92	1.13	20.0	8.0	0.0	3600.0	0.0	0.0
83162.0	20.99	23.99	1.13	20.0	8.0	0.0	3600.0	0.0	0.0
83221.0	20.95	24.02	1.13	20.0	8.0	0.0	3600.0	0.0	0.0
83281.0	20.98	23.99	1.13	20.0	8.0	0.0	3600.0	0.0	0.0
83341.0	20.96	23.97	1.13	20.0	8.0	0.0	3600.0	0.0	0.0
83395.0	20.84	23.95	1.13	20.0	8.0	0.0	3600.0	0.0	0.0
83461.0	20.95	23.97	1.13	20.0	8.0	0.0	3600.0	0.0	0.0
83515.0	20.93	23.98	1.13	20.0	8.0	0.0	3600.0	0.0	0.0
83574.0	20.95	23.97	1.14	20.0	8.0	0.0	3600.0	0.0	0.0
83630.0	20.85	23.97	1.14	20.0	8.0	0.0	3600.0	0.0	0.0
83689.0	20.87	23.91	1.13	20.0	8.0	0.0	3600.0	0.0	0.0
83748.0	20.84	23.91	1.13	20.0	8.0	0.0	3600.0	0.0	0.0
83809.0	20.9	23.9	1.13	20.0	8.0	0.0	3600.0	0.0	0.0
83868.0	21.09	23.97	1.13	20.0	8.0	0.0	3600.0	0.0	0.0
83939.0	21.19	23.99	1.14	20.0	8.0	0.0	3600.0	0.0	0.0
83999.0	21.11	23.91	1.13	20.0	8.0	0.0	3600.0	0.0	0.0
84064.0	20.85	23.87	1.13	20.0	8.0	0.0	3600.0	0.0	0.0
84124.0	20.73	23.83	1.13	20.0	8.0	0.0	3600.0	0.0	0.0
84178.0	20.83	23.85	1.13	20.0	8.0	0.0	3600.0	0.0	0.0
84239.0	20.99	23.96	1.13	20.0	8.0	0.0	3600.0	0.0	0.0
84303.0	20.99	24.0	1.14	20.0	8.0	0.0	3600.0	0.0	0.0
84358.0	20.89	23.87	1.14	20.0	8.0	0.0	3600.0	0.0	0.0
84418.0	20.67	23.78	1.13	20.0	8.0	0.0	3600.0	0.0	0.0
84477.0	20.6	23.5	1.13	20.0	8.0	0.0	3600.0	0.0	0.0
84538.0	20.78	23.63	1.15	20.0	8.0	0.0	3600.0	0.0	0.0
84597.0	20.95	23.82	1.15	20.0	8.0	0.0	3600.0	0.0	0.0
84658.0	20.88	23.88	1.14	20.0	7.0	0.0	3600.0	0.0	0.0
84717.0	20.89	23.91	1.14	20.0	8.0	0.0	3600.0	0.0	0.0
84771.0	20.93	23.92	1.14	20.0	8.0	0.0	3600.0	0.0	0.0
84832.0	20.93	23.89	1.13	20.0	8.0	0.0	3600.0	0.0	0.0
84891.0	20.9	23.83	1.13	20.0	8.0	0.0	3600.0	0.0	0.0
84951.0	21.14	24.12	1.13	20.0	8.0	0.0	3600.0	0.0	0.0
85016.0	21.09	24.09	1.13	20.0	8.0	0.0	3600.0	0.0	0.0
85070.0	20.92	24.01	1.13	20.0	8.0	0.0	3600.0	0.0	0.0
85131.0	20.89	23.96	1.13	20.0	8.0	0.0	3600.0	0.0	0.0
85190.0	20.66	23.89	1.13	20.0	8.0	0.0	3600.0	0.0	0.0
85251.0	20.78	23.89	1.13	20.0	8.0	0.0	3600.0	0.0	0.0
85315.0	20.8	23.89	1.13	20.0	8.0	0.0	3600.0	0.0	0.0
85369.0	20.79	23.94	1.13	20.0	8.0	0.0	3600.0	0.0	0.0
85430.0	20.8	23.97	1.14	20.0	8.0	0.0	3600.0	0.0	0.0
85489.0	20.78	23.94	1.13	20.0	8.0	0.0	3600.0	0.0	0.0
85544.0	20.86	23.95	1.13	20.0	8.0	0.0	3600.0	0.0	0.0
85615.0	20.89	23.94	1.13	20.0	8.0	0.0	3600.0	0.0	0.0
85669.0	20.9	23.93	1.13	20.0	8.0	0.0	3600.0	0.0	0.0
85729.0	21.1	23.99	1.13	20.0	8.0	0.0	3600.0	0.0	0.0
85789.0	21.17	24.12	1.13	20.0	8.0	0.0	3600.0	0.0	0.0
85843.0	20.95	24.07	1.14	20.0	8.0	0.0	3600.0	0.0	0.0
85909.0	20.68	24.09	1.13	20.0	8.0	0.0	3600.0	0.0	0.0
85963.0	20.56	23.95	1.13	20.0	8.0	0.0	3600.0	0.0	0.0
86028.0	20.78	23.9	1.13	20.0	8.0	0.0	3600.0	0.0	0.0
86077.0	20.76	23.84	1.13	20.0	8.0	0.0	3600.0	0.0	0.0
86142.0	20.92	23.91	1.13	20.0	8.0	0.0	3600.0	0.0	0.0
86197.0	20.8	23.97	1.13	20.0	8.0	0.0	3600.0	0.0	0.0
86257.0	20.78	24.01	1.14	20.0	8.0	0.0	3600.0	0.0	0.0
86317.0	20.74	24.04	1.13	20.0	8.0	0.0	3600.0	0.0	0.0
86371.0	20.83	23.97	1.13	20.0	8.0	0.0	3600.0	0.0	0.0
86436.0	20.97	23.98	1.13	20.0	8.0	0.0	3600.0	0.0	0.0
86491.0	21.06	24.07	1.12	20.0	8.0	0.0	3600.0	0.0	0.0
86551.0	20.62	23.75	1.13	20.0	8.0	0.0	3600.0	0.0	0.0
86610.0	20.83	23.88	1.13	20.0	8.0	0.0	3600.0	0.0	0.0
86665.0	20.93	23.97	1.13	20.0	8.0	0.0	3600.0	0.0	0.0
86725.0	20.86	23.97	1.14	20.0	8.0	0.0	3600.0	0.0	0.0
86785.0	20.81	23.96	1.13	20.0	8.0	0.0	3600.0	0.0	0.0
86839.0	20.79	23.95	1.13	20.0	8.0	0.0	3600.0	0.0	0.0
86904.0	20.88	23.92	1.13	20.0	8.0	0.0	3600.0	0.0	0.0
86959.0	20.9	23.98	1.13	20.0	8.0	0.0	3600.0	0.0	0.0
87013.0	20.96	24.13	1.13	20.0	8.0	0.0	3600.0	0.0	0.0
87068.0	20.89	24.12	1.14	20.0	8.0	0.0	3600.0	0.0	0.0
87128.0	20.89	24.13	1.13	20.0	8.0	0.0	3600.0	0.0	0.0
87187.0	20.97	24.03	1.13	20.0	8.0	0.0	3600.0	0.0	0.0
87247.0	20.69	23.94	1.13	20.0	8.0	0.0	3600.0	0.0	0.0
87302.0	20.77	23.91	1.13	20.0	8.0	0.0	3600.0	0.0	0.0
87367.0	20.85	23.97	1.13	20.0	8.0	0.0	3600.0	0.0	0.0
87421.0	20.93	24.0	1.13	20.0	8.0	0.0	3600.0	0.0	0.0
87481.0	20.92	23.99	1.13	20.0	8.0	0.0	3600.0	0.0	0.0
87536.0	20.9	23.96	1.13	20.0	8.0	0.0	3600.0	0.0	0.0
87596.0	20.9	23.96	1.13	20.0	8.0	0.0	3600.0	0.0	0.0
87655.0	20.92	23.94	1.13	20.0	8.0	0.0	3600.0	0.0	0.0
87715.0	20.98	23.96	1.13	20.0	8.0	0.0	3600.0	0.0	0.0
87770.0	20.98	24.0	1.13	20.0	8.0	0.0	3600.0	0.0	0.0
87829.0	20.97	24.02	1.14	20.0	8.0	0.0	3600.0	0.0	0.0
87883.0	20.91	23.96	1.13	20.0	8.0	0.0	3600.0	0.0	0.0
87944.0	20.97	23.96	1.13	20.0	8.0	0.0	3600.0	0.0	0.0
87998.0	20.96	23.94	1.13	20.0	8.0	0.0	3600.0	0.0	0.0
88064.0	21.09	23.98	1.13	20.0	8.0	0.0	3600.0	0.0	0.0
88118.0	20.8	23.99	1.13	20.0	7.0	0.0	3600.0	0.0	0.0
88177.0	20.81	24.05	1.14	20.0	7.0	0.0	3600.0	0.0	0.0
88238.0	20.78	23.99	1.13	20.0	7.0	0.0	3600.0	0.0	0.0
88292.0	20.84	24.06	1.13	20.0	8.0	0.0	3600.0	0.0	0.0
88351.0	20.95	24.06	1.12	20.0	8.0	0.0	3600.0	0.0	0.0
88412.0	20.83	23.93	1.13	20.0	8.0	0.0	3600.0	0.0	0.0
88471.0	20.89	24.05	1.12	20.0	8.0	0.0	3600.0	0.0	0.0
88531.0	20.98	24.04	1.13	20.0	8.0	0.0	3600.0	0.0	0.0
88591.0	20.89	24.01	1.14	20.0	8.0	0.0	3600.0	0.0	0.0
88651.0	20.94	23.92	1.14	20.0	8.0	0.0	3600.0	0.0	0.0
88711.0	20.89	23.93	1.13	20.0	8.0	0.0	3600.0	0.0	0.0
88765.0	20.95	23.9	1.13	20.0	8.0	0.0	3600.0	0.0	0.0
88825.0	20.97	23.93	1.13	20.0	8.0	0.0	3600.0	0.0	0.0
88880.0	21.02	23.96	1.13	20.0	8.0	0.0	3600.0	0.0	0.0
88934.0	21.0	23.99	1.14	20.0	8.0	0.0	3600.0	0.0	0.0
88988.0	20.95	23.98	1.14	20.0	8.0	0.0	3600.0	0.0	0.0
89048.0	20.96	23.93	1.13	20.0	8.0	0.0	3600.0	0.0	0.0
89108.0	20.89	23.93	1.13	20.0	8.0	0.0	3600.0	0.0	0.0
89157.0	20.92	23.93	1.13	20.0	8.0	0.0	3600.0	0.0	0.0
89217.0	20.98	23.98	1.13	20.0	8.0	0.0	3600.0	0.0	0.0
89271.0	20.92	24.03	1.14	20.0	8.0	0.0	3600.0	0.0	0.0
89336.0	21.01	23.97	1.13	20.0	8.0	0.0	3600.0	0.0	0.0
89391.0	20.93	23.95	1.13	20.0	8.0	0.0	3600.0	0.0	0.0
89450.0	20.99	23.95	1.13	20.0	8.0	0.0	3600.0	0.0	0.0
89510.0	20.9	23.89	1.13	20.0	8.0	0.0	3600.0	0.0	0.0
89565.0	20.96	24.0	1.13	20.0	8.0	20.98	24.02	1.13	20.0
89624.0	20.96	23.94	1.13	20.0	8.0	0.0	3600.0	0.0	0.0
89684.0	21.06	24.12	1.13	20.0	8.0	0.0	3600.0	0.0	0.0
89739.0	20.82	23.29	1.14	20.0	7.0	0.0	3600.0	0.0	0.0
89804.0	20.92	23.58	1.13	20.0	8.0	0.0	3600.0	0.0	0.0
89859.0	20.72	23.64	1.13	20.0	8.0	0.0	3600.0	0.0	0.0
89918.0	20.86	23.78	1.13	20.0	8.0	0.0	3600.0	0.0	0.0
89972.0	20.91	23.89	1.13	20.0	8.0	0.0	3600.0	0.0	0.0
90033.0	21.02	23.96	1.14	20.0	8.0	0.0	3600.0	0.0	0.0
90092.0	20.92	23.91	1.13	20.0	8.0	0.0	3600.0	0.0	0.0
90146.0	20.93	23.91	1.13	20.0	8.0	0.0	3600.0	0.0	0.0
90207.0	20.89	23.84	1.13	20.0	8.0	0.0	3600.0	0.0	0.0
90272.0	20.94	23.96	1.13	20.0	8.0	0.0	3600.0	0.0	0.0
90327.0	20.99	23.98	1.13	20.0	8.0	0.0	3600.0	0.0	0.0
90386.0	20.5	23.84	1.14	20.0	8.0	0.0	3600.0	0.0	0.0
90446.0	20.7	23.91	1.14	20.0	8.0	0.0	3600.0	0.0	0.0
90501.0	20.82	23.92	1.13	20.0	8.0	0.0	3600.0	0.0	0.0
90560.0	20.88	23.93	1.13	20.0	8.0	0.0	3600.0	0.0	0.0
90615.0	20.76	23.89	1.13	20.0	8.0	0.0	3600.0	0.0	0.0
90675.0	20.65	23.84	1.13	20.0	8.0	0.0	3600.0	0.0	0.0
90729.0	20.74	24.02	1.13	20.0	8.0	0.0	3600.0	0.0	0.0
90795.0	20.82	24.02	1.13	20.0	8.0	0.0	3600.0	0.0	0.0
90849.0	20.77	23.97	1.13	20.0	8.0	0.0	3600.0	0.0	0.0
90908.0	20.8	23.96	1.13	19.99	8.0	0.0	3600.0	0.0	0.0
90963.0	20.81	23.99	1.13	20.0	8.0	0.0	3600.0	0.0	0.0
91023.0	20.88	24.05	1.13	20.0	8.0	0.0	3600.0	0.0	0.0
91088.0	20.9	24.08	1.12	20.0	8.0	0.0	3600.0	0.0	0.0
91143.0	20.93	24.0	1.13	20.0	8.0	0.0	3600.0	0.0	0.0
91203.0	20.85	23.89	1.13	20.0	8.0	0.0	3600.0	0.0	0.0
91257.0	21.02	23.97	1.13	20.0	8.0	0.0	3600.0	0.0	0.0
91322.0	20.89	23.95	1.13	20.0	8.0	0.0	3600.0	0.0	0.0
91382.0	20.85	23.91	1.13	20.0	8.0	0.0	3600.0	0.0	0.0
91437.0	20.79	23.89	1.13	20.0	8.0	0.0	3600.0	0.0	0.0
91507.0	20.79	23.89	1.13	20.0	8.0	0.0	3600.0	0.0	0.0
91561.0	20.8	23.85	1.13	20.0	8.0	0.0	3600.0	0.0	0.0
91622.0	20.92	23.93	1.13	20.0	8.0	0.0	3600.0	0.0	0.0
91676.0	20.99	23.96	1.13	20.0	8.0	0.0	3600.0	0.0	0.0
91736.0	20.89	23.91	1.14	20.0	8.0	0.0	3600.0	0.0	0.0
91796.0	20.99	24.02	1.13	20.0	8.0	0.0	3600.0	0.0	0.0
91855.0	20.35	23.76	1.13	20.0	8.0	0.0	3600.0	0.0	0.0
91916.0	20.58	23.84	1.13	20.0	8.0	0.0	3600.0	0.0	0.0
91970.0	20.81	23.89	1.13	20.0	8.0	0.0	3600.0	0.0	0.0
92029.0	20.93	23.95	1.13	20.0	8.0	0.0	3600.0	0.0	0.0
92090.0	20.81	23.93	1.13	20.0	8.0	0.0	3600.0	0.0	0.0
92144.0	20.88	23.93	1.14	20.0	8.0	NaN	20.87	23.94	1.14
92210.0	20.67	23.89	1.13	20.0	8.0	0.0	3600.0	0.0	0.0
92264.0	20.79	23.86	1.13	20.0	8.0	0.0	3600.0	0.0	0.0
92323.0	20.8	23.86	1.13	20.0	8.0	0.0	36000.0	8.0	0.0
92389.0	20.8	23.84	1.13	20.0	8.0	0.0	3600.0	0.0	0.0
92449.0	20.88	23.94	1.13	20.0	8.0	0.0	3600.0	0.0	0.0
92509.0	20.92	24.0	1.14	20.0	8.0	0.0	3600.0	0.0	0.0
92563.0	20.91	24.0	1.14	20.0	8.0	0.0	3600.0	0.0	0.0
92623.0	20.81	23.95	1.13	20.0	8.0	0.0	3600.0	0.0	0.0
92683.0	20.79	23.94	1.13	20.0	8.0	0.0	3600.0	0.0	0.0
92737.0	20.84	23.93	1.13	20.0	8.0	0.0	3600.0	0.0	0.0
92797.0	20.9	23.98	1.13	20.0	8.0	0.0	3600.0	0.0	0.0
92857.0	20.78	23.98	1.13	20.0	8.0	0.0	3600.0	0.0	0.0
92916.0	20.79	24.0	1.14	20.0	8.0	0.0	3600.0	0.0	0.0
92972.0	20.82	23.91	1.13	20.0	8.0	0.0	3600.0	0.0	0.0
93026.0	20.75	23.95	NaN	23.92	1.13	20.0	8.0	0.0	3600.0
93091.0	20.81	23.86	1.13	20.0	8.0	0.0	3600.0	0.0	0.0
93146.0	20.84	23.92	1.13	20.0	8.0	0.0	3600.0	0.0	0.0
93205.0	20.88	23.93	1.13	20.0	8.0	0.0	3600.0	0.0	0.0
93265.0	20.92	23.92	1.13	20.0	8.0	0.0	3600.0	0.0	0.0
93325.0	21.05	24.0	1.13	20.0	8.0	0.0	3600.0	0.0	0.0
93379.0	21.03	24.01	1.13	20.0	8.0	0.0	3600.0	0.0	0.0
93440.0	20.87	24.02	1.15	20.0	7.0	0.0	3600.0	0.0	0.0
93499.0	20.8	23.96	1.14	20.0	8.0	0.0	3600.0	0.0	0.0
93559.0	20.83	23.95	1.14	20.0	8.0	0.0	3600.0	0.0	0.0
93614.0	20.78	23.89	1.13	20.0	7.0	0.0	3600.0	0.0	0.0
93673.0	20.89	23.89	1.13	20.0	7.0	0.0	3600.0	0.0	0.0
93739.0	20.95	23.99	1.14	20.0	8.0	0.0	3600.0	0.0	0.0
93793.0	20.87	23.94	1.14	20.0	8.0	0.0	3600.0	0.0	0.0
93853.0	20.85	23.89	1.14	20.0	8.0	0.0	3600.0	0.0	0.0
93913.0	20.73	23.85	1.13	20.0	8.0	0.0	3600.0	0.0	0.0
93973.0	20.86	23.89	1.13	20.0	8.0	0.0	3600.0	0.0	0.0
94032.0	20.95	23.8	1.13	20.0	8.0	0.0	3600.0	0.0	0.0
94093.0	20.97	23.86	1.13	20.0	8.0	0.0	3600.0	0.0	0.0
94152.0	20.99	23.96	1.14	20.0	8.0	0.0	3600.0	0.0	0.0
94212.0	20.93	23.95	1.14	20.0	8.0	0.0	3600.0	0.0	0.0
94267.0	20.89	23.96	1.13	19.99	8.0	0.0	3600.0	0.0	0.0
94326.0	20.84	23.93	1.13	19.99	8.0	0.0	3600.0	0.0	0.0
94381.0	20.85	23.95	1.13	20.0	8.0	0.0	3600.0	0.0	0.0
94446.0	20.91	23.94	1.13	20.0	8.0	0.0	3600.0	0.0	0.0
94500.0	20.92	23.91	1.13	20.0	8.0	0.0	3600.0	0.0	0.0
94561.0	20.97	23.95	1.13	20.0	8.0	0.0	3600.0	0.0	0.0
94615.0	21.14	24.01	1.13	20.0	8.0	0.0	3600.0	0.0	0.0
94681.0	21.06	24.0	1.14	20.0	8.0	0.0	3600.0	0.0	0.0
94729.0	20.95	23.96	1.14	20.0	8.0	0.0	3600.0	0.0	0.0
94794.0	20.91	23.95	1.13	20.0	8.0	0.0	3600.0	0.0	0.0
94849.0	20.85	23.94	1.13	20.0	8.0	0.0	3600.0	0.0	0.0
94909.0	20.91	23.94	1.13	20.0	8.0	0.0	3600.0	0.0	0.0
94963.0	21.0	23.96	1.13	20.0	8.0	0.0	3600.0	0.0	0.0
95024.0	20.97	23.99	1.13	20.0	8.0	0.0	3600.0	0.0	0.0
95083.0	20.98	24.0	1.14	20.0	8.0	0.0	3600.0	0.0	0.0
95142.0	20.95	23.97	1.13	20.0	8.0	0.0	3600.0	0.0	0.0
95198.0	20.96	23.95	1.13	20.0	8.0	0.0	3600.0	0.0	0.0
95257.0	20.93	23.93	1.13	20.0	8.0	0.0	3600.0	0.0	0.0
95311.0	20.89	23.88	1.13	20.0	8.0	0.0	3600.0	0.0	0.0
95377.0	21.04	23.9	1.13	20.0	8.0	0.0	3600.0	0.0	0.0
95431.0	21.06	24.01	1.13	20.0	8.0	0.0	3600.0	0.0	0.0
95492.0	21.04	24.04	1.13	20.0	8.0	0.0	3600.0	0.0	0.0
95551.0	20.71	23.84	1.13	20.0	8.0	0.0	3600.0	0.0	0.0
95610.0	20.89	24.01	1.13	20.0	8.0	0.0	3600.0	0.0	0.0
95671.0	20.74	23.74	1.14	20.0	8.0	0.0	3600.0	0.0	0.0
95725.0	20.76	23.82	1.14	20.0	8.0	0.0	3600.0	0.0	0.0
95785.0	20.9	23.83	1.13	20.0	8.0	0.0	3600.0	0.0	0.0
95845.0	20.88	23.88	1.13	20.0	8.0	0.0	3600.0	0.0	0.0
95905.0	20.97	23.96	1.14	20.0	8.0	0.0	3600.0	0.0	0.0
95965.0	20.82	23.91	1.14	20.0	8.0	0.0	3600.0	0.0	0.0
96025.0	20.84	23.95	1.14	20.0	8.0	0.0	3600.0	0.0	0.0
96082.0	20.97	24.05	1.14	19.99	8.0	0.0	3600.0	0.0	0.0
96142.0	21.05	24.18	1.14	20.0	8.0	0.0	3600.0	0.0	0.0
96202.0	21.02	24.15	1.14	20.0	8.0	0.0	3600.0	0.0	0.0
96262.0	21.01	24.13	1.14	20.0	8.0	0.0	3600.0	0.0	0.0
96321.0	21.06	24.12	1.13	20.0	8.0	0.0	3600.0	0.0	0.0
96381.0	21.11	24.07	1.13	20.0	8.0	0.0	3600.0	0.0	0.0
96441.0	21.01	24.01	1.14	20.0	8.0	0.0	3600.0	0.0	0.0
96495.0	20.89	23.97	1.13	20.0	8.0	0.0	3600.0	0.0	0.0
96556.0	20.9	23.94	1.13	20.0	8.0	0.0	3600.0	0.0	2.0
96616.0	20.76	23.91	1.13	20.0	8.0	0.0	3600.0	0.0	2.0
96675.0	20.68	23.9	1.13	20.0	8.0	0.0	3600.0	0.0	2.0
96736.0	20.71	23.89	1.13	20.0	8.0	0.0	3600.0	0.0	2.0
96796.0	20.72	23.86	1.13	20.0	8.0	0.0	3600.0	0.0	2.0
96856.0	20.73	23.89	1.13	20.0	8.0	0.0	3600.0	0.0	2.0
96916.0	20.71	23.85	1.14	20.0	8.0	0.0	3600.0	0.0	2.0
96976.0	20.77	23.87	1.14	20.0	8.0	0.0	3600.0	0.0	2.0
97031.0	20.79	23.91	1.14	20.0	8.0	0.0	3600.0	0.0	0.0
97096.0	20.9	23.92	1.13	20.0	8.0	0.0	3600.0	0.0	0.0
97156.0	20.72	23.86	1.13	20.0	8.0	0.0	3600.0	0.0	0.0
97216.0	20.82	23.87	1.13	20.0	8.0	0.0	3600.0	0.0	0.0
97275.0	20.92	23.92	1.13	20.0	8.0	0.0	3600.0	0.0	0.0
97336.0	20.97	23.98	1.13	20.0	8.0	0.0	3600.0	0.0	0.0
97395.0	21.06	24.01	1.14	20.0	8.0	0.0	3600.0	0.0	0.0
97455.0	20.97	23.97	1.13	20.0	8.0	0.0	3600.0	0.0	0.0
97510.0	20.9	23.97	1.13	20.0	8.0	0.0	3600.0	0.0	0.0
97569.0	20.93	23.94	1.13	20.0	8.0	0.0	3600.0	0.0	0.0
97629.0	21.03	23.98	1.13	20.0	8.0	0.0	3600.0	0.0	0.0
97683.0	21.07	24.01	1.13	20.0	8.0	0.0	3600.0	0.0	0.0
97743.0	20.92	23.97	1.14	20.0	8.0	0.0	3600.0	0.0	0.0
97809.0	20.89	23.94	1.13	20.0	8.0	0.0	3600.0	0.0	0.0
97868.0	20.82	23.93	1.13	20.0	8.0	0.0	3600.0	0.0	0.0
97929.0	20.8	23.93	1.13	20.0	8.0	0.0	3600.0	0.0	0.0
97983.0	20.9	23.95	1.13	20.0	8.0	0.0	3600.0	0.0	0.0
98042.0	21.0	24.02	1.13	20.0	8.0	0.0	3600.0	0.0	0.0
98097.0	20.92	24.01	1.14	20.0	8.0	0.0	3600.0	0.0	0.0
98157.0	20.93	23.98	1.14	20.0	8.0	0.0	3600.0	0.0	0.0
98211.0	20.91	23.96	1.13	20.0	8.0	0.0	3600.0	0.0	0.0
98277.0	20.93	23.95	1.13	20.0	8.0	0.0	3600.0	0.0	0.0
98331.0	20.91	23.95	1.13	20.0	8.0	0.0	3600.0	0.0	0.0
98391.0	21.04	24.02	1.13	20.0	8.0	0.0	3600.0	0.0	0.0
98445.0	21.05	24.03	1.14	20.0	8.0	0.0	3600.0	0.0	0.0
98505.0	21.01	24.01	1.14	20.0	8.0	0.0	3600.0	0.0	0.0
98565.0	20.85	23.96	1.13	20.0	8.0	0.0	3600.0	0.0	0.0
98625.0	20.91	23.95	1.13	20.0	8.0	0.0	3600.0	0.0	0.0
98690.0	21.0	23.94	1.13	20.0	8.0	0.0	3600.0	0.0	0.0
98744.0	21.07	23.99	1.13	20.0	8.0	0.0	3600.0	0.0	0.0
98804.0	21.05	24.04	1.14	20.0	8.0	0.0	3600.0	0.0	0.0
98864.0	20.92	23.96	1.13	20.0	8.0	0.0	3600.0	0.0	0.0
98918.0	20.81	23.91	1.13	20.0	8.0	0.0	3600.0	0.0	0.0
98978.0	20.9	23.87	1.13	20.0	8.0	0.0	3600.0	0.0	0.0
99038.0	20.94	23.85	1.13	20.0	8.0	0.0	3600.0	0.0	0.0
99103.0	20.96	23.91	1.13	20.0	8.0	0.0	3600.0	0.0	0.0
99158.0	21.0	23.94	1.13	20.0	8.0	0.0	3600.0	0.0	0.0
99218.0	20.96	23.97	1.13	20.0	8.0	0.0	3600.0	0.0	0.0
99277.0	20.91	23.94	1.13	20.0	8.0	0.0	3600.0	0.0	0.0
99332.0	20.98	23.95	1.13	20.0	8.0	0.0	3600.0	0.0	0.0
99392.0	20.93	23.93	1.13	20.0	8.0	0.0	3600.0	0.0	0.0
99446.0	20.9	23.97	1.13	20.0	8.0	0.0	3600.0	0.0	0.0
99506.0	20.95	23.98	1.13	20.0	8.0	0.0	3600.0	0.0	0.0
99566.0	20.98	24.03	1.13	20.0	8.0	0.0	3600.0	0.0	0.0
99620.0	21.01	24.02	1.14	20.0	8.0	0.0	3600.0	0.0	0.0
99680.0	20.94	23.97	1.13	20.0	8.0	0.0	3600.0	0.0	0.0
99734.0	21.01	23.95	1.13	20.0	8.0	0.0	3600.0	0.0	0.0
99794.0	21.07	23.95	1.13	20.0	8.0	0.0	3600.0	0.0	0.0
99854.0	21.18	24.1	1.13	20.0	8.0	0.0	3600.0	0.0	0.0
99914.0	21.04	24.07	1.13	20.0	8.0	0.0	3600.0	0.0	0.0
99974.0	21.07	24.1	1.13	20.0	8.0	0.0	3600.0	0.0	0.0
100028.0	20.99	24.03	1.13	20.0	8.0	0.0	3600.0	0.0	0.0
100094.0	20.94	24.05	1.13	20.0	8.0	0.0	3600.0	0.0	0.0
100149.0	20.88	24.0	1.13	20.0	8.0	0.0	3600.0	0.0	0.0
100209.0	20.88	23.96	1.13	20.0	8.0	0.0	3600.0	0.0	0.0
100270.0	20.79	24.02	1.13	20.0	8.0	0.0	3600.0	0.0	0.0
100325.0	20.94	24.03	1.13	20.0	8.0	0.0	3600.0	0.0	0.0
100388.0	21.22	24.13	1.13	20.0	8.0	0.0	3600.0	0.0	0.0
100444.0	21.17	24.28	1.14	20.0	8.0	0.0	3600.0	0.0	0.0
100504.0	21.25	24.37	1.14	20.0	8.0	0.0	3600.0	0.0	0.0
100564.0	21.26	24.26	1.14	20.0	8.0	0.0	3600.0	0.0	2.0
100625.0	20.98	24.27	1.14	20.0	8.0	0.0	3600.0	0.0	2.0
100680.0	20.9	24.11	1.13	20.0	7.0	0.0	3600.0	0.0	2.0
100741.0	20.78	23.85	1.14	20.0	8.0	0.0	3600.0	0.0	2.0
100796.0	20.95	24.07	1.14	20.0	8.0	0.0	3600.0	0.0	2.0
100851.0	20.87	24.03	1.13	20.0	8.0	0.0	3600.0	0.0	2.0
100918.0	20.98	24.01	1.14	20.0	8.0	0.0	3600.0	0.0	2.0
100978.0	20.9	23.86	1.13	20.0	8.0	0.0	3600.0	0.0	2.0
101027.0	20.93	NaN	20.92	23.91	1.13	20.0	8.0	0.0	3600.0
101094.0	20.98	23.96	1.13	20.0	8.0	0.0	3600.0	0.0	0.0
101154.0	20.96	23.95	1.13	20.0	8.0	0.0	3600.0	0.0	0.0
101209.0	20.83	23.94	1.13	20.0	8.0	0.0	3600.0	0.0	0.0
101269.0	21.03	24.0	1.14	20.0	8.0	0.0	3600.0	0.0	0.0
101324.0	20.95	23.95	1.13	20.0	8.0	0.0	3600.0	0.0	0.0
101380.0	20.89	23.96	1.13	20.0	8.0	0.0	3600.0	0.0	0.0
101445.0	20.93	23.99	1.13	20.0	8.0	0.0	3600.0	0.0	0.0
101500.0	21.05	24.01	1.14	20.0	8.0	0.0	3600.0	0.0	0.0
101555.0	21.03	24.01	1.13	20.0	8.0	0.0	3600.0	0.0	0.0
101621.0	20.99	23.98	1.13	20.0	8.0	0.0	3600.0	0.0	0.0
101676.0	20.92	23.97	1.13	20.0	8.0	0.0	3600.0	0.0	0.0
101737.0	20.97	24.01	1.13	20.0	8.0	0.0	3600.0	0.0	0.0
101797.0	20.98	23.98	1.13	20.0	8.0	0.0	3600.0	0.0	0.0
101852.0	20.92	23.96	1.13	20.0	8.0	0.0	3600.0	0.0	0.0
101912.0	20.72	23.9	1.14	20.0	8.0	0.0	3600.0	0.0	0.0
101972.0	20.97	24.01	1.13	20.0	8.0	0.0	3600.0	0.0	0.0
102033.0	20.81	23.88	1.13	20.0	8.0	0.0	3600.0	0.0	0.0
102088.0	20.92	23.92	1.13	20.0	8.0	0.0	3600.0	0.0	0.0
102154.0	21.11	23.71	1.13	20.0	8.0	0.0	3600.0	0.0	0.0
102209.0	20.99	23.79	1.13	20.0	8.0	0.0	3600.0	0.0	0.0
102264.0	20.94	23.82	1.13	20.0	8.0	0.0	3600.0	0.0	0.0
102325.0	20.96	23.93	1.13	20.0	8.0	0.0	3600.0	0.0	0.0
102385.0	20.87	23.91	1.14	20.0	8.0	0.0	3600.0	0.0	0.0
102446.0	20.82	23.92	1.14	20.0	8.0	0.0	3600.0	0.0	0.0
102506.0	20.95	23.99	1.14	20.0	8.0	0.0	3600.0	0.0	0.0
102561.0	20.92	23.97	1.14	20.0	8.0	0.0	3600.0	0.0	0.0
102616.0	21.01	23.97	1.13	20.0	8.0	0.0	3600.0	0.0	0.0
102682.0	21.04	23.98	1.14	20.0	8.0	0.0	3600.0	0.0	0.0
102736.0	21.06	24.01	1.14	20.0	8.0	0.0	3600.0	0.0	0.0
102797.0	21.08	24.01	1.14	20.0	8.0	0.0	3600.0	0.0	0.0
102857.0	21.0	23.97	1.13	20.0	8.0	0.0	3600.0	0.0	0.0
102918.0	20.97	23.94	1.13	20.0	8.0	0.0	3600.0	0.0	0.0
102978.0	20.95	23.94	1.14	20.0	8.0	0.0	3600.0	0.0	0.0
103033.0	20.98	23.93	1.13	20.0	8.0	0.0	3600.0	0.0	0.0
103099.0	20.9	23.9	1.13	20.0	8.0	0.0	3600.0	0.0	0.0
103159.0	20.74	23.91	1.13	20.0	8.0	0.0	3600.0	0.0	0.0
103215.0	20.85	23.9	1.13	20.0	8.0	0.0	3600.0	0.0	0.0
103275.0	20.88	23.92	1.13	20.0	8.0	0.0	3600.0	0.0	0.0
103335.0	20.84	23.88	1.13	20.0	8.0	0.0	3600.0	0.0	0.0
103396.0	20.74	23.61	1.13	20.0	7.0	0.0	3600.0	0.0	0.0
103456.0	21.02	23.92	1.13	20.0	8.0	0.0	3600.0	0.0	0.0
103517.0	21.02	23.9	1.13	20.0	8.0	0.0	3600.0	0.0	0.0
103572.0	20.76	23.85	1.13	20.0	8.0	0.0	3600.0	0.0	0.0
103632.0	20.94	23.97	1.13	20.0	8.0	0.0	3600.0	0.0	0.0
103693.0	20.98	23.98	1.13	20.0	8.0	0.0	3600.0	0.0	0.0
103758.0	20.91	23.96	1.13	20.0	8.0	0.0	3600.0	0.0	0.0
103814.0	20.94	23.98	1.13	20.0	8.0	0.0	3600.0	0.0	0.0
103874.0	21.08	23.99	1.13	20.0	8.0	0.0	3600.0	0.0	0.0
103934.0	21.03	23.98	1.13	20.0	8.0	0.0	3600.0	0.0	0.0
103995.0	20.96	23.95	1.13	20.0	8.0	0.0	3600.0	0.0	0.0
104055.0	20.81	23.92	1.13	20.0	7.0	0.0	3600.0	0.0	0.0
104111.0	20.9	23.93	1.13	20.0	8.0	0.0	3600.0	0.0	0.0
104171.0	20.92	23.99	1.13	20.0	8.0	0.0	3600.0	0.0	0.0
104231.0	20.95	23.97	1.13	20.0	8.0	0.0	3600.0	0.0	0.0
104292.0	20.93	23.96	1.13	20.0	8.0	0.0	3600.0	0.0	0.0
104341.0	20.93	23.95	1.13	20.0	8.0	0.0	3600.0	0.0	0.0
104408.0	20.8	23.75	1.14	20.0	8.0	0.0	3600.0	0.0	0.0
104468.0	20.92	24.02	1.13	20.0	8.0	0.0	3600.0	0.0	0.0
104522.0	21.02	24.01	1.13	20.0	8.0	0.0	3600.0	0.0	0.0
104583.0	21.07	23.98	1.13	20.0	8.0	0.0	3600.0	0.0	0.0
104643.0	20.98	23.97	1.13	20.0	8.0	0.0	3600.0	0.0	0.0
104704.0	21.0	23.98	1.14	20.0	8.0	0.0	3600.0	0.0	0.0
104759.0	21.03	24.01	1.13	20.0	8.0	0.0	3600.0	0.0	0.0
104819.0	21.0	23.98	1.13	20.0	8.0	0.0	3600.0	0.0	0.0
104880.0	20.92	23.93	1.13	20.0	8.0	0.0	3600.0	0.0	0.0
104940.0	20.89	23.97	1.14	20.0	8.0	0.0	3600.0	0.0	0.0
105000.0	21.06	23.66	1.13	20.0	8.0	0.0	3600.0	0.0	0.0
105061.0	20.99	23.69	1.13	20.0	8.0	0.0	3600.0	0.0	0.0
105126.0	20.79	23.74	1.13	20.0	8.0	0.0	3600.0	0.0	0.0
105187.0	20.91	23.87	1.13	20.0	8.0	0.0	3600.0	0.0	0.0
105242.0	20.94	23.9	1.13	20.0	8.0	0.0	3600.0	0.0	0.0
105303.0	20.93	23.92	1.13	20.0	8.0	0.0	3600.0	0.0	0.0
105363.0	20.99	23.96	1.13	20.0	8.0	0.0	3600.0	0.0	0.0
105418.0	21.05	23.99	1.13	20.0	8.0	0.0	3600.0	0.0	0.0
105479.0	20.94	23.97	1.13	20.0	8.0	0.0	3600.0	0.0	0.0
105539.0	20.8	23.81	1.13	20.0	8.0	0.0	3600.0	0.0	0.0
105593.0	20.92	23.98	1.13	20.0	8.0	0.0	3600.0	0.0	0.0
105654.0	20.88	23.95	1.13	20.0	8.0	0.0	3600.0	0.0	0.0
105720.0	20.99	23.93	1.13	20.0	8.0	0.0	3600.0	0.0	0.0
105775.0	20.93	23.95	1.13	20.0	8.0	0.0	3600.0	0.0	0.0
105836.0	21.02	23.99	1.13	20.0	8.0	0.0	3600.0	0.0	0.0
105895.0	21.01	23.98	1.13	20.0	8.0	0.0	3600.0	0.0	0.0
105951.0	20.99	23.95	1.13	20.0	8.0	0.0	3600.0	0.0	0.0
106014.0	21.17	24.14	1.14	20.0	8.0	0.0	3600.0	0.0	2.0
106064.0	21.18	24.16	1.15	20.0	8.0	0.0	3600.0	0.0	2.0
106130.0	21.16	24.33	1.14	20.0	8.0	0.0	3600.0	0.0	2.0
106191.0	21.23	24.25	1.14	20.0	8.0	0.0	3600.0	0.0	2.0
106246.0	21.16	24.21	1.14	20.0	8.0	0.0	3600.0	0.0	2.0
106307.0	21.04	24.15	1.14	20.0	7.0	0.0	3600.0	0.0	2.0
106368.0	21.05	24.09	1.14	20.0	8.0	0.0	3600.0	0.0	2.0
106428.0	20.96	23.94	1.14	20.0	8.0	0.0	3600.0	0.0	2.0
106488.0	20.85	23.87	1.13	20.0	8.0	0.0	3600.0	0.0	2.0
106549.0	20.96	23.91	1.13	20.0	8.0	0.0	3600.0	0.0	0.0
106604.0	21.01	23.96	1.13	20.0	8.0	0.0	3600.0	0.0	0.0
106664.0	20.99	23.94	1.13	20.0	8.0	0.0	3600.0	0.0	0.0
106720.0	20.94	23.95	1.13	20.0	8.0	0.0	3600.0	0.0	0.0
106780.0	20.95	24.0	1.14	20.0	8.0	0.0	3600.0	0.0	0.0
106841.0	21.06	24.06	1.13	20.0	8.0	0.0	3600.0	0.0	0.0
106901.0	20.97	24.04	1.13	20.0	8.0	0.0	3600.0	0.0	0.0
106961.0	20.94	24.04	1.13	20.0	8.0	0.0	3600.0	0.0	0.0
107017.0	20.83	23.98	1.13	20.0	7.0	0.0	3600.0	0.0	0.0
107077.0	20.83	23.97	1.13	20.0	8.0	0.0	3600.0	0.0	0.0
107138.0	20.76	23.86	1.13	20.0	8.0	0.0	3600.0	0.0	0.0
107192.0	20.86	23.94	1.13	20.0	8.0	0.0	3600.0	0.0	0.0
107247.0	20.95	23.96	1.13	20.0	8.0	0.0	3600.0	0.0	0.0
107308.0	20.91	23.94	1.13	20.0	8.0	0.0	3600.0	0.0	0.0
107363.0	20.89	23.96	1.13	20.0	8.0	0.0	3600.0	0.0	0.0
107423.0	20.98	24.01	1.13	20.0	8.0	0.0	3600.0	0.0	0.0
107489.0	21.01	23.98	1.13	20.0	8.0	0.0	3600.0	0.0	0.0
107549.0	20.96	23.95	1.13	20.0	8.0	0.0	3600.0	0.0	0.0
107610.0	20.94	23.98	1.13	20.0	8.0	0.0	3600.0	0.0	0.0
107665.0	21.04	23.95	1.13	20.0	8.0	0.0	3600.0	0.0	0.0
107725.0	21.02	23.93	1.13	20.0	8.0	0.0	3600.0	0.0	0.0
107786.0	21.0	23.94	1.13	20.0	8.0	0.0	3600.0	0.0	0.0
107846.0	21.05	24.0	1.13	20.0	8.0	0.0	3600.0	0.0	0.0
107900.0	21.07	24.0	1.13	20.0	8.0	0.0	3600.0	0.0	0.0
107956.0	21.07	23.98	1.13	20.0	8.0	0.0	3600.0	0.0	0.0
108016.0	20.96	23.93	1.13	20.0	8.0	0.0	3600.0	0.0	0.0
108077.0	20.77	23.9	1.13	20.0	7.0	0.0	3600.0	0.0	0.0
108132.0	21.08	24.09	1.13	20.0	8.0	0.0	3600.0	0.0	0.0
108186.0	21.0	23.97	1.13	20.0	8.0	0.0	3600.0	0.0	0.0
108247.0	20.77	23.9	1.13	20.0	8.0	0.0	3600.0	0.0	0.0
108307.0	20.92	23.97	1.13	20.0	8.0	0.0	3600.0	0.0	0.0
108362.0	20.91	23.95	1.13	20.0	8.0	0.0	3600.0	0.0	0.0
108423.0	20.97	23.95	1.13	20.0	8.0	0.0	3600.0	0.0	0.0
108472.0	21.03	23.97	1.13	20.0	8.0	0.0	3600.0	0.0	0.0
108538.0	21.14	24.0	1.13	20.0	8.0	0.0	3600.0	0.0	0.0
108594.0	20.92	23.91	1.13	20.0	8.0	0.0	3600.0	0.0	0.0
108654.0	20.98	23.9	1.13	20.0	8.0	0.0	3600.0	0.0	0.0
108715.0	21.02	23.98	1.13	20.0	8.0	0.0	3600.0	0.0	0.0
108769.0	21.04	23.93	1.13	20.0	8.0	0.0	3600.0	0.0	0.0
108829.0	20.9	23.87	1.13	20.0	8.0	0.0	3600.0	0.0	0.0
108884.0	20.78	23.85	1.14	20.0	8.0	0.0	3600.0	0.0	0.0
108945.0	20.98	24.03	1.14	20.0	8.0	0.0	3600.0	0.0	0.0
108999.0	21.1	24.0	1.14	20.0	8.0	0.0	3600.0	0.0	0.0
109066.0	20.99	23.92	1.13	20.0	8.0	0.0	3600.0	0.0	0.0
109126.0	20.93	23.88	1.13	20.0	8.0	0.0	3600.0	0.0	0.0
109181.0	20.97	23.97	1.13	20.0	8.0	0.0	3600.0	0.0	0.0
109242.0	20.98	23.94	1.13	20.0	8.0	0.0	3600.0	0.0	0.0
109296.0	20.97	23.93	1.13	20.0	8.0	0.0	3600.0	0.0	0.0
109357.0	21.05	24.0	1.13	20.0	8.0	0.0	3600.0	0.0	0.0
109417.0	21.06	24.03	1.14	20.0	8.0	0.0	3600.0	0.0	0.0
109477.0	20.96	23.97	1.13	20.0	8.0	0.0	3600.0	0.0	0.0
109533.0	21.11	23.97	1.13	20.0	8.0	0.0	3600.0	0.0	0.0
109593.0	21.0	23.96	1.13	20.0	8.0	0.0	3600.0	0.0	0.0
109654.0	21.0	23.97	1.14	20.0	7.0	0.0	3600.0	0.0	0.0
109714.0	21.05	23.95	1.13	20.0	7.0	0.0	3600.0	0.0	0.0
109774.0	21.02	23.95	1.13	20.0	7.0	0.0	3600.0	0.0	0.0
109829.0	20.9	23.88	1.13	20.0	7.0	0.0	3600.0	0.0	0.0
109884.0	20.95	23.96	1.14	20.0	7.0	0.0	3600.0	0.0	0.0
109949.0	20.97	23.91	1.13	20.0	6.0	0.0	3600.0	0.0	0.0
110005.0	20.92	23.92	1.13	20.0	6.0	0.0	3600.0	0.0	0.0
110065.0	20.95	23.97	1.14	20.0	6.0	0.0	3600.0	0.0	0.0
110126.0	20.98	23.99	1.13	20.0	6.0	0.0	3600.0	0.0	0.0
110181.0	21.02	23.96	1.13	20.0	6.0	0.0	3600.0	0.0	0.0
110241.0	20.98	23.96	1.13	20.0	6.0	0.0	3600.0	0.0	0.0
110296.0	20.95	24.01	1.14	20.0	6.0	0.0	3600.0	0.0	0.0
110357.0	20.94	23.94	1.13	20.0	6.0	0.0	3600.0	0.0	0.0
110417.0	20.91	23.95	1.13	20.0	7.0	0.0	3600.0	0.0	0.0
110478.0	20.72	23.9	1.13	20.0	7.0	0.0	3600.0	0.0	0.0
110538.0	20.91	24.05	1.13	20.0	9.0	0.0	3600.0	0.0	0.0
110587.0	21.01	24.05	1.13	20.0	9.0	0.0	320.0	9.0	0.0
110653.0	20.72	23.86	1.13	20.0	9.0	0.0	3600.0	0.0	0.0
110713.0	20.67	23.85	1.13	20.0	10.0	0.0	3600.0	0.0	0.0
110775.0	20.75	23.91	1.13	20.0	10.0	0.0	3600.0	0.0	0.0
110830.0	20.73	23.87	1.13	20.0	10.0	0.0	3600.0	0.0	0.0
110892.0	20.76	23.84	1.13	20.0	10.0	0.0	3600.0	0.0	0.0
110953.0	20.82	23.91	1.13	20.0	10.0	0.0	3600.0	0.0	0.0
111008.0	20.68	23.79	1.13	20.0	10.0	0.0	3600.0	0.0	0.0
111070.0	20.92	23.93	1.13	20.0	10.0	0.0	3600.0	0.0	0.0
111125.0	20.9	23.91	1.13	20.0	10.0	0.0	3600.0	0.0	0.0
111185.0	20.99	23.93	1.13	20.0	10.0	0.0	3600.0	0.0	0.0
111247.0	21.21	24.05	1.12	20.0	10.0	0.0	3600.0	0.0	0.0
111302.0	21.04	23.98	1.13	20.0	10.0	0.0	3600.0	0.0	0.0
111364.0	21.15	23.97	1.13	20.0	11.0	0.0	3600.0	0.0	0.0
111425.0	20.82	23.69	1.13	20.0	10.0	0.0	3600.0	0.0	0.0
111485.0	20.84	23.75	1.13	20.0	11.0	0.0	3600.0	0.0	0.0
111541.0	20.89	23.86	1.12	20.0	11.0	0.0	3600.0	0.0	0.0
111602.0	20.76	23.85	1.13	20.0	10.0	0.0	3600.0	0.0	0.0
111657.0	20.78	23.9	1.13	20.0	10.0	0.0	3600.0	0.0	0.0
111719.0	20.77	23.88	1.13	20.0	11.0	0.0	3600.0	0.0	0.0
111780.0	20.61	23.9	1.13	20.0	11.0	0.0	3600.0	0.0	0.0
111836.0	20.68	24.02	1.12	20.0	11.0	0.0	3600.0	0.0	0.0
111897.0	20.5	23.57	1.13	20.0	10.0	0.0	3600.0	0.0	0.0
111952.0	20.68	23.79	1.13	20.0	11.0	0.0	3600.0	0.0	0.0
112014.0	20.58	23.7	1.13	20.0	10.0	0.0	3600.0	0.0	0.0
112074.0	20.6	23.73	1.13	20.0	11.0	0.0	3600.0	0.0	0.0
112136.0	20.66	23.88	1.13	20.0	11.0	0.0	3600.0	0.0	0.0
112191.0	20.74	23.79	1.13	20.0	11.0	0.0	3600.0	0.0	0.0
112258.0	20.66	23.77	1.13	20.0	10.0	0.0	3600.0	0.0	0.0
112314.0	20.69	23.83	1.13	20.0	11.0	0.0	3600.0	0.0	0.0
112369.0	20.74	23.78	1.13	20.0	11.0	0.0	3600.0	0.0	0.0
112431.0	20.66	23.73	1.13	20.0	11.0	0.0	3600.0	0.0	0.0
112486.0	20.75	23.76	1.13	20.0	11.0	0.0	3600.0	0.0	0.0
112547.0	20.8	23.88	1.13	20.0	11.0	0.0	3600.0	0.0	0.0
112608.0	20.65	23.7	1.13	20.0	11.0	0.0	3600.0	0.0	0.0
112664.0	20.72	23.68	1.13	20.0	11.0	0.0	3600.0	0.0	0.0
112724.0	20.72	23.73	1.13	20.0	11.0	0.0	3600.0	0.0	0.0
112786.0	20.71	23.77	1.13	20.0	11.0	0.0	3600.0	0.0	0.0
112844.0	20.92	23.77	1.13	20.0	11.0	0.0	3600.0	0.0	0.0
112903.0	20.93	23.88	1.14	20.0	10.0	0.0	3600.0	0.0	0.0
112964.0	21.12	24.02	1.13	20.0	10.0	0.0	3600.0	0.0	0.0
113026.0	20.98	23.89	1.13	20.0	10.0	0.0	3600.0	0.0	2.0
113081.0	21.02	23.95	1.13	20.0	10.0	0.0	3600.0	0.0	2.0
113136.0	21.01	23.87	1.13	20.0	10.0	0.0	3600.0	0.0	2.0
113198.0	20.96	23.85	1.13	20.0	10.0	0.0	3600.0	0.0	2.0
113253.0	21.02	23.94	1.13	20.0	10.0	0.0	3600.0	0.0	2.0
113309.0	20.99	23.9	1.13	20.0	10.0	0.0	3600.0	0.0	2.0
113371.0	20.96	23.88	1.13	20.0	10.0	0.0	3600.0	0.0	2.0
113426.0	21.02	23.81	1.13	20.0	10.0	0.0	3600.0	0.0	2.0
113481.0	20.85	23.83	1.13	20.0	10.0	0.0	3600.0	0.0	2.0
113543.0	20.8	23.77	1.13	20.0	10.0	0.0	3600.0	0.0	0.0
113598.0	20.83	23.76	1.14	20.0	10.0	0.0	3600.0	0.0	0.0
113654.0	20.81	23.74	1.13	20.0	10.0	0.0	3600.0	0.0	0.0
113715.0	20.71	23.7	1.13	20.0	11.0	0.0	3600.0	0.0	0.0
113770.0	20.72	23.75	1.13	20.0	10.0	0.0	3600.0	0.0	0.0
113831.0	20.82	23.83	1.13	20.0	10.0	0.0	3600.0	0.0	0.0
113893.0	20.97	23.82	1.13	20.0	10.0	0.0	3600.0	0.0	0.0
113948.0	20.95	23.84	1.13	20.0	10.0	0.0	3600.0	0.0	0.0
114003.0	20.97	23.84	1.13	20.0	10.0	0.0	3600.0	0.0	0.0
114065.0	20.98	23.81	1.13	20.0	10.0	0.0	3600.0	0.0	0.0
114115.0	21.07	23.8	1.13	20.0	10.0	0.0	3600.0	0.0	0.0
114176.0	21.05	23.85	1.13	20.0	10.0	0.0	3600.0	0.0	0.0
114237.0	21.06	23.95	1.13	20.0	10.0	0.0	3600.0	0.0	0.0
114297.0	20.92	23.82	1.13	20.0	10.0	0.0	3600.0	0.0	0.0

================================Data log ends here================================