Log created on 1-5-2018__22.52.55


Time	MAT	CHT	MAP	AFR	TPS	RPM	CCM	Cons	State
933.0	174.42	147.49	7.21	19.98	0.0	0.0	2500.0	0.0	0.0
993.0	174.47	147.54	7.21	19.98	0.0	0.0	2500.0	0.0	0.0
1058.0	174.47	147.57	7.21	19.98	0.0	0.0	2500.0	0.0	0.0
1133.0	174.48	147.58	7.2	19.98	0.0	0.0	2500.0	0.0	0.0
1199.0	174.48	147.6	7.21	19.98	0.0	0.0	2500.0	0.0	0.0
1259.0	174.46	147.59	7.21	19.98	0.0	0.0	2500.0	0.0	0.0
1318.0	174.49	147.61	7.21	19.98	0.0	0.0	2500.0	0.0	0.0
1379.0	174.51	147.6	7.21	19.98	0.0	0.0	2500.0	0.0	0.0
1439.0	174.52	147.57	7.21	19.98	0.0	0.0	2500.0	0.0	0.0
1500.0	174.46	147.54	7.21	19.98	0.0	0.0	2500.0	0.0	0.0
1554.0	174.44	147.51	7.21	19.98	0.0	0.0	2500.0	0.0	0.0
1625.0	174.42	147.51	7.21	19.98	0.0	0.0	2500.0	0.0	0.0
1680.0	174.41	147.49	7.21	19.98	0.0	0.0	2500.0	0.0	0.0
1740.0	174.41	147.52	7.21	19.98	0.0	0.0	2500.0	0.0	0.0
1800.0	174.4	147.5	7.21	19.98	0.0	0.0	2500.0	0.0	0.0
1860.0	174.44	147.52	7.21	19.98	0.0	0.0	2500.0	0.0	0.0
1910.0	174.42	147.52	7.21	19.98	0.0	0.0	2500.0	0.0	0.0
1971.0	174.41	147.51	7.21	19.98	0.0	0.0	2500.0	0.0	0.0
2036.0	174.41	147.51	7.21	19.98	0.0	0.0	2500.0	0.0	0.0
2096.0	174.4	147.53	7.21	19.98	0.0	0.0	2500.0	0.0	0.0
2151.0	174.4	147.5	7.21	19.98	0.0	0.0	2500.0	0.0	0.0
2216.0	174.4	147.51	7.21	19.98	0.0	0.0	2500.0	0.0	0.0
2291.0	174.4	147.49	7.21	19.98	0.0	0.0	2500.0	0.0	0.0
2352.0	174.4	147.48	7.21	19.98	0.0	0.0	2500.0	0.0	0.0
2412.0	174.4	147.49	7.21	19.98	0.0	0.0	2500.0	0.0	0.0
2483.0	174.4	147.48	7.21	19.98	0.0	0.0	2500.0	0.0	0.0
2537.0	174.42	147.53	7.21	19.98	0.0	0.0	2500.0	0.0	0.0
2592.0	174.47	147.56	7.21	19.98	0.0	0.0	2500.0	0.0	0.0
2658.0	174.5	147.57	7.21	19.98	0.0	0.0	2500.0	0.0	0.0
2713.0	174.5	147.58	7.21	19.98	0.0	0.0	2500.0	0.0	0.0
2783.0	174.5	147.57	7.21	19.98	0.0	0.0	2500.0	0.0	0.0
2843.0	174.53	147.58	7.21	19.98	0.0	0.0	2500.0	0.0	0.0
2904.0	174.53	147.58	7.21	19.98	0.0	0.0	2500.0	0.0	0.0
2978.0	174.48	147.6	7.21	19.98	0.0	0.0	2500.0	0.0	0.0
3054.0	174.51	147.62	7.21	19.98	0.0	0.0	2500.0	0.0	0.0
3109.0	174.5	147.59	7.21	19.98	0.0	0.0	2500.0	0.0	0.0
3174.0	174.55	147.61	7.21	19.98	0.0	0.0	2500.0	0.0	0.0
3234.0	174.52	147.55	7.21	19.98	0.0	0.0	2500.0	0.0	0.0
3290.0	174.47	147.58	7.21	19.98	0.0	0.0	2500.0	0.0	0.0
3350.0	174.44	147.55	7.21	19.98	0.0	0.0	2500.0	0.0	0.0
3410.0	174.42	147.53	7.21	19.98	0.0	0.0	2500.0	0.0	0.0
3480.0	174.43	147.52	7.21	19.98	0.0	0.0	2500.0	0.0	0.0
3535.0	174.42	147.52	7.21	19.98	0.0	0.0	2500.0	0.0	0.0
3591.0	174.41	147.51	7.21	19.98	0.0	0.0	2500.0	0.0	0.0
3651.0	174.41	147.49	7.21	19.98	0.0	0.0	2500.0	0.0	0.0
3710.0	174.4	147.48	7.21	19.98	0.0	0.0	2500.0	0.0	0.0
3771.0	174.4	147.48	7.21	19.98	0.0	0.0	2500.0	0.0	0.0
3831.0	174.4	147.49	7.21	19.98	0.0	0.0	2500.0	0.0	0.0
3887.0	174.42	147.48	7.21	19.98	0.0	0.0	2500.0	0.0	0.0
3947.0	174.41	147.48	7.21	19.98	0.0	0.0	2500.0	0.0	0.0
4012.0	174.41	147.51	7.21	19.98	0.0	0.0	2500.0	0.0	0.0
4082.0	174.42	147.5	7.21	19.98	0.0	0.0	2500.0	0.0	0.0
4162.0	174.41	147.48	7.21	19.98	0.0	0.0	2500.0	0.0	0.0
4228.0	174.4	147.48	7.21	19.98	0.0	0.0	2500.0	0.0	0.0
4283.0	174.4	147.51	7.21	19.98	0.0	0.0	2500.0	0.0	0.0
4342.0	174.46	147.54	7.21	19.98	0.0	0.0	2500.0	0.0	0.0
4403.0	174.49	147.56	7.21	19.98	0.0	0.0	2500.0	0.0	0.0
4463.0	174.49	147.59	7.21	19.98	0.0	0.0	2500.0	0.0	0.0
4524.0	174.48	147.58	7.21	19.98	0.0	0.0	2500.0	0.0	0.0
4584.0	174.5	147.58	7.21	19.98	0.0	0.0	2500.0	0.0	0.0
4638.0	174.52	147.59	7.21	19.98	0.0	0.0	2500.0	0.0	0.0
4699.0	174.52	147.58	7.21	19.98	0.0	0.0	2500.0	0.0	0.0
4749.0	174.51	147.57	7.21	19.98	0.0	0.0	2500.0	0.0	0.0
4809.0	174.51	147.57	7.21	19.98	0.0	0.0	2500.0	0.0	0.0
4870.0	174.51	147.57	7.21	19.98	0.0	0.0	2500.0	0.0	0.0
4934.0	174.53	147.59	7.21	19.98	0.0	0.0	2500.0	0.0	0.0
4989.0	174.51	147.55	7.21	19.98	0.0	0.0	2500.0	0.0	0.0
5050.0	174.48	147.53	7.21	19.98	0.0	0.0	2500.0	0.0	0.0
5105.0	174.48	147.51	7.21	19.98	0.0	0.0	2500.0	0.0	0.0
5166.0	174.44	147.49	7.21	19.98	0.0	0.0	2500.0	0.0	0.0
5225.0	174.42	147.5	7.21	19.98	0.0	0.0	2500.0	0.0	0.0
5280.0	174.41	147.49	7.21	19.98	0.0	0.0	2500.0	0.0	0.0
5341.0	174.41	147.48	7.21	19.98	0.0	0.0	2500.0	0.0	0.0
5391.0	174.4	147.48	7.21	19.98	0.0	0.0	2500.0	0.0	0.0
5451.0	174.4	147.47	7.21	19.98	0.0	0.0	2500.0	0.0	0.0
5507.0	174.4	147.47	7.21	19.98	0.0	0.0	2500.0	0.0	0.0
5566.0	174.4	147.47	7.21	19.98	0.0	0.0	2500.0	0.0	0.0
5626.0	174.4	147.47	7.21	19.98	0.0	0.0	2500.0	0.0	0.0
5682.0	174.42	147.47	7.21	19.98	0.0	0.0	2500.0	0.0	0.0
5742.0	174.41	147.47	7.21	19.98	0.0	0.0	2500.0	0.0	0.0
5797.0	174.41	147.47	7.21	19.98	0.0	0.0	2500.0	0.0	0.0
5857.0	174.42	147.51	7.21	19.98	0.0	0.0	2500.0	0.0	0.0
5917.0	174.41	147.52	7.21	19.98	0.0	0.0	2500.0	0.0	0.0
5972.0	174.43	147.54	7.21	19.98	0.0	0.0	2500.0	0.0	0.0
6038.0	174.41	147.53	7.21	19.98	0.0	0.0	2500.0	0.0	0.0
6093.0	174.45	147.57	7.21	19.98	0.0	0.0	2500.0	0.0	0.0
6153.0	174.47	147.58	7.21	19.98	0.0	0.0	2500.0	0.0	0.0
6208.0	174.48	147.57	7.21	19.98	0.0	0.0	2500.0	0.0	0.0
6263.0	174.5	147.61	7.21	19.98	0.0	0.0	2500.0	0.0	0.0
6324.0	174.51	147.59	7.21	19.98	0.0	0.0	2500.0	0.0	0.0
6384.0	174.51	147.61	7.21	19.98	0.0	0.0	2500.0	0.0	0.0
6449.0	174.51	147.59	7.21	19.98	0.0	0.0	2500.0	0.0	0.0
6504.0	174.52	147.59	7.21	19.98	0.0	0.0	2500.0	0.0	0.0
6564.0	174.54	147.58	7.21	19.98	0.0	0.0	2500.0	0.0	0.0
6625.0	174.53	147.58	7.21	19.98	0.0	0.0	2500.0	0.0	0.0
6680.0	174.53	147.59	7.21	19.98	0.0	0.0	2500.0	0.0	0.0
6735.0	174.55	147.62	7.21	19.98	0.0	0.0	2500.0	0.0	0.0
6795.0	174.52	147.59	7.21	19.98	0.0	0.0	2500.0	0.0	0.0
6850.0	174.49	147.64	7.21	19.98	0.0	0.0	2500.0	0.0	0.0
6910.0	174.45	147.63	7.21	19.98	0.0	0.0	2500.0	0.0	0.0
6971.0	174.43	147.58	7.21	19.98	0.0	0.0	2500.0	0.0	0.0
7035.0	174.43	147.67	7.21	19.98	0.0	0.0	2500.0	0.0	0.0
7096.0	174.42	147.64	7.21	19.98	0.0	0.0	2500.0	0.0	0.0
7156.0	174.43	147.71	7.21	19.98	0.0	0.0	2500.0	0.0	0.0
7217.0	174.42	147.67	7.21	19.98	0.0	0.0	2500.0	0.0	0.0
7272.0	174.41	147.71	7.21	19.98	0.0	0.0	2500.0	0.0	0.0
7331.0	174.41	147.69	7.21	19.98	0.0	0.0	2500.0	0.0	0.0
7387.0	174.42	147.75	7.21	19.98	0.0	0.0	2500.0	0.0	0.0
7447.0	174.41	147.69	7.21	19.98	0.0	0.0	2500.0	0.0	0.0
7502.0	174.41	147.66	7.21	19.98	0.0	0.0	2500.0	0.0	0.0
7563.0	174.42	147.7	7.21	19.98	0.0	0.0	2500.0	0.0	0.0
7622.0	174.41	147.71	7.21	19.98	0.0	0.0	2500.0	0.0	0.0
7677.0	174.41	147.62	7.21	19.98	0.0	0.0	2500.0	0.0	0.0
7738.0	174.4	147.61	7.21	19.98	0.0	0.0	2500.0	0.0	0.0
7798.0	174.4	147.57	7.21	19.98	0.0	0.0	2500.0	0.0	0.0
7854.0	174.43	147.6	7.21	19.98	0.0	0.0	2500.0	0.0	0.0
7913.0	174.49	147.61	7.21	19.98	0.0	0.0	2500.0	0.0	0.0
7968.0	174.49	147.64	7.21	19.98	0.0	0.0	2500.0	0.0	0.0
8029.0	174.5	147.62	7.21	19.98	0.0	0.0	2500.0	0.0	0.0
8089.0	174.51	147.6	7.21	19.98	0.0	0.0	2500.0	0.0	0.0
8144.0	174.52	147.59	7.21	19.98	0.0	0.0	2500.0	0.0	0.0
8205.0	174.52	147.59	7.21	19.98	0.0	0.0	2500.0	0.0	0.0
8264.0	174.52	147.58	7.21	19.98	0.0	0.0	2500.0	0.0	0.0
8325.0	174.52	147.61	7.21	19.98	0.0	0.0	2500.0	0.0	0.0
8385.0	174.52	147.63	7.21	19.98	0.0	0.0	2500.0	0.0	0.0
8450.0	174.51	147.62	7.21	19.98	0.0	0.0	2500.0	0.0	0.0
8505.0	174.52	147.6	7.21	19.98	0.0	0.0	2500.0	0.0	0.0
8560.0	174.53	147.57	7.21	19.98	0.0	0.0	2500.0	0.0	0.0
8621.0	174.47	147.61	7.21	19.98	0.0	0.0	2500.0	0.0	0.0
8676.0	174.44	147.62	7.21	19.98	0.0	0.0	2500.0	0.0	0.0
8741.0	174.42	147.57	7.21	19.98	0.0	0.0	2500.0	0.0	0.0
8796.0	174.41	147.57	7.21	19.98	0.0	0.0	2500.0	0.0	0.0
8851.0	174.41	147.54	7.21	19.98	0.0	0.0	2500.0	0.0	0.0
8916.0	174.4	147.59	7.21	19.98	0.0	0.0	2500.0	0.0	0.0
8977.0	174.42	147.58	7.21	19.98	0.0	0.0	2500.0	0.0	0.0
9036.0	174.41	147.57	7.21	19.98	0.0	0.0	2500.0	0.0	0.0
9092.0	174.41	147.53	7.21	19.98	0.0	0.0	2500.0	0.0	0.0
9147.0	174.4	147.53	7.21	19.98	0.0	0.0	2500.0	0.0	0.0
9207.0	174.4	147.54	7.21	19.98	0.0	0.0	2500.0	0.0	0.0
9268.0	174.44	147.56	7.21	19.98	0.0	0.0	2500.0	0.0	0.0
9323.0	174.42	147.52	7.21	19.98	0.0	0.0	2500.0	0.0	0.0
9382.0	174.41	147.55	7.21	19.98	0.0	0.0	2500.0	0.0	0.0
9438.0	174.41	147.53	7.21	19.98	0.0	0.0	2500.0	0.0	0.0
9493.0	174.4	147.52	7.21	19.98	0.0	0.0	2500.0	0.0	0.0
9553.0	174.42	147.53	7.21	19.98	0.0	0.0	2500.0	0.0	0.0
9614.0	174.41	147.56	7.21	19.98	0.0	0.0	2500.0	0.0	0.0
9673.0	174.47	147.58	7.21	19.98	0.0	0.0	2500.0	0.0	0.0
9734.0	174.5	147.59	7.21	19.98	0.0	0.0	2500.0	0.0	0.0
9789.0	174.49	147.57	7.21	19.98	0.0	0.0	2500.0	0.0	0.0
9849.0	174.49	147.57	7.21	19.98	0.0	0.0	2500.0	0.0	0.0
9910.0	174.49	147.57	7.21	19.98	0.0	0.0	2500.0	0.0	0.0
9960.0	174.51	147.58	7.21	19.98	0.0	0.0	2500.0	0.0	0.0
10025.0	174.49	147.59	7.21	19.98	0.0	0.0	2500.0	0.0	0.0
10077.0	174.47	147.56	7.21	19.98	0.0	0.0	2500.0	0.0	0.0
10137.0	174.44	147.52	7.21	19.98	0.0	0.0	2500.0	0.0	0.0
10193.0	174.42	147.5	7.21	19.98	0.0	0.0	2500.0	0.0	0.0
10255.0	174.43	147.54	7.21	19.98	0.0	0.0	2500.0	0.0	0.0
10311.0	174.4	147.55	7.21	19.98	0.0	0.0	2500.0	0.0	0.0
10377.0	174.4	147.51	7.21	19.98	0.0	0.0	2500.0	0.0	0.0
10438.0	174.4	147.49	7.21	19.98	0.0	0.0	2500.0	0.0	0.0
10494.0	174.42	147.52	7.21	19.98	0.0	0.0	2500.0	0.0	0.0
10546.0	174.37	147.54	7.21	19.98	0.0	0.0	2500.0	0.0	0.0
10601.0	174.4	147.52	7.2	19.98	0.0	0.0	2500.0	0.0	0.0
10662.0	174.4	147.5	7.21	19.98	0.0	0.0	2500.0	0.0	0.0
10724.0	174.35	147.51	7.21	19.98	0.0	0.0	2500.0	0.0	0.0
10780.0	174.37	147.54	7.21	19.98	0.0	0.0	2500.0	0.0	0.0
10842.0	174.35	147.52	7.21	19.98	0.0	0.0	2500.0	0.0	0.0
10897.0	174.37	147.5	7.21	19.98	0.0	0.0	2500.0	0.0	0.0
10953.0	174.38	147.49	7.21	19.98	0.0	0.0	2500.0	0.0	0.0
11015.0	174.38	147.54	7.21	19.98	0.0	0.0	2500.0	0.0	0.0
11071.0	174.37	147.54	7.2	19.98	0.0	0.0	2500.0	0.0	0.0
11131.0	174.4	147.51	7.2	19.98	0.0	0.0	2500.0	0.0	0.0
11193.0	174.4	147.49	7.2	19.98	0.0	0.0	2500.0	0.0	0.0
11249.0	174.35	147.5	7.2	19.98	0.0	0.0	2500.0	0.0	0.0
11311.0	174.39	147.53	7.2	19.98	0.0	0.0	2500.0	0.0	0.0
11372.0	174.41	147.52	7.2	19.98	0.0	0.0	2500.0	0.0	0.0
11438.0	174.4	147.5	7.2	19.98	0.0	0.0	2500.0	0.0	0.0
11494.0	174.4	147.51	7.21	19.98	0.0	0.0	2500.0	0.0	0.0
11555.0	174.37	147.49	7.21	19.98	0.0	0.0	2500.0	0.0	0.0
11617.0	174.38	147.5	7.2	19.98	0.0	0.0	2500.0	0.0	0.0
11672.0	174.39	147.49	7.2	19.98	0.0	0.0	2500.0	0.0	0.0
11728.0	174.4	147.48	7.2	19.98	0.0	0.0	2500.0	0.0	0.0
11790.0	174.4	147.49	7.2	19.98	0.0	0.0	2500.0	0.0	0.0
11846.0	174.42	147.53	7.2	19.98	0.0	0.0	2500.0	0.0	0.0
11902.0	174.41	147.52	7.2	19.98	0.0	0.0	2500.0	0.0	0.0
11963.0	174.41	147.5	7.2	19.98	0.0	0.0	2500.0	0.0	0.0
12029.0	174.38	147.5	7.2	19.98	0.0	0.0	2500.0	0.0	0.0
12086.0	174.38	147.54	7.2	19.98	0.0	0.0	2500.0	0.0	0.0
12147.0	174.41	147.52	7.21	19.98	0.0	0.0	2500.0	0.0	0.0
12203.0	174.4	147.5	7.21	19.98	0.0	0.0	2500.0	0.0	0.0
12259.0	174.4	147.49	7.21	19.98	0.0	0.0	2500.0	0.0	0.0
12315.0	174.42	147.54	7.21	19.98	0.0	0.0	2500.0	0.0	0.0
12377.0	174.35	147.54	7.21	19.98	0.0	0.0	2500.0	0.0	0.0
12428.0	174.37	147.51	7.21	19.98	0.0	0.0	2500.0	0.0	0.0
12483.0	174.38	147.49	7.21	19.98	0.0	0.0	2500.0	0.0	0.0
12545.0	174.39	147.52	7.21	19.98	0.0	0.0	2500.0	0.0	0.0
12606.0	174.43	147.55	7.21	19.98	0.0	0.0	2500.0	0.0	0.0
12662.0	174.43	147.56	7.21	19.98	0.0	0.0	2500.0	0.0	0.0
12723.0	174.42	147.52	7.21	19.98	0.0	0.0	2500.0	0.0	0.0
12789.0	174.41	147.52	7.21	19.98	0.0	0.0	2500.0	0.0	0.0
12851.0	174.46	147.54	7.21	19.98	0.0	0.0	2500.0	0.0	0.0
12912.0	174.46	147.52	7.21	19.98	0.0	0.0	2500.0	0.0	0.0
12967.0	174.44	147.5	7.21	19.98	0.0	0.0	2500.0	0.0	0.0
13024.0	174.44	147.51	7.21	19.98	0.0	0.0	2500.0	0.0	0.0
13080.0	174.42	147.54	7.21	19.98	0.0	0.0	2500.0	0.0	0.0
13142.0	174.47	147.54	7.21	19.98	0.0	0.0	2500.0	0.0	0.0
13203.0	174.44	147.51	7.21	19.98	0.0	0.0	2500.0	0.0	0.0
13258.0	174.42	147.49	7.21	19.98	0.0	0.0	2500.0	0.0	0.0
13315.0	174.44	147.52	7.21	19.98	0.0	0.0	2500.0	0.0	0.0
13371.0	174.42	147.54	7.21	19.98	0.0	0.0	2500.0	0.0	0.0
13432.0	174.43	147.54	7.21	19.98	0.0	0.0	2500.0	0.0	0.0
13493.0	174.41	147.51	7.21	19.98	0.0	0.0	2500.0	0.0	0.0
13549.0	174.41	147.49	7.21	19.98	0.0	0.0	2500.0	0.0	0.0
13605.0	174.38	147.53	7.21	19.98	0.0	0.0	2500.0	0.0	0.0
13662.0	174.4	147.54	7.21	19.98	0.0	0.0	2500.0	0.0	0.0
13723.0	174.4	147.51	7.21	19.98	0.0	0.0	2500.0	0.0	0.0
13778.0	174.4	147.49	7.21	19.98	0.0	0.0	2500.0	0.0	0.0
13840.0	174.44	147.55	7.21	19.98	0.0	0.0	2500.0	0.0	0.0
13901.0	174.48	147.57	7.21	19.98	0.0	0.0	2500.0	0.0	0.0
13958.0	174.45	147.53	7.21	19.98	0.0	0.0	2500.0	0.0	0.0
14013.0	174.43	147.5	7.21	19.98	0.0	0.0	2500.0	0.0	0.0
14074.0	174.44	147.53	7.21	19.98	0.0	0.0	2500.0	0.0	0.0
14136.0	174.48	147.56	7.21	19.98	0.0	0.0	2500.0	0.0	0.0
14192.0	174.46	147.53	7.21	19.98	0.0	0.0	2500.0	0.0	0.0
14248.0	174.44	147.51	7.21	19.98	0.0	0.0	2500.0	0.0	0.0
14299.0	174.42	147.49	7.21	19.98	0.0	0.0	2500.0	0.0	0.0
14365.0	174.41	147.52	7.21	19.98	0.0	0.0	2500.0	0.0	0.0
14422.0	174.44	147.55	7.21	19.98	0.0	0.0	2500.0	0.0	0.0
14483.0	174.42	147.51	7.21	19.98	0.0	0.0	2500.0	0.0	0.0
14538.0	174.41	147.5	7.21	19.98	0.0	0.0	2500.0	0.0	0.0
14595.0	174.43	147.53	7.21	19.98	0.0	0.0	2500.0	0.0	0.0
14651.0	174.46	147.54	7.21	19.98	0.0	0.0	2500.0	0.0	0.0
14712.0	174.46	147.53	7.21	19.98	0.0	0.0	2500.0	0.0	0.0
14769.0	174.44	147.51	7.21	19.98	0.0	0.0	2500.0	0.0	0.0
14824.0	174.42	147.49	7.21	19.98	0.0	0.0	2500.0	0.0	0.0
14880.0	174.43	147.54	7.21	19.98	0.0	0.0	2500.0	0.0	0.0
14942.0	174.47	147.54	7.21	19.98	0.0	0.0	2500.0	0.0	0.0
14998.0	174.44	147.56	7.21	19.98	0.0	0.0	2500.0	0.0	0.0
15058.0	174.42	147.52	7.21	19.98	0.0	0.0	2500.0	0.0	0.0
15115.0	174.44	147.54	7.21	19.98	0.0	0.0	2500.0	0.0	0.0
15171.0	174.44	147.54	7.21	19.98	0.0	0.0	2500.0	0.0	0.0
15233.0	174.44	147.52	7.21	19.98	0.0	0.0	2500.0	0.0	0.0
15284.0	174.42	147.5	7.21	19.98	0.0	0.0	2500.0	0.0	0.0
15339.0	174.41	147.49	7.21	19.98	0.0	0.0	2500.0	0.0	0.0
15395.0	174.48	147.57	7.21	19.98	0.0	0.0	2500.0	0.0	0.0
15457.0	174.48	147.58	7.21	19.98	0.0	0.0	2500.0	0.0	0.0
15518.0	174.44	147.53	7.21	19.98	0.0	0.0	2500.0	0.0	0.0
15574.0	174.43	147.5	7.21	19.98	0.0	0.0	2500.0	0.0	0.0
15630.0	174.44	147.51	7.21	19.98	0.0	0.0	2500.0	0.0	0.0
15686.0	174.48	147.54	7.21	19.98	0.0	0.0	2500.0	0.0	0.0
15742.0	174.48	147.55	7.21	19.98	0.0	0.0	2500.0	0.0	0.0
15804.0	174.45	147.57	7.21	19.98	0.0	0.0	2500.0	0.0	0.0
15854.0	174.43	147.55	7.21	19.98	0.0	0.0	2500.0	0.0	0.0
15916.0	174.44	147.57	7.21	19.98	0.0	0.0	2500.0	0.0	0.0
15972.0	174.46	147.56	7.21	19.98	0.0	0.0	2500.0	0.0	0.0
16028.0	174.43	147.52	7.21	19.98	0.0	0.0	2500.0	0.0	0.0
16083.0	174.42	147.5	7.21	19.98	0.0	0.0	2500.0	0.0	0.0
16140.0	174.41	147.53	7.21	19.98	0.0	0.0	2500.0	0.0	0.0
16201.0	174.46	147.57	7.21	19.98	0.0	0.0	2500.0	0.0	0.0
16263.0	174.45	147.54	7.21	19.98	0.0	0.0	2500.0	0.0	0.0
16319.0	174.43	147.51	7.21	19.98	0.0	0.0	2500.0	0.0	0.0
16379.0	174.39	147.53	7.21	19.98	0.0	0.0	2500.0	0.0	0.0
16436.0	174.46	147.56	7.21	19.98	0.0	0.0	2500.0	0.0	0.0
16513.0	174.45	147.6	7.21	19.98	0.0	0.0	2500.0	0.0	0.0
16574.0	174.44	147.74	7.21	19.98	0.0	0.0	2500.0	0.0	0.0
16629.0	174.42	147.82	7.21	19.98	0.0	0.0	2500.0	0.0	0.0
16686.0	174.45	147.78	7.21	19.98	0.0	0.0	2500.0	0.0	0.0
16742.0	174.45	147.72	7.21	19.98	0.0	0.0	2500.0	0.0	0.0
16803.0	174.43	147.79	7.21	19.98	0.0	0.0	2500.0	0.0	0.0
16860.0	174.42	147.84	7.21	19.98	0.0	0.0	2500.0	0.0	0.0
16915.0	174.45	147.87	7.21	19.98	0.0	0.0	2500.0	0.0	0.0
16976.0	174.49	147.79	7.21	19.98	0.0	0.0	2500.0	0.0	0.0
17033.0	174.47	147.83	7.21	19.98	0.0	0.0	2500.0	0.0	0.0
17094.0	174.44	147.87	7.21	19.98	0.0	0.0	2500.0	0.0	0.0
17155.0	174.44	147.91	7.21	19.98	0.0	0.0	2500.0	0.0	0.0
17211.0	174.46	147.87	7.21	19.98	0.0	0.0	2500.0	0.0	0.0
17272.0	174.47	147.89	7.22	19.98	0.0	0.0	2500.0	0.0	0.0
17329.0	174.48	147.9	7.22	19.98	0.0	0.0	2500.0	0.0	0.0
17389.0	174.44	147.9	7.22	19.98	0.0	0.0	2500.0	0.0	0.0
17440.0	174.44	147.9	7.22	19.98	0.0	0.0	2500.0	0.0	0.0
17502.0	174.46	147.87	7.22	19.98	0.0	0.0	2500.0	0.0	0.0
17558.0	174.44	147.89	7.22	19.98	0.0	0.0	2500.0	0.0	0.0
17614.0	174.42	147.9	7.22	19.98	0.0	0.0	2500.0	0.0	0.0
17670.0	174.41	147.9	7.22	19.98	0.0	0.0	2500.0	0.0	0.0
17726.0	174.46	147.94	7.22	19.98	0.0	0.0	2500.0	0.0	0.0
17782.0	174.47	147.94	7.22	19.98	0.0	0.0	2500.0	0.0	0.0
17839.0	174.44	147.93	7.22	19.98	0.0	0.0	2500.0	0.0	0.0
17900.0	174.42	147.92	7.22	19.98	0.0	0.0	2500.0	0.0	0.0
17955.0	174.46	147.96	7.22	19.98	0.0	0.0	2500.0	0.0	0.0
18017.0	174.49	147.95	7.22	19.98	0.0	0.0	2500.0	0.0	0.0
18078.0	174.45	147.93	7.22	19.98	0.0	0.0	2500.0	0.0	0.0
18135.0	174.45	147.92	7.22	19.98	0.0	0.0	2500.0	0.0	0.0
18195.0	174.45	147.94	7.22	19.98	0.0	0.0	2500.0	0.0	0.0
18251.0	174.47	147.93	7.22	19.98	0.0	0.0	2500.0	0.0	0.0
18313.0	174.47	147.93	7.22	19.98	0.0	0.0	2500.0	0.0	0.0
18369.0	174.44	147.92	7.22	19.98	0.0	0.0	2500.0	0.0	0.0
18420.0	174.42	147.92	7.22	19.98	0.0	0.0	2500.0	0.0	0.0
18481.0	174.46	147.97	7.22	19.98	0.0	0.0	2500.0	0.0	0.0
18537.0	174.49	147.96	7.22	19.98	0.0	0.0	2500.0	0.0	0.0
18593.0	174.45	147.94	7.22	19.98	0.0	0.0	2500.0	0.0	0.0
18650.0	174.43	147.93	7.22	19.98	0.0	0.0	2500.0	0.0	0.0
18705.0	174.42	147.9	7.22	19.98	0.0	0.0	2500.0	0.0	0.0
18766.0	174.46	147.95	7.22	19.98	0.0	0.0	2500.0	0.0	0.0
18828.0	174.47	147.95	7.22	19.98	0.0	0.0	2500.0	0.0	0.0
18889.0	174.46	147.93	7.21	19.98	0.0	0.0	2500.0	0.0	0.0
18946.0	174.43	147.92	7.21	19.98	0.0	0.0	2500.0	0.0	0.0
19006.0	174.47	147.95	7.21	19.98	0.0	0.0	2500.0	0.0	0.0
19062.0	174.48	147.93	7.21	19.98	0.0	0.0	2500.0	0.0	0.0
19119.0	174.44	147.92	7.21	19.98	0.0	0.0	2500.0	0.0	0.0
19180.0	174.42	147.92	7.21	19.98	0.0	0.0	2500.0	0.0	0.0
19246.0	174.45	147.95	7.22	19.98	0.0	0.0	2500.0	0.0	0.0
19302.0	174.49	147.97	7.22	19.98	0.0	0.0	2500.0	0.0	0.0
19363.0	174.45	147.94	7.22	19.98	0.0	0.0	2500.0	0.0	0.0
19425.0	174.43	147.93	7.22	19.98	0.0	0.0	2500.0	0.0	0.0
19480.0	174.44	147.94	7.22	19.98	0.0	0.0	2500.0	0.0	0.0
19536.0	174.48	147.92	7.22	19.98	0.0	0.0	2500.0	0.0	0.0
19603.0	174.46	147.93	7.21	19.98	0.0	0.0	2500.0	0.0	0.0
19670.0	174.45	147.92	7.22	19.98	0.0	0.0	2500.0	0.0	0.0
19731.0	174.43	147.91	7.22	19.98	0.0	0.0	2500.0	0.0	0.0
19786.0	174.47	147.9	7.22	19.98	0.0	0.0	2500.0	0.0	0.0
19843.0	174.48	147.85	7.21	19.98	0.0	0.0	2500.0	0.0	0.0
19904.0	174.44	147.88	7.21	19.98	0.0	0.0	2500.0	0.0	0.0
19960.0	174.42	147.88	7.21	19.98	0.0	0.0	2500.0	0.0	0.0
20016.0	174.46	147.89	7.21	19.98	0.0	0.0	2500.0	0.0	0.0
20072.0	174.47	147.81	7.21	19.98	0.0	0.0	2500.0	0.0	0.0
20133.0	174.45	147.85	7.21	19.98	0.0	0.0	2500.0	0.0	0.0
20190.0	174.43	147.86	7.21	19.98	0.0	0.0	2500.0	0.0	0.0
20246.0	174.42	147.84	7.21	19.98	0.0	0.0	2500.0	0.0	0.0
20301.0	174.47	147.75	7.21	19.98	0.0	0.0	2500.0	0.0	0.0
20363.0	174.47	147.73	7.21	19.98	0.0	0.0	2500.0	0.0	0.0
20419.0	174.44	147.78	7.21	19.98	0.0	0.0	2500.0	0.0	0.0
20475.0	174.44	147.8	7.21	19.98	0.0	0.0	2500.0	0.0	0.0
20531.0	174.45	147.82	7.21	19.98	0.0	0.0	2500.0	0.0	0.0
20592.0	174.48	147.73	7.21	19.98	0.0	0.0	2500.0	0.0	0.0
20648.0	174.46	147.7	7.21	19.98	0.0	0.0	2500.0	0.0	0.0
20710.0	174.43	147.77	7.21	19.98	0.0	0.0	2500.0	0.0	0.0
20766.0	174.44	147.81	7.21	19.98	0.0	0.0	2500.0	0.0	0.0
20822.0	174.48	147.74	7.21	19.98	0.0	0.0	2500.0	0.0	0.0
20878.0	174.48	147.82	7.21	19.98	0.0	0.0	2500.0	0.0	0.0
20934.0	174.45	147.86	7.21	19.98	0.0	0.0	2500.0	0.0	0.0
20996.0	174.43	147.84	7.21	19.98	0.0	0.0	2500.0	0.0	0.0
21051.0	174.45	147.71	7.21	19.98	0.0	0.0	2500.0	0.0	0.0
21112.0	174.48	147.65	7.21	19.98	0.0	0.0	2500.0	0.0	0.0
21164.0	174.45	147.71	7.21	19.98	0.0	0.0	2500.0	0.0	0.0
21225.0	174.43	147.76	7.21	19.98	0.0	0.0	2500.0	0.0	0.0
21281.0	174.45	147.83	7.21	19.98	0.0	0.0	2500.0	0.0	0.0
21337.0	174.49	147.8	7.21	19.98	0.0	0.0	2500.0	0.0	0.0
21393.0	174.47	147.79	7.21	19.98	0.0	0.0	2500.0	0.0	0.0
21454.0	174.44	147.82	7.21	19.98	0.0	0.0	2500.0	0.0	0.0
21511.0	174.42	147.85	7.21	19.98	0.0	0.0	2500.0	0.0	0.0
21571.0	174.45	147.74	7.21	19.98	0.0	0.0	2500.0	0.0	0.0
21622.0	174.49	147.68	7.21	19.98	0.0	0.0	2500.0	0.0	0.0
21679.0	174.47	147.74	7.21	19.98	0.0	0.0	2500.0	0.0	0.0
21740.0	174.44	147.82	7.21	19.98	0.0	0.0	2500.0	0.0	0.0
21801.0	174.44	147.77	7.21	19.98	0.0	0.0	2500.0	0.0	0.0
21877.0	174.49	147.67	7.21	19.98	0.0	0.0	2500.0	0.0	0.0
21939.0	174.45	147.58	7.21	19.98	0.0	0.0	2500.0	0.0	0.0
21995.0	174.43	147.59	7.21	19.98	0.0	0.0	2500.0	0.0	0.0
22051.0	174.44	147.63	7.21	19.98	0.0	0.0	2500.0	0.0	0.0
22112.0	174.47	147.62	7.21	19.98	0.0	0.0	2500.0	0.0	0.0
22173.0	174.47	147.58	7.21	19.98	0.0	0.0	2500.0	0.0	0.0
22224.0	174.44	147.53	7.21	19.98	0.0	0.0	2500.0	0.0	0.0
22286.0	174.42	147.58	7.21	19.98	0.0	0.0	2500.0	0.0	0.0
22342.0	174.46	147.58	7.21	19.98	0.0	0.0	2500.0	0.0	0.0
22403.0	174.47	147.58	7.21	19.98	0.0	0.0	2500.0	0.0	0.0
22459.0	174.44	147.55	7.21	19.98	0.0	0.0	2500.0	0.0	0.0
22520.0	174.42	147.55	7.21	19.98	0.0	0.0	2500.0	0.0	0.0
22577.0	174.44	147.56	7.21	19.98	0.0	0.0	2500.0	0.0	0.0
22632.0	174.46	147.55	7.21	19.98	0.0	0.0	2500.0	0.0	0.0
22683.0	174.47	147.61	7.21	19.98	0.0	0.0	2500.0	0.0	0.0
22745.0	174.44	147.55	7.21	19.98	0.0	0.0	2500.0	0.0	0.0
22801.0	174.42	147.59	7.21	19.98	0.0	0.0	2500.0	0.0	0.0
22857.0	174.49	147.67	7.21	19.98	0.0	0.0	2500.0	0.0	0.0
22918.0	174.48	147.63	7.21	19.98	0.0	0.0	2500.0	0.0	0.0
22974.0	174.45	147.64	7.21	19.98	0.0	0.0	2500.0	0.0	0.0
23035.0	174.43	147.63	7.21	19.98	0.0	0.0	2500.0	0.0	0.0
23092.0	174.44	147.63	7.21	19.98	0.0	0.0	2500.0	0.0	0.0
23147.0	174.48	147.61	7.21	19.98	0.0	0.0	2500.0	0.0	0.0
23208.0	174.48	147.67	7.21	19.98	0.0	0.0	2500.0	0.0	0.0
23265.0	174.45	147.7	7.21	19.98	0.0	0.0	2500.0	0.0	0.0
23321.0	174.43	147.72	7.21	19.98	0.0	0.0	2500.0	0.0	0.0
23377.0	174.48	147.73	7.21	19.98	0.0	0.0	2500.0	0.0	0.0
23438.0	174.48	147.64	7.21	19.98	0.0	0.0	2500.0	0.0	0.0
23494.0	174.44	147.74	7.21	19.98	0.0	0.0	2500.0	0.0	0.0
23550.0	174.43	147.74	7.21	19.98	0.0	0.0	2500.0	0.0	0.0
23607.0	174.44	147.75	7.21	19.98	0.0	0.0	2500.0	0.0	0.0
23667.0	174.48	147.79	7.21	19.98	0.0	0.0	2500.0	0.0	0.0
23729.0	174.46	147.81	7.21	19.98	0.0	0.0	2500.0	0.0	0.0
23785.0	174.43	147.8	7.21	19.98	0.0	0.0	2500.0	0.0	0.0
23846.0	174.42	147.85	7.21	19.98	0.0	0.0	2500.0	0.0	0.0
23903.0	174.47	147.81	7.21	19.98	0.0	0.0	2500.0	0.0	0.0
23958.0	174.48	147.79	7.21	19.98	0.0	0.0	2500.0	0.0	0.0
24014.0	174.46	147.84	7.21	19.98	0.0	0.0	2500.0	0.0	0.0
24076.0	174.43	147.87	7.21	19.98	0.0	0.0	2500.0	0.0	0.0
24132.0	174.44	147.92	7.21	19.98	0.0	0.0	2500.0	0.0	0.0
24182.0	174.47	147.91	7.21	19.98	0.0	0.0	2500.0	0.0	0.0
24244.0	174.45	147.91	7.21	19.98	0.0	0.0	2500.0	0.0	0.0
24305.0	174.43	147.91	7.22	19.98	0.0	0.0	2500.0	0.0	0.0
24361.0	174.42	147.93	7.21	19.98	0.0	0.0	2500.0	0.0	0.0
24423.0	174.47	147.9	7.21	19.98	0.0	0.0	2500.0	0.0	0.0
24478.0	174.47	147.91	7.21	19.98	0.0	0.0	2500.0	0.0	0.0
24535.0	174.44	147.91	7.21	19.98	0.0	0.0	2500.0	0.0	0.0
24596.0	174.42	147.91	7.21	19.98	0.0	0.0	2500.0	0.0	0.0
24652.0	174.45	147.94	7.21	19.98	0.0	0.0	2500.0	0.0	0.0
24713.0	174.48	147.9	7.21	19.98	0.0	0.0	2500.0	0.0	0.0
24769.0	174.46	147.9	7.21	19.98	0.0	0.0	2500.0	0.0	0.0
24825.0	174.43	147.91	7.21	19.98	0.0	0.0	2500.0	0.0	0.0
24887.0	174.44	147.93	7.21	19.98	0.0	0.0	2500.0	0.0	0.0
24948.0	174.48	147.89	7.21	19.98	0.0	0.0	2500.0	0.0	0.0
25029.0	174.45	147.91	7.21	19.98	0.0	0.0	2500.0	0.0	0.0
25096.0	174.42	147.91	7.22	19.98	0.0	0.0	2500.0	0.0	0.0
25157.0	174.46	147.95	7.22	19.98	0.0	0.0	2500.0	0.0	0.0
25219.0	174.49	147.94	7.22	19.98	0.0	0.0	2500.0	0.0	0.0
25274.0	174.45	147.92	7.22	19.98	0.0	0.0	2500.0	0.0	0.0
25330.0	174.43	147.91	7.22	19.98	0.0	0.0	2500.0	0.0	0.0
25381.0	174.42	147.91	7.22	19.98	0.0	0.0	2500.0	0.0	0.0
25443.0	174.47	147.91	7.22	19.98	0.0	0.0	2500.0	0.0	0.0
25503.0	174.47	147.93	7.22	19.98	0.0	0.0	2500.0	0.0	0.0
25560.0	174.44	147.92	7.21	19.98	0.0	0.0	2500.0	0.0	0.0
25616.0	174.42	147.92	7.21	19.98	0.0	0.0	2500.0	0.0	0.0
25672.0	174.43	147.89	7.22	19.98	0.0	0.0	2500.0	0.0	0.0
25734.0	174.47	147.89	7.21	19.98	0.0	0.0	2500.0	0.0	0.0
25789.0	174.46	147.91	7.22	19.98	0.0	0.0	2500.0	0.0	0.0
25845.0	174.43	147.91	7.21	19.98	0.0	0.0	2500.0	0.0	0.0
25902.0	174.42	147.91	7.22	19.98	0.0	0.0	2500.0	0.0	0.0
25958.0	174.5	147.96	7.22	19.98	0.0	0.0	2500.0	0.0	0.0
26018.0	174.49	147.95	7.22	19.98	0.0	0.0	2500.0	0.0	0.0
26075.0	174.45	147.94	7.22	19.98	0.0	0.0	2500.0	0.0	0.0
26131.0	174.43	147.92	7.22	19.98	0.0	0.0	2500.0	0.0	0.0
26187.0	174.44	147.89	7.22	19.98	0.0	0.0	2500.0	0.0	0.0
26249.0	174.48	147.91	7.22	19.98	0.0	0.0	2500.0	0.0	0.0
26309.0	174.46	147.9	7.22	19.98	0.0	0.0	2500.0	0.0	0.0
26371.0	174.43	147.9	7.22	19.98	0.0	0.0	2500.0	0.0	0.0
26427.0	174.44	147.93	7.22	19.98	0.0	0.0	2500.0	0.0	0.0
26478.0	174.49	147.94	7.22	19.98	0.0	0.0	2500.0	0.0	0.0
26539.0	174.48	147.9	7.21	19.98	0.0	0.0	2500.0	0.0	0.0
26595.0	174.45	147.9	7.21	19.98	0.0	0.0	2500.0	0.0	0.0
26651.0	174.43	147.91	7.21	19.98	0.0	0.0	2500.0	0.0	0.0
26707.0	174.46	147.88	7.21	19.98	0.0	0.0	2500.0	0.0	0.0
26764.0	174.49	147.93	7.21	19.98	0.0	0.0	2500.0	0.0	0.0
26824.0	174.45	147.91	7.21	19.98	0.0	0.0	2500.0	0.0	0.0
26875.0	174.43	147.89	7.21	19.98	0.0	0.0	2500.0	0.0	0.0
26932.0	174.42	147.88	7.21	19.98	0.0	0.0	2500.0	0.0	0.0
26988.0	174.46	147.85	7.21	19.98	0.0	0.0	2500.0	0.0	0.0
27044.0	174.47	147.83	7.21	19.98	0.0	0.0	2500.0	0.0	0.0
27105.0	174.44	147.87	7.21	19.98	0.0	0.0	2500.0	0.0	0.0
27161.0	174.44	147.89	7.21	19.98	0.0	0.0	2500.0	0.0	0.0
27217.0	174.47	147.82	7.21	19.98	0.0	0.0	2500.0	0.0	0.0
27279.0	174.5	147.77	7.21	19.98	0.0	0.0	2500.0	0.0	0.0
27334.0	174.46	147.72	7.21	19.98	0.0	0.0	2500.0	0.0	0.0
27390.0	174.43	147.78	7.21	19.98	0.0	0.0	2500.0	0.0	0.0
27452.0	174.42	147.8	7.21	19.98	0.0	0.0	2500.0	0.0	0.0
27508.0	174.47	147.72	7.21	19.98	0.0	0.0	2500.0	0.0	0.0
27570.0	174.47	147.74	7.21	19.98	0.0	0.0	2500.0	0.0	0.0
27630.0	174.44	147.76	7.21	19.98	0.0	0.0	2500.0	0.0	0.0
27686.0	174.42	147.8	7.21	19.98	0.0	0.0	2500.0	0.0	0.0
27743.0	174.45	147.8	7.21	19.98	0.0	0.0	2500.0	0.0	0.0
27799.0	174.49	147.75	7.21	19.98	0.0	0.0	2500.0	0.0	0.0
27859.0	174.45	147.75	7.21	19.98	0.0	0.0	2500.0	0.0	0.0
27916.0	174.45	147.82	7.21	19.98	0.0	0.0	2500.0	0.0	0.0
27972.0	174.43	147.8	7.21	19.98	0.0	0.0	2500.0	0.0	0.0
28034.0	174.47	147.76	7.21	19.98	0.0	0.0	2500.0	0.0	0.0
28090.0	174.47	147.8	7.21	19.98	0.0	0.0	2500.0	0.0	0.0
28150.0	174.44	147.83	7.21	19.98	0.0	0.0	2500.0	0.0	0.0
28212.0	174.42	147.82	7.21	19.98	0.0	0.0	2500.0	0.0	0.0
28268.0	174.45	147.78	7.21	19.98	0.0	0.0	2500.0	0.0	0.0
28319.0	174.49	147.75	7.21	19.98	0.0	0.0	2500.0	0.0	0.0
28380.0	174.45	147.82	7.21	19.98	0.0	0.0	2500.0	0.0	0.0
28436.0	174.43	147.86	7.21	19.98	0.0	0.0	2500.0	0.0	0.0
28492.0	174.44	147.84	7.21	19.98	0.0	0.0	2500.0	0.0	0.0
28549.0	174.48	147.78	7.21	19.98	0.0	0.0	2500.0	0.0	0.0
28605.0	174.46	147.79	7.21	19.98	0.0	0.0	2500.0	0.0	0.0
28665.0	174.43	147.83	7.21	19.98	0.0	0.0	2500.0	0.0	0.0
28722.0	174.46	147.86	7.21	19.98	0.0	0.0	2500.0	0.0	0.0
28778.0	174.5	147.88	7.21	19.98	0.0	0.0	2500.0	0.0	0.0
28834.0	174.49	147.76	7.21	19.98	0.0	0.0	2500.0	0.0	0.0
28890.0	174.45	147.76	7.21	19.98	0.0	0.0	2500.0	0.0	0.0
28951.0	174.43	147.82	7.21	19.98	0.0	0.0	2500.0	0.0	0.0
29002.0	174.44	147.88	7.21	19.98	0.0	0.0	2500.0	0.0	0.0
29064.0	174.48	147.79	7.21	19.98	0.0	0.0	2500.0	0.0	0.0
29120.0	174.46	147.77	7.21	19.98	0.0	0.0	2500.0	0.0	0.0
29180.0	174.43	147.84	7.21	19.98	0.0	0.0	2500.0	0.0	0.0
29237.0	174.42	147.81	7.21	19.98	0.0	0.0	2500.0	0.0	0.0
29298.0	174.47	147.72	7.21	19.98	0.0	0.0	2500.0	0.0	0.0
29355.0	174.48	147.67	7.21	19.98	0.0	0.0	2500.0	0.0	0.0
29410.0	174.45	147.71	7.21	19.98	0.0	0.0	2500.0	0.0	0.0
29471.0	174.42	147.77	7.21	19.98	0.0	0.0	2500.0	0.0	0.0
29528.0	174.44	147.79	7.21	19.98	0.0	0.0	2500.0	0.0	0.0
29579.0	174.48	147.76	7.21	19.98	0.0	0.0	2500.0	0.0	0.0
29635.0	174.46	147.8	7.21	19.98	0.0	0.0	2500.0	0.0	0.0
29696.0	174.43	147.85	7.21	19.98	0.0	0.0	2500.0	0.0	0.0
29752.0	174.42	147.86	7.21	19.98	0.0	0.0	2500.0	0.0	0.0
29808.0	174.45	147.8	7.21	19.98	0.0	0.0	2500.0	0.0	0.0
29870.0	174.48	147.85	7.21	19.98	0.0	0.0	2500.0	0.0	0.0
29925.0	174.46	147.88	7.21	19.98	0.0	0.0	2500.0	0.0	0.0
29981.0	174.44	147.89	7.21	19.98	0.0	0.0	2500.0	0.0	0.0
30032.0	174.42	147.86	7.21	19.98	0.0	0.0	2500.0	0.0	0.0
30094.0	174.46	147.88	7.21	19.98	0.0	0.0	2500.0	0.0	0.0
30155.0	174.47	147.89	7.21	19.98	0.0	0.0	2500.0	0.0	0.0
30211.0	174.44	147.9	7.21	19.98	0.0	0.0	2500.0	0.0	0.0
30272.0	174.42	147.9	7.21	19.98	0.0	0.0	2500.0	0.0	0.0
30328.0	174.47	147.94	7.22	19.98	0.0	0.0	2500.0	0.0	0.0
30385.0	174.5	147.92	7.21	19.98	0.0	0.0	2500.0	0.0	0.0
30445.0	174.45	147.92	7.21	19.98	0.0	0.0	2500.0	0.0	0.0
30496.0	174.43	147.91	7.21	19.98	0.0	0.0	2500.0	0.0	0.0
30553.0	174.44	147.93	7.21	19.98	0.0	0.0	2500.0	0.0	0.0
30614.0	174.47	147.92	7.21	19.98	0.0	0.0	2500.0	0.0	0.0
30670.0	174.46	147.92	7.21	19.98	0.0	0.0	2500.0	0.0	0.0
30731.0	174.43	147.91	7.21	19.98	0.0	0.0	2500.0	0.0	0.0
30792.0	174.42	147.91	7.21	19.98	0.0	0.0	2500.0	0.0	0.0
30849.0	174.46	147.91	7.21	19.98	0.0	0.0	2500.0	0.0	0.0
30910.0	174.47	147.94	7.21	19.98	0.0	0.0	2500.0	0.0	0.0
30966.0	174.44	147.93	7.21	19.98	0.0	0.0	2500.0	0.0	0.0
31022.0	174.42	147.92	7.21	19.98	0.0	0.0	2500.0	0.0	0.0
31078.0	174.46	147.96	7.21	19.98	0.0	0.0	2500.0	0.0	0.0
31134.0	174.47	147.97	7.21	19.98	0.0	0.0	2500.0	0.0	0.0
31191.0	174.46	147.94	7.21	19.98	0.0	0.0	2500.0	0.0	0.0
31246.0	174.43	147.93	7.21	19.98	0.0	0.0	2500.0	0.0	0.0
31302.0	174.42	147.92	7.22	19.98	0.0	0.0	2500.0	0.0	0.0
31358.0	174.47	147.93	7.22	19.98	0.0	0.0	2500.0	0.0	0.0
31415.0	174.48	147.84	7.21	19.98	0.0	0.0	2500.0	0.0	0.0
31476.0	174.47	147.87	7.21	19.98	0.0	0.0	2500.0	0.0	0.0
31532.0	174.44	147.87	7.21	19.98	0.0	0.0	2500.0	0.0	0.0
31588.0	174.44	147.91	7.21	19.98	0.0	0.0	2500.0	0.0	0.0
31644.0	174.48	147.85	7.21	19.98	0.0	0.0	2500.0	0.0	0.0
31706.0	174.46	147.87	7.21	19.98	0.0	0.0	2500.0	0.0	0.0
31756.0	174.44	147.87	7.21	19.98	0.0	0.0	2500.0	0.0	0.0
31817.0	174.42	147.89	7.21	19.98	0.0	0.0	2500.0	0.0	0.0
31868.0	174.45	147.85	7.21	19.98	0.0	0.0	2500.0	0.0	0.0
31925.0	174.49	147.86	7.21	19.98	0.0	0.0	2500.0	0.0	0.0
31981.0	174.45	147.88	7.21	19.98	0.0	0.0	2500.0	0.0	0.0
32041.0	174.43	147.84	7.21	19.98	0.0	0.0	2500.0	0.0	0.0
32098.0	174.44	147.85	7.21	19.98	0.0	0.0	2500.0	0.0	0.0
32154.0	174.46	147.89	7.21	19.98	0.0	0.0	2500.0	0.0	0.0
32210.0	174.47	147.9	7.21	19.98	0.0	0.0	2500.0	0.0	0.0
32267.0	174.44	147.91	7.21	19.98	0.0	0.0	2500.0	0.0	0.0
32322.0	174.42	147.91	7.21	19.98	0.0	0.0	2500.0	0.0	0.0
32378.0	174.47	147.91	7.21	19.98	0.0	0.0	2500.0	0.0	0.0
32435.0	174.48	147.86	7.21	19.98	0.0	0.0	2500.0	0.0	0.0
32491.0	174.45	147.86	7.21	19.98	0.0	0.0	2500.0	0.0	0.0
32551.0	174.42	147.89	7.21	19.98	0.0	0.0	2500.0	0.0	0.0
32608.0	174.44	147.92	7.21	19.98	0.0	0.0	2500.0	0.0	0.0
32664.0	174.48	147.88	7.21	19.98	0.0	0.0	2500.0	0.0	0.0
32720.0	174.46	147.88	7.21	19.98	0.0	0.0	2500.0	0.0	0.0
32777.0	174.43	147.87	7.21	19.98	0.0	0.0	2500.0	0.0	0.0
32832.0	174.42	147.89	7.21	19.98	0.0	0.0	2500.0	0.0	0.0
32893.0	174.45	147.84	7.21	19.98	0.0	0.0	2500.0	0.0	0.0
32950.0	174.48	147.83	7.21	19.98	0.0	0.0	2500.0	0.0	0.0
33006.0	174.45	147.84	7.21	19.98	0.0	0.0	2500.0	0.0	0.0
33067.0	174.43	147.87	7.21	19.98	0.0	0.0	2500.0	0.0	0.0
33123.0	174.44	147.87	7.21	19.98	0.0	0.0	2500.0	0.0	0.0
33174.0	174.46	147.85	7.21	19.98	0.0	0.0	2500.0	0.0	0.0
33235.0	174.46	147.81	7.21	19.98	0.0	0.0	2500.0	0.0	0.0
33292.0	174.44	147.85	7.21	19.98	0.0	0.0	2500.0	0.0	0.0
33347.0	174.42	147.88	7.21	19.98	0.0	0.0	2500.0	0.0	0.0
33403.0	174.45	147.88	7.21	19.98	0.0	0.0	2500.0	0.0	0.0
33460.0	174.49	147.89	7.21	19.98	0.0	0.0	2500.0	0.0	0.0
33521.0	174.45	147.87	7.21	19.98	0.0	0.0	2500.0	0.0	0.0
33577.0	174.43	147.87	7.21	19.98	0.0	0.0	2500.0	0.0	0.0
33633.0	174.42	147.87	7.21	19.98	0.0	0.0	2500.0	0.0	0.0
33689.0	174.46	147.8	7.21	19.98	0.0	0.0	2500.0	0.0	0.0
33751.0	174.47	147.82	7.21	19.98	0.0	0.0	2500.0	0.0	0.0
33812.0	174.46	147.86	7.21	19.98	0.0	0.0	2500.0	0.0	0.0
33862.0	174.45	147.88	7.21	19.98	0.0	0.0	2500.0	0.0	0.0
33918.0	174.48	147.89	7.21	19.98	0.0	0.0	2500.0	0.0	0.0
33980.0	174.5	147.84	7.21	19.98	0.0	0.0	2500.0	0.0	0.0
34036.0	174.46	147.85	7.21	19.98	0.0	0.0	2500.0	0.0	0.0
34093.0	174.43	147.87	7.21	19.98	0.0	0.0	2500.0	0.0	0.0
34148.0	174.44	147.91	7.21	19.98	0.0	0.0	2500.0	0.0	0.0
34204.0	174.48	147.89	7.21	19.98	0.0	0.0	2500.0	0.0	0.0
34266.0	174.48	147.9	7.22	19.98	0.0	0.0	2500.0	0.0	0.0
34322.0	174.44	147.9	7.22	19.98	0.0	0.0	2500.0	0.0	0.0
34372.0	174.43	147.91	7.22	19.98	0.0	0.0	2500.0	0.0	0.0
34434.0	174.45	147.9	7.21	19.98	0.0	0.0	2500.0	0.0	0.0
34490.0	174.49	147.88	7.21	19.98	0.0	0.0	2500.0	0.0	0.0
34551.0	174.45	147.89	7.21	19.98	0.0	0.0	2500.0	0.0	0.0
34603.0	174.43	147.9	7.21	19.98	0.0	0.0	2500.0	0.0	0.0
34658.0	174.46	147.93	7.21	19.98	0.0	0.0	2500.0	0.0	0.0
34719.0	174.49	147.93	7.22	19.98	0.0	0.0	2500.0	0.0	0.0
34770.0	174.47	147.9	7.21	19.98	0.0	0.0	2500.0	0.0	0.0
34827.0	174.44	147.9	7.21	19.98	0.0	0.0	2500.0	0.0	0.0
34887.0	174.42	147.91	7.21	19.98	0.0	0.0	2500.0	0.0	0.0
34944.0	174.46	147.9	7.21	19.98	0.0	0.0	2500.0	0.0	0.0
34995.0	174.47	147.92	7.21	19.98	0.0	0.0	2500.0	0.0	0.0
35051.0	174.46	147.93	7.21	19.98	0.0	0.0	2500.0	0.0	0.0
35112.0	174.43	147.92	7.22	19.98	0.0	0.0	2500.0	0.0	0.0
35173.0	174.42	147.88	7.22	19.98	0.0	0.0	2500.0	0.0	0.0
35224.0	174.47	147.93	7.22	19.98	0.0	0.0	2500.0	0.0	0.0
35286.0	174.47	147.95	7.22	19.98	0.0	0.0	2500.0	0.0	0.0
35342.0	174.44	147.93	7.22	19.98	0.0	0.0	2500.0	0.0	0.0
35398.0	174.45	147.92	7.22	19.98	0.0	0.0	2500.0	0.0	0.0
35459.0	174.47	147.97	7.22	19.98	0.0	0.0	2500.0	0.0	0.0
35515.0	174.48	147.94	7.22	19.98	0.0	0.0	2500.0	0.0	0.0
35571.0	174.46	147.94	7.22	19.98	0.0	0.0	2500.0	0.0	0.0
35633.0	174.43	147.93	7.22	19.98	0.0	0.0	2500.0	0.0	0.0
35683.0	174.42	147.92	7.22	19.98	0.0	0.0	2500.0	0.0	0.0
35739.0	174.47	147.93	7.22	19.98	0.0	0.0	2500.0	0.0	0.0
35801.0	174.5	147.92	7.22	19.98	0.0	0.0	2500.0	0.0	0.0
35862.0	174.45	147.92	7.22	19.98	0.0	0.0	2500.0	0.0	0.0
35918.0	174.43	147.91	7.22	19.98	0.0	0.0	2500.0	0.0	0.0
35974.0	174.42	147.88	7.21	19.98	0.0	0.0	2500.0	0.0	0.0
36025.0	174.47	147.9	7.21	19.98	0.0	0.0	2500.0	0.0	0.0
36086.0	174.45	147.9	7.22	19.98	0.0	0.0	2500.0	0.0	0.0
36143.0	174.43	147.91	7.22	19.98	0.0	0.0	2500.0	0.0	0.0
36198.0	174.44	147.93	7.22	19.98	0.0	0.0	2500.0	0.0	0.0
36249.0	174.47	147.94	7.22	19.98	0.0	0.0	2500.0	0.0	0.0
36311.0	174.47	147.94	7.22	19.98	0.0	0.0	2500.0	0.0	0.0
36367.0	174.44	147.93	7.22	19.98	0.0	0.0	2500.0	0.0	0.0
36423.0	174.42	147.92	7.22	19.98	0.0	0.0	2500.0	0.0	0.0
36484.0	174.45	147.93	7.22	19.98	0.0	0.0	2500.0	0.0	0.0
36540.0	174.49	147.96	7.22	19.98	0.0	0.0	2500.0	0.0	0.0
36601.0	174.47	147.93	7.22	19.98	0.0	0.0	2500.0	0.0	0.0
36653.0	174.44	147.93	7.22	19.98	0.0	0.0	2500.0	0.0	0.0
36709.0	174.42	147.92	7.22	19.98	0.0	0.0	2500.0	0.0	0.0
36764.0	174.47	147.97	7.22	19.98	0.0	0.0	2500.0	0.0	0.0
36820.0	174.48	147.94	7.22	19.98	0.0	0.0	2500.0	0.0	0.0
36887.0	174.44	147.93	7.21	19.98	0.0	0.0	2500.0	0.0	0.0
36943.0	174.42	147.92	7.21	19.98	0.0	0.0	2500.0	0.0	0.0
36994.0	174.47	147.93	7.21	19.98	0.0	0.0	2500.0	0.0	0.0
37050.0	174.49	147.91	7.22	19.98	0.0	0.0	2500.0	0.0	0.0
37106.0	174.47	147.91	7.22	19.98	0.0	0.0	2500.0	0.0	0.0
37163.0	174.44	147.91	7.22	19.98	0.0	0.0	2500.0	0.0	0.0
37224.0	174.42	147.91	7.22	19.98	0.0	0.0	2500.0	0.0	0.0
37274.0	174.45	147.91	7.22	19.98	0.0	0.0	2500.0	0.0	0.0
37330.0	174.48	147.96	7.22	19.98	0.0	0.0	2500.0	0.0	0.0
37387.0	174.47	147.94	7.22	19.98	0.0	0.0	2500.0	0.0	0.0
37448.0	174.44	147.93	7.22	19.98	0.0	0.0	2500.0	0.0	0.0
37509.0	174.44	147.91	7.22	19.98	0.0	0.0	2500.0	0.0	0.0
37565.0	174.48	147.9	7.22	19.98	0.0	0.0	2500.0	0.0	0.0
37616.0	174.47	147.89	7.21	19.98	0.0	0.0	2500.0	0.0	0.0
37678.0	174.44	147.9	7.22	19.98	0.0	0.0	2500.0	0.0	0.0
37734.0	174.42	147.9	7.22	19.98	0.0	0.0	2500.0	0.0	0.0
37784.0	174.45	147.92	7.22	19.98	0.0	0.0	2500.0	0.0	0.0
37840.0	174.49	147.9	7.22	19.98	0.0	0.0	2500.0	0.0	0.0
37902.0	174.45	147.91	7.21	19.98	0.0	0.0	2500.0	0.0	0.0
37958.0	174.43	147.91	7.21	19.98	0.0	0.0	2500.0	0.0	0.0
38009.0	174.44	147.87	7.21	19.98	0.0	0.0	2500.0	0.0	0.0
38070.0	174.48	147.9	7.21	19.98	0.0	0.0	2500.0	0.0	0.0
38131.0	174.47	147.92	7.21	19.98	0.0	0.0	2500.0	0.0	0.0
38182.0	174.44	147.92	7.21	19.98	0.0	0.0	2500.0	0.0	0.0
38239.0	174.43	147.91	7.21	19.98	0.0	0.0	2500.0	0.0	0.0
38294.0	174.45	147.91	7.21	19.98	0.0	0.0	2500.0	0.0	0.0
38350.0	174.49	147.88	7.21	19.98	0.0	0.0	2500.0	0.0	0.0
38412.0	174.45	147.9	7.21	19.98	0.0	0.0	2500.0	0.0	0.0
38468.0	174.43	147.9	7.21	19.98	0.0	0.0	2500.0	0.0	0.0
38524.0	174.44	147.89	7.21	19.98	0.0	0.0	2500.0	0.0	0.0
38580.0	174.48	147.8	7.21	19.98	0.0	0.0	2500.0	0.0	0.0
38636.0	174.46	147.76	7.21	19.98	0.0	0.0	2500.0	0.0	0.0
38692.0	174.44	147.8	7.21	19.98	0.0	0.0	2500.0	0.0	0.0
38754.0	174.42	147.78	7.21	19.98	0.0	0.0	2500.0	0.0	0.0
38804.0	174.45	147.75	7.21	19.98	0.0	0.0	2500.0	0.0	0.0
38865.0	174.49	147.75	7.21	19.98	0.0	0.0	2500.0	0.0	0.0
38927.0	174.45	147.81	7.21	19.98	0.0	0.0	2500.0	0.0	0.0
38978.0	174.44	147.83	7.21	19.98	0.0	0.0	2500.0	0.0	0.0
39040.0	174.45	147.85	7.21	19.98	0.0	0.0	2500.0	0.0	0.0
39095.0	174.44	147.74	7.21	19.98	0.0	0.0	2500.0	0.0	0.0
39156.0	174.46	147.68	7.21	19.98	0.0	0.0	2500.0	0.0	0.0
39213.0	174.43	147.74	7.21	19.98	0.0	0.0	2500.0	0.0	0.0
39269.0	174.42	147.8	7.21	19.98	0.0	0.0	2500.0	0.0	0.0
39329.0	174.45	147.71	7.21	19.98	0.0	0.0	2500.0	0.0	0.0
39386.0	174.49	147.71	7.21	19.98	0.0	0.0	2500.0	0.0	0.0
39437.0	174.45	147.67	7.21	19.98	0.0	0.0	2500.0	0.0	0.0
39498.0	174.43	147.67	7.21	19.98	0.0	0.0	2500.0	0.0	0.0
39549.0	174.42	147.64	7.21	19.98	0.0	0.0	2500.0	0.0	0.0
39610.0	174.46	147.61	7.21	19.98	0.0	0.0	2500.0	0.0	0.0
39661.0	174.48	147.64	7.21	19.98	0.0	0.0	2500.0	0.0	0.0
39723.0	174.46	147.75	7.21	19.98	0.0	0.0	2500.0	0.0	0.0
39779.0	174.44	147.81	7.21	19.98	0.0	0.0	2500.0	0.0	0.0
39835.0	174.46	147.75	7.21	19.98	0.0	0.0	2500.0	0.0	0.0
39896.0	174.47	147.71	7.21	19.98	0.0	0.0	2500.0	0.0	0.0
39952.0	174.45	147.77	7.21	19.98	0.0	0.0	2500.0	0.0	0.0
40013.0	174.43	147.83	7.21	19.98	0.0	0.0	2500.0	0.0	0.0
40070.0	174.44	147.87	7.21	19.98	0.0	0.0	2500.0	0.0	0.0
40130.0	174.5	147.88	7.21	19.98	0.0	0.0	2500.0	0.0	0.0
40181.0	174.47	147.9	7.21	19.98	0.0	0.0	2500.0	0.0	0.0
40238.0	174.44	147.89	7.21	19.98	0.0	0.0	2500.0	0.0	0.0
40299.0	174.42	147.88	7.21	19.98	0.0	0.0	2500.0	0.0	0.0
40350.0	174.45	147.87	7.21	19.98	0.0	0.0	2500.0	0.0	0.0
40411.0	174.48	147.89	7.21	19.98	0.0	0.0	2500.0	0.0	0.0
40467.0	174.45	147.86	7.21	19.98	0.0	0.0	2500.0	0.0	0.0
40528.0	174.45	147.88	7.21	19.98	0.0	0.0	2500.0	0.0	0.0
40585.0	174.45	147.85	7.21	19.98	0.0	0.0	2500.0	0.0	0.0
40640.0	174.49	147.74	7.21	19.98	0.0	0.0	2500.0	0.0	0.0
40701.0	174.46	147.69	7.21	19.98	0.0	0.0	2500.0	0.0	0.0
40763.0	174.43	147.77	7.21	19.98	0.0	0.0	2500.0	0.0	0.0
40819.0	174.42	147.81	7.21	19.98	0.0	0.0	2500.0	0.0	0.0
40881.0	174.47	147.84	7.21	19.98	0.0	0.0	2500.0	0.0	0.0
40941.0	174.49	147.89	7.21	19.98	0.0	0.0	2500.0	0.0	0.0
40997.0	174.45	147.87	7.21	19.98	0.0	0.0	2500.0	0.0	0.0
41049.0	174.43	147.87	7.21	19.98	0.0	0.0	2500.0	0.0	0.0
41110.0	174.44	147.81	7.21	19.98	0.0	0.0	2500.0	0.0	0.0
41160.0	174.48	147.75	7.21	19.98	0.0	0.0	2500.0	0.0	0.0
41217.0	174.47	147.81	7.21	19.98	0.0	0.0	2500.0	0.0	0.0
41273.0	174.44	147.84	7.21	19.98	0.0	0.0	2500.0	0.0	0.0
41334.0	174.44	147.87	7.21	19.98	0.0	0.0	2500.0	0.0	0.0
41396.0	174.46	147.79	7.21	19.98	0.0	0.0	2500.0	0.0	0.0
41451.0	174.49	147.84	7.21	19.98	0.0	0.0	2500.0	0.0	0.0
41507.0	174.45	147.87	7.21	19.98	0.0	0.0	2500.0	0.0	0.0
41564.0	174.43	147.89	7.21	19.98	0.0	0.0	2500.0	0.0	0.0
41625.0	174.44	147.82	7.21	19.98	0.0	0.0	2500.0	0.0	0.0
41680.0	174.48	147.72	7.21	19.98	0.0	0.0	2500.0	0.0	0.0
41737.0	174.46	147.7	7.21	19.98	0.0	0.0	2500.0	0.0	0.0
41793.0	174.44	147.77	7.21	19.98	0.0	0.0	2500.0	0.0	0.0
41854.0	174.42	147.72	7.21	19.98	0.0	0.0	2500.0	0.0	0.0
41906.0	174.47	147.72	7.21	19.98	0.0	0.0	2500.0	0.0	0.0
41961.0	174.48	147.67	7.21	19.98	0.0	0.0	2500.0	0.0	0.0
42017.0	174.44	147.75	7.21	19.98	0.0	0.0	2500.0	0.0	0.0
42074.0	174.45	147.8	7.21	19.98	0.0	0.0	2500.0	0.0	0.0
42125.0	174.45	147.83	7.21	19.98	0.0	0.0	2500.0	0.0	0.0
42181.0	174.49	147.74	7.21	19.98	0.0	0.0	2500.0	0.0	0.0
42247.0	174.45	147.62	7.21	19.98	0.0	0.0	2500.0	0.0	0.0
42298.0	174.43	147.74	7.21	19.98	0.0	0.0	2500.0	0.0	0.0
42354.0	174.42	147.79	7.21	19.98	0.0	0.0	2500.0	0.0	0.0
42411.0	174.45	147.75	7.21	19.98	0.0	0.0	2500.0	0.0	0.0
42466.0	174.49	147.7	7.21	19.98	0.0	0.0	2500.0	0.0	0.0
42527.0	174.45	147.73	7.21	19.98	0.0	0.0	2500.0	0.0	0.0
42584.0	174.43	147.81	7.21	19.98	0.0	0.0	2500.0	0.0	0.0
42640.0	174.44	147.79	7.21	19.98	0.0	0.0	2500.0	0.0	0.0
42701.0	174.48	147.84	7.21	19.98	0.0	0.0	2500.0	0.0	0.0
42757.0	174.46	147.8	7.21	19.98	0.0	0.0	2500.0	0.0	0.0
42813.0	174.44	147.85	7.21	19.98	0.0	0.0	2500.0	0.0	0.0
42869.0	174.44	147.87	7.21	19.98	0.0	0.0	2500.0	0.0	0.0
42931.0	174.46	147.89	7.21	19.98	0.0	0.0	2500.0	0.0	0.0
42986.0	174.49	147.87	7.21	19.98	0.0	0.0	2500.0	0.0	0.0
43042.0	174.45	147.89	7.21	19.98	0.0	0.0	2500.0	0.0	0.0
43109.0	174.43	147.88	7.21	19.98	0.0	0.0	2500.0	0.0	0.0
43160.0	174.44	147.91	7.21	19.98	0.0	0.0	2500.0	0.0	0.0
43222.0	174.48	147.95	7.22	19.98	0.0	0.0	2500.0	0.0	0.0
43282.0	174.46	147.93	7.21	19.98	0.0	0.0	2500.0	0.0	0.0
43338.0	174.44	147.92	7.22	19.98	0.0	0.0	2500.0	0.0	0.0
43395.0	174.42	147.92	7.22	19.98	0.0	0.0	2500.0	0.0	0.0
43451.0	174.45	147.95	7.22	19.98	0.0	0.0	2500.0	0.0	0.0
43506.0	174.49	147.96	7.22	19.98	0.0	0.0	2500.0	0.0	0.0
43568.0	174.45	147.94	7.21	19.98	0.0	0.0	2500.0	0.0	0.0
43624.0	174.43	147.93	7.21	19.98	0.0	0.0	2500.0	0.0	0.0
43675.0	174.44	147.94	7.22	19.98	0.0	0.0	2500.0	0.0	0.0
43731.0	174.48	147.96	7.22	19.98	0.0	0.0	2500.0	0.0	0.0
43792.0	174.47	147.94	7.22	19.98	0.0	0.0	2500.0	0.0	0.0
43853.0	174.44	147.93	7.21	19.98	0.0	0.0	2500.0	0.0	0.0
43910.0	174.42	147.92	7.21	19.98	0.0	0.0	2500.0	0.0	0.0
43966.0	174.47	147.97	7.22	19.98	0.0	0.0	2500.0	0.0	0.0
44022.0	174.48	147.94	7.21	19.98	0.0	0.0	2500.0	0.0	0.0
44078.0	174.46	147.93	7.22	19.98	0.0	0.0	2500.0	0.0	0.0
44134.0	174.43	147.92	7.22	19.98	0.0	0.0	2500.0	0.0	0.0
44190.0	174.44	147.94	7.22	19.98	0.0	0.0	2500.0	0.0	0.0
44252.0	174.48	147.92	7.22	19.98	0.0	0.0	2500.0	0.0	0.0
44307.0	174.46	147.93	7.22	19.98	0.0	0.0	2500.0	0.0	0.0
44363.0	174.43	147.92	7.22	19.98	0.0	0.0	2500.0	0.0	0.0
44425.0	174.42	147.92	7.22	19.98	0.0	0.0	2500.0	0.0	0.0
44481.0	174.49	147.95	7.22	19.98	0.0	0.0	2500.0	0.0	0.0
44537.0	174.49	147.97	7.22	19.98	0.0	0.0	2500.0	0.0	0.0
44593.0	174.45	147.94	7.21	19.98	0.0	0.0	2500.0	0.0	0.0
44654.0	174.43	147.93	7.22	19.98	0.0	0.0	2500.0	0.0	0.0
44710.0	174.44	147.94	7.22	19.98	0.0	0.0	2500.0	0.0	0.0
44772.0	174.48	147.98	7.22	19.98	0.0	0.0	2500.0	0.0	0.0
44827.0	174.48	147.96	7.22	19.98	0.0	0.0	2500.0	0.0	0.0
44889.0	174.44	147.94	7.22	19.98	0.0	0.0	2500.0	0.0	0.0
44950.0	174.42	147.95	7.22	19.98	0.0	0.0	2500.0	0.0	0.0
45006.0	174.47	147.98	7.22	19.98	0.0	0.0	2500.0	0.0	0.0
45063.0	174.48	147.97	7.22	19.98	0.0	0.0	2500.0	0.0	0.0
45123.0	174.44	147.94	7.22	19.98	0.0	0.0	2500.0	0.0	0.0
45179.0	174.42	147.93	7.22	19.98	0.0	0.0	2500.0	0.0	0.0
45236.0	174.45	147.95	7.22	19.98	0.0	0.0	2500.0	0.0	0.0
45297.0	174.48	147.98	7.22	19.98	0.0	0.0	2500.0	0.0	0.0
45352.0	174.46	147.95	7.22	19.98	0.0	0.0	2500.0	0.0	0.0
45409.0	174.44	147.93	7.22	19.98	0.0	0.0	2500.0	0.0	0.0
45470.0	174.42	147.92	7.22	19.98	0.0	0.0	2500.0	0.0	0.0
45527.0	174.47	147.96	7.22	19.98	0.0	0.0	2500.0	0.0	0.0
45583.0	174.48	147.95	7.22	19.98	0.0	0.0	2500.0	0.0	0.0
45643.0	174.46	147.93	7.22	19.98	0.0	0.0	2500.0	0.0	0.0
45700.0	174.43	147.92	7.22	19.98	0.0	0.0	2500.0	0.0	0.0
45756.0	174.46	147.95	7.22	19.98	0.0	0.0	2500.0	0.0	0.0
45817.0	174.48	147.98	7.22	19.98	0.0	0.0	2500.0	0.0	0.0
45878.0	174.45	147.95	7.22	19.98	0.0	0.0	2500.0	0.0	0.0
45934.0	174.43	147.93	7.22	19.98	0.0	0.0	2500.0	0.0	0.0
45985.0	174.44	147.94	7.22	19.98	0.0	0.0	2500.0	0.0	0.0
46047.0	174.48	147.98	7.22	19.98	0.0	0.0	2500.0	0.0	0.0
46103.0	174.46	147.96	7.22	19.98	0.0	0.0	2500.0	0.0	0.0
46148.0	174.44	147.94	7.22	19.98	0.0	0.0	2500.0	0.0	0.0
46215.0	174.42	147.93	7.22	19.98	0.0	0.0	2500.0	0.0	0.0
46266.0	174.45	147.94	7.22	19.98	0.0	0.0	2500.0	0.0	0.0
46322.0	174.49	147.98	7.22	19.98	0.0	0.0	2500.0	0.0	0.0
46377.0	174.45	147.94	7.22	19.98	0.0	0.0	2500.0	0.0	0.0
46439.0	174.44	147.92	7.22	19.98	0.0	0.0	2500.0	0.0	0.0
46500.0	174.45	147.94	7.22	19.98	0.0	0.0	2500.0	0.0	0.0
46557.0	174.47	147.96	7.22	19.98	0.0	0.0	2500.0	0.0	0.0
46608.0	174.47	147.97	7.22	19.98	0.0	0.0	2500.0	0.0	0.0
46668.0	174.44	147.94	7.22	19.98	0.0	0.0	2500.0	0.0	0.0
46720.0	174.42	147.93	7.22	19.98	0.0	0.0	2500.0	0.0	0.0
46776.0	174.43	147.94	7.22	19.98	0.0	0.0	2500.0	0.0	0.0
46832.0	174.48	147.98	7.22	19.98	0.0	0.0	2500.0	0.0	0.0
46894.0	174.46	147.96	7.22	19.98	0.0	0.0	2500.0	0.0	0.0
46944.0	174.43	147.94	7.22	19.98	0.0	0.0	2500.0	0.0	0.0
47000.0	174.42	147.95	7.22	19.98	0.0	0.0	2500.0	0.0	0.0
47062.0	174.47	147.99	7.22	19.98	0.0	0.0	2500.0	0.0	0.0
47118.0	174.48	147.97	7.22	19.98	0.0	0.0	2500.0	0.0	0.0
47178.0	174.47	147.94	7.22	19.98	0.0	0.0	2500.0	0.0	0.0
47240.0	174.44	147.93	7.22	19.98	0.0	0.0	2500.0	0.0	0.0
47296.0	174.44	147.94	7.22	19.98	0.0	0.0	2500.0	0.0	0.0
47347.0	174.48	147.96	7.22	19.98	0.0	0.0	2500.0	0.0	0.0
47398.0	174.47	147.94	7.22	19.98	0.0	0.0	2500.0	0.0	0.0
47454.0	174.44	147.93	7.22	19.98	0.0	0.0	2500.0	0.0	0.0
47515.0	174.42	147.92	7.22	19.98	0.0	0.0	2500.0	0.0	0.0
47577.0	174.49	147.96	7.22	19.98	0.0	0.0	2500.0	0.0	0.0
47633.0	174.51	147.97	7.22	19.98	0.0	0.0	2500.0	0.0	0.0
47688.0	174.46	147.94	7.22	19.98	0.0	0.0	2500.0	0.0	0.0
47745.0	174.43	147.93	7.22	19.98	0.0	0.0	2500.0	0.0	0.0
47801.0	174.46	147.96	7.22	19.98	0.0	0.0	2500.0	0.0	0.0
47857.0	174.48	147.97	7.22	19.98	0.0	0.0	2500.0	0.0	0.0
47908.0	174.46	147.95	7.22	19.98	0.0	0.0	2500.0	0.0	0.0
47969.0	174.43	147.93	7.21	19.98	0.0	0.0	2500.0	0.0	0.0
48030.0	174.42	147.92	7.21	19.98	0.0	0.0	2500.0	0.0	0.0
48081.0	174.47	147.95	7.21	19.98	0.0	0.0	2500.0	0.0	0.0
48143.0	174.48	147.96	7.21	19.98	0.0	0.0	2500.0	0.0	0.0
48199.0	174.44	147.94	7.21	19.98	0.0	0.0	2500.0	0.0	0.0
48260.0	174.42	147.93	7.21	19.98	0.0	0.0	2500.0	0.0	0.0
48316.0	174.43	147.94	7.22	19.98	0.0	0.0	2500.0	0.0	0.0
48372.0	174.47	147.92	7.21	19.98	0.0	0.0	2500.0	0.0	0.0
48429.0	174.46	147.9	7.21	19.98	0.0	0.0	2500.0	0.0	0.0
48484.0	174.43	147.91	7.21	19.98	0.0	0.0	2500.0	0.0	0.0
48545.0	174.42	147.91	7.21	19.98	0.0	0.0	2500.0	0.0	0.0
48596.0	174.45	147.91	7.21	19.98	0.0	0.0	2500.0	0.0	0.0
48653.0	174.48	147.96	7.21	19.98	0.0	0.0	2500.0	0.0	0.0
48714.0	174.45	147.94	7.21	19.98	0.0	0.0	2500.0	0.0	0.0
48770.0	174.43	147.93	7.21	19.98	0.0	0.0	2500.0	0.0	0.0
48826.0	174.44	147.94	7.21	19.98	0.0	0.0	2500.0	0.0	0.0
48887.0	174.48	147.96	7.21	19.98	0.0	0.0	2500.0	0.0	0.0
48944.0	174.46	147.94	7.21	19.98	0.0	0.0	2500.0	0.0	0.0
48999.0	174.43	147.93	7.21	19.98	0.0	0.0	2500.0	0.0	0.0
49055.0	174.42	147.92	7.22	19.98	0.0	0.0	2500.0	0.0	0.0
49106.0	174.45	147.94	7.22	19.98	0.0	0.0	2500.0	0.0	0.0
49168.0	174.49	147.96	7.22	19.98	0.0	0.0	2500.0	0.0	0.0
49224.0	174.45	147.94	7.22	19.98	0.0	0.0	2500.0	0.0	0.0
49280.0	174.43	147.93	7.22	19.98	0.0	0.0	2500.0	0.0	0.0
49341.0	174.44	147.96	7.22	19.98	0.0	0.0	2500.0	0.0	0.0
49397.0	174.46	147.95	7.22	19.98	0.0	0.0	2500.0	0.0	0.0
49459.0	174.46	147.93	7.22	19.98	0.0	0.0	2500.0	0.0	0.0
49514.0	174.44	147.92	7.22	19.98	0.0	0.0	2500.0	0.0	0.0
49570.0	174.44	147.92	7.22	19.98	0.0	0.0	2500.0	0.0	0.0
49627.0	174.48	147.97	7.22	19.98	0.0	0.0	2500.0	0.0	0.0
49683.0	174.48	147.97	7.22	19.98	0.0	0.0	2500.0	0.0	0.0
49744.0	174.44	147.95	7.22	19.98	0.0	0.0	2500.0	0.0	0.0
49795.0	174.43	147.93	7.22	19.98	0.0	0.0	2500.0	0.0	0.0
49851.0	174.44	147.94	7.21	19.98	0.0	0.0	2500.0	0.0	0.0
49912.0	174.48	147.96	7.21	19.98	0.0	0.0	2500.0	0.0	0.0
49969.0	174.46	147.94	7.21	19.98	0.0	0.0	2500.0	0.0	0.0
50020.0	174.44	147.93	7.21	19.98	0.0	0.0	2500.0	0.0	0.0
50075.0	174.42	147.92	7.21	19.98	0.0	0.0	2500.0	0.0	0.0
50131.0	174.45	147.95	7.22	19.98	0.0	0.0	2500.0	0.0	0.0
50188.0	174.49	147.95	7.22	19.98	0.0	0.0	2500.0	0.0	0.0
50244.0	174.45	147.93	7.22	19.98	0.0	0.0	2500.0	0.0	0.0
50305.0	174.43	147.92	7.22	19.98	0.0	0.0	2500.0	0.0	0.0
50366.0	174.45	147.94	7.22	19.98	0.0	0.0	2500.0	0.0	0.0
50427.0	174.49	147.98	7.22	19.98	0.0	0.0	2500.0	0.0	0.0
50489.0	174.46	147.96	7.21	19.98	0.0	0.0	2500.0	0.0	0.0
50540.0	174.44	147.94	7.21	19.98	0.0	0.0	2500.0	0.0	0.0
50595.0	174.42	147.93	7.21	19.98	0.0	0.0	2500.0	0.0	0.0
50657.0	174.45	147.95	7.21	19.98	0.0	0.0	2500.0	0.0	0.0
50713.0	174.48	147.96	7.22	19.98	0.0	0.0	2500.0	0.0	0.0
50769.0	174.45	147.94	7.21	19.98	0.0	0.0	2500.0	0.0	0.0
50820.0	174.43	147.93	7.22	19.98	0.0	0.0	2500.0	0.0	0.0
50886.0	174.44	147.92	7.22	19.98	0.0	0.0	2500.0	0.0	0.0
50937.0	174.48	147.95	7.22	19.98	0.0	0.0	2500.0	0.0	0.0
50994.0	174.47	147.95	7.21	19.98	0.0	0.0	2500.0	0.0	0.0
51050.0	174.44	147.93	7.22	19.98	0.0	0.0	2500.0	0.0	0.0
51105.0	174.42	147.92	7.22	19.98	0.0	0.0	2500.0	0.0	0.0
51167.0	174.45	147.97	7.22	19.98	0.0	0.0	2500.0	0.0	0.0
51218.0	174.47	147.98	7.22	19.98	0.0	0.0	2500.0	0.0	0.0
51279.0	174.45	147.95	7.22	19.98	0.0	0.0	2500.0	0.0	0.0
51335.0	174.43	147.93	7.22	19.98	0.0	0.0	2500.0	0.0	0.0
51391.0	174.44	147.94	7.22	19.98	0.0	0.0	2500.0	0.0	0.0
51447.0	174.48	147.96	7.22	19.98	0.0	0.0	2500.0	0.0	0.0
51504.0	174.48	147.95	7.22	19.98	0.0	0.0	2500.0	0.0	0.0
51565.0	174.44	147.93	7.22	19.98	0.0	0.0	2500.0	0.0	0.0
51620.0	174.43	147.92	7.22	19.98	0.0	0.0	2500.0	0.0	0.0
51677.0	174.45	147.95	7.22	19.98	0.0	0.0	2500.0	0.0	0.0
51738.0	174.48	147.95	7.22	19.98	0.0	0.0	2500.0	0.0	0.0
51794.0	174.45	147.93	7.22	19.98	0.0	0.0	2500.0	0.0	0.0
51856.0	174.42	147.92	7.21	19.98	0.0	0.0	2500.0	0.0	0.0
51911.0	174.46	147.94	7.21	19.98	0.0	0.0	2500.0	0.0	0.0
51968.0	174.49	147.93	7.21	19.98	0.0	0.0	2500.0	0.0	0.0
52019.0	174.47	147.93	7.21	19.98	0.0	0.0	2500.0	0.0	0.0
52080.0	174.44	147.92	7.22	19.98	0.0	0.0	2500.0	0.0	0.0
52135.0	174.42	147.92	7.22	19.98	0.0	0.0	2500.0	0.0	0.0
52187.0	174.46	147.95	7.22	19.98	0.0	0.0	2500.0	0.0	0.0
52248.0	174.49	147.98	7.22	19.98	0.0	0.0	2500.0	0.0	0.0
52304.0	174.45	147.95	7.22	19.98	0.0	0.0	2500.0	0.0	0.0
52356.0	174.43	147.94	7.22	19.98	0.0	0.0	2500.0	0.0	0.0
52416.0	174.42	147.92	7.22	19.98	0.0	0.0	2500.0	0.0	0.0
52477.0	174.46	147.93	7.22	19.98	0.0	0.0	2500.0	0.0	0.0
52534.0	174.47	147.94	7.22	19.98	0.0	0.0	2500.0	0.0	0.0
52585.0	174.44	147.93	7.22	19.98	0.0	0.0	2500.0	0.0	0.0
52645.0	174.42	147.92	7.22	19.98	0.0	0.0	2500.0	0.0	0.0
52702.0	174.47	147.97	7.22	19.98	0.0	0.0	2500.0	0.0	0.0
52763.0	174.5	147.96	7.22	19.98	0.0	0.0	2500.0	0.0	0.0
52819.0	174.46	147.94	7.22	19.98	0.0	0.0	2500.0	0.0	0.0
52876.0	174.43	147.93	7.21	19.98	0.0	0.0	2500.0	0.0	0.0
52931.0	174.44	147.94	7.21	19.98	0.0	0.0	2500.0	0.0	0.0
52993.0	174.48	147.98	7.21	19.98	0.0	0.0	2500.0	0.0	0.0
53044.0	174.48	147.96	7.21	19.98	0.0	0.0	2500.0	0.0	0.0
53100.0	174.47	147.94	7.22	19.98	0.0	0.0	2500.0	0.0	0.0
53161.0	174.44	147.93	7.22	19.98	0.0	0.0	2500.0	0.0	0.0
53217.0	174.46	147.95	7.22	19.98	0.0	0.0	2500.0	0.0	0.0
53278.0	174.48	147.98	7.22	19.98	0.0	0.0	2500.0	0.0	0.0
53329.0	174.47	147.95	7.22	19.98	0.0	0.0	2500.0	0.0	0.0
53386.0	174.44	147.93	7.22	19.98	0.0	0.0	2500.0	0.0	0.0
53446.0	174.44	147.94	7.22	19.98	0.0	0.0	2500.0	0.0	0.0
53502.0	174.49	147.98	7.22	19.98	0.0	0.0	2500.0	0.0	0.0
53559.0	174.47	147.97	7.22	19.98	0.0	0.0	2500.0	0.0	0.0
53615.0	174.44	147.94	7.22	19.98	0.0	0.0	2500.0	0.0	0.0
53671.0	174.42	147.93	7.22	19.98	0.0	0.0	2500.0	0.0	0.0
53727.0	174.45	147.96	7.22	19.98	0.0	0.0	2500.0	0.0	0.0
53783.0	174.49	147.98	7.22	19.98	0.0	0.0	2500.0	0.0	0.0
53839.0	174.45	147.95	7.22	19.98	0.0	0.0	2500.0	0.0	0.0
53896.0	174.45	147.93	7.22	19.98	0.0	0.0	2500.0	0.0	0.0
53951.0	174.43	147.92	7.22	19.98	0.0	0.0	2500.0	0.0	0.0
54002.0	174.48	147.95	7.22	19.98	0.0	0.0	2500.0	0.0	0.0
54069.0	174.47	147.94	7.22	19.98	0.0	0.0	2500.0	0.0	0.0
54125.0	174.44	147.92	7.22	19.98	0.0	0.0	2500.0	0.0	0.0
54181.0	174.42	147.92	7.22	19.98	0.0	0.0	2500.0	0.0	0.0
54237.0	174.43	147.93	7.22	19.98	0.0	0.0	2500.0	0.0	0.0
54298.0	174.47	147.95	7.22	19.98	0.0	0.0	2500.0	0.0	0.0
54354.0	174.46	147.95	7.22	19.98	0.0	0.0	2500.0	0.0	0.0
54416.0	174.43	147.93	7.22	19.98	0.0	0.0	2500.0	0.0	0.0
54467.0	174.42	147.92	7.22	19.98	0.0	0.0	2500.0	0.0	0.0
54522.0	174.47	147.97	7.22	19.98	0.0	0.0	2500.0	0.0	0.0
54579.0	174.48	147.96	7.22	19.98	0.0	0.0	2500.0	0.0	0.0
54635.0	174.45	147.94	7.22	19.98	0.0	0.0	2500.0	0.0	0.0
54691.0	174.44	147.93	7.22	19.98	0.0	0.0	2500.0	0.0	0.0
54747.0	174.45	147.96	7.22	19.98	0.0	0.0	2500.0	0.0	0.0
54803.0	174.49	147.97	7.22	19.98	0.0	0.0	2500.0	0.0	0.0
54859.0	174.45	147.92	7.22	19.98	0.0	0.0	2500.0	0.0	0.0
54916.0	174.43	147.91	7.21	19.98	0.0	0.0	2500.0	0.0	0.0
54977.0	174.42	147.91	7.21	19.98	0.0	0.0	2500.0	0.0	0.0
55032.0	174.45	147.96	7.22	19.98	0.0	0.0	2500.0	0.0	0.0
55089.0	174.49	147.97	7.22	19.98	0.0	0.0	2500.0	0.0	0.0
55145.0	174.45	147.94	7.22	19.98	0.0	0.0	2500.0	0.0	0.0
55201.0	174.43	147.93	7.22	19.98	0.0	0.0	2500.0	0.0	0.0
55257.0	174.44	147.94	7.22	19.98	0.0	0.0	2500.0	0.0	0.0
55318.0	174.47	147.97	7.22	19.98	0.0	0.0	2500.0	0.0	0.0
55369.0	174.46	147.96	7.22	19.98	0.0	0.0	2500.0	0.0	0.0
55431.0	174.46	147.94	7.22	19.98	0.0	0.0	2500.0	0.0	0.0
55492.0	174.43	147.93	7.22	19.98	0.0	0.0	2500.0	0.0	0.0
55547.0	174.48	147.97	7.22	19.98	0.0	0.0	2500.0	0.0	0.0
55604.0	174.48	147.98	7.22	19.98	0.0	0.0	2500.0	0.0	0.0
55660.0	174.45	147.95	7.22	19.98	0.0	0.0	2500.0	0.0	0.0
55716.0	174.43	147.93	7.22	19.98	0.0	0.0	2500.0	0.0	0.0
55777.0	174.44	147.94	7.22	19.98	0.0	0.0	2500.0	0.0	0.0
55833.0	174.5	147.98	7.22	19.98	0.0	0.0	2500.0	0.0	0.0
55889.0	174.47	147.96	7.22	19.98	0.0	0.0	2500.0	0.0	0.0
55946.0	174.44	147.94	7.22	19.98	0.0	0.0	2500.0	0.0	0.0
56002.0	174.42	147.93	7.22	19.98	0.0	0.0	2500.0	0.0	0.0
56062.0	174.47	147.97	7.22	19.98	0.0	0.0	2500.0	0.0	0.0
56119.0	174.48	147.98	7.22	19.98	0.0	0.0	2500.0	0.0	0.0
56175.0	174.45	147.95	7.22	19.98	0.0	0.0	2500.0	0.0	0.0
56237.0	174.44	147.93	7.22	19.98	0.0	0.0	2500.0	0.0	0.0
56293.0	174.45	147.94	7.22	19.98	0.0	0.0	2500.0	0.0	0.0
56348.0	174.49	147.98	7.22	19.98	0.0	0.0	2500.0	0.0	0.0
56404.0	174.46	147.96	7.22	19.98	0.0	0.0	2500.0	0.0	0.0
56466.0	174.44	147.94	7.22	19.98	0.0	0.0	2500.0	0.0	0.0
56517.0	174.42	147.93	7.23	19.98	0.0	0.0	2500.0	0.0	0.0
56578.0	174.45	147.97	7.23	19.98	0.0	0.0	2500.0	0.0	0.0
56634.0	174.48	147.99	7.22	19.98	0.0	0.0	2500.0	0.0	0.0
56695.0	174.45	147.97	7.22	19.98	0.0	0.0	2500.0	0.0	0.0
56752.0	174.43	147.94	7.23	19.98	0.0	0.0	2500.0	0.0	0.0
56813.0	174.44	147.96	7.23	19.98	0.0	0.0	2500.0	0.0	0.0
56868.0	174.48	147.97	7.22	19.98	0.0	0.0	2500.0	0.0	0.0
56925.0	174.46	147.95	7.22	19.98	0.0	0.0	2500.0	0.0	0.0
56981.0	174.43	147.93	7.22	19.98	0.0	0.0	2500.0	0.0	0.0
57042.0	174.46	147.94	7.22	19.98	0.0	0.0	2500.0	0.0	0.0
57098.0	174.47	147.96	7.23	19.98	0.0	0.0	2500.0	0.0	0.0
57149.0	174.5	147.96	7.23	19.98	0.0	0.0	2500.0	0.0	0.0
57210.0	174.46	147.94	7.23	19.98	0.0	0.0	2500.0	0.0	0.0
57262.0	174.43	147.93	7.23	19.98	0.0	0.0	2500.0	0.0	0.0
57323.0	174.46	147.96	7.23	19.98	0.0	0.0	2500.0	0.0	0.0
57378.0	174.47	147.97	7.23	19.98	0.0	0.0	2500.0	0.0	0.0
57435.0	174.48	147.96	7.23	19.98	0.0	0.0	2500.0	0.0	0.0
57491.0	174.44	147.95	7.23	19.98	0.0	0.0	2500.0	0.0	0.0
57547.0	174.42	147.93	7.23	19.98	0.0	0.0	2500.0	0.0	0.0
57603.0	174.48	147.98	7.22	19.98	0.0	0.0	2500.0	0.0	0.0
57659.0	174.48	147.98	7.23	19.98	0.0	0.0	2500.0	0.0	0.0
57710.0	174.45	147.95	7.23	19.98	0.0	0.0	2500.0	0.0	0.0
57766.0	174.43	147.94	7.22	19.98	0.0	0.0	2500.0	0.0	0.0
57828.0	174.47	147.94	7.23	19.98	0.0	0.0	2500.0	0.0	0.0
57888.0	174.5	147.98	7.22	19.98	0.0	0.0	2500.0	0.0	0.0
57945.0	174.47	147.96	7.22	19.98	0.0	0.0	2500.0	0.0	0.0
58001.0	174.44	147.94	7.22	19.98	0.0	0.0	2500.0	0.0	0.0
58057.0	174.42	147.93	7.22	19.98	0.0	0.0	2500.0	0.0	0.0
58114.0	174.45	147.96	7.22	19.98	0.0	0.0	2500.0	0.0	0.0
58174.0	174.48	147.98	7.22	19.98	0.0	0.0	2500.0	0.0	0.0
58225.0	174.45	147.95	7.22	19.98	0.0	0.0	2500.0	0.0	0.0
58287.0	174.43	147.95	7.22	19.98	0.0	0.0	2500.0	0.0	0.0
58348.0	174.44	147.95	7.22	19.98	0.0	0.0	2500.0	0.0	0.0
58398.0	174.46	147.97	7.22	19.98	0.0	0.0	2500.0	0.0	0.0

================================Data log ends here================================