Log created on 4-5-2018__14.39.51
cek

Time	MAT	CHT	MAP	AFR	TPS	RPM	CCM	Cons	State
3618.0	-308.04	-274.68	1.16	19.98	0.0	0.0	3600.0	0.0	0.0
3712.0	-308.5	-274.81	1.15	19.98	0.0	0.0	3600.0	0.0	0.0
3784.0	-308.66	-274.86	1.15	19.98	0.0	0.0	3600.0	0.0	0.0
3852.0	-308.73	-274.88	1.15	19.98	0.0	0.0	3600.0	0.0	0.0
3923.0	-307.97	-274.63	1.16	19.98	0.0	0.0	3600.0	0.0	0.0
4001.0	-308.26	-274.13	1.16	19.98	0.0	0.0	3600.0	0.0	0.0
4064.0	-308.51	-274.48	1.16	19.98	0.0	0.0	3600.0	0.0	0.0
4121.0	-308.64	-274.66	1.16	19.98	0.0	0.0	3600.0	0.0	0.0
4178.0	-308.71	-274.77	1.16	19.98	0.0	0.0	3600.0	0.0	0.0
4240.0	-308.76	-274.83	1.15	19.98	0.0	0.0	3600.0	0.0	0.0
4297.0	-308.78	-274.86	1.15	19.98	0.0	0.0	3600.0	0.0	0.0
4360.0	-308.79	-274.88	1.16	19.98	0.0	0.0	3600.0	0.0	0.0
4427.0	-308.8	-274.27	1.16	19.98	0.0	0.0	3600.0	0.0	0.0
4478.0	-308.79	-274.53	1.16	19.98	0.0	0.0	3600.0	0.0	0.0
4546.0	-308.8	-274.71	1.15	19.98	0.0	0.0	3600.0	0.0	0.0
4624.0	-308.8	-274.73	1.16	19.98	0.0	0.0	3600.0	0.0	0.0
4681.0	-308.81	-274.8	1.15	19.98	0.0	0.0	3600.0	0.0	0.0
4743.0	-308.81	-274.85	1.16	19.97	0.0	0.0	3600.0	0.0	0.0
4805.0	-308.81	-274.87	1.16	19.98	0.0	0.0	3600.0	0.0	0.0
4857.0	-308.81	-274.88	1.16	19.98	0.0	0.0	3600.0	0.0	0.0
4915.0	-308.81	-274.89	1.16	19.98	0.0	0.0	3600.0	0.0	0.0
4976.0	-308.81	-274.89	1.16	19.98	0.0	0.0	3600.0	0.0	0.0
5033.0	-308.81	-274.9	1.15	19.98	0.0	0.0	3600.0	0.0	0.0
5086.0	-308.81	-274.9	1.15	19.98	0.0	0.0	3600.0	0.0	0.0
5142.0	-308.81	-274.9	1.16	19.98	0.0	0.0	3600.0	0.0	0.0
5199.0	-308.81	-274.9	1.15	19.98	0.0	0.0	3600.0	0.0	0.0
5257.0	-308.81	-274.9	1.16	19.98	0.0	0.0	3600.0	0.0	0.0
5313.0	-308.81	-274.9	1.15	19.98	0.0	0.0	3600.0	0.0	0.0
5370.0	-308.81	-274.9	1.16	19.98	0.0	0.0	3600.0	0.0	0.0
5428.0	-308.81	-274.9	1.15	19.98	0.0	0.0	3600.0	0.0	0.0
5479.0	-308.81	-274.9	1.15	19.98	0.0	0.0	3600.0	0.0	0.0
5541.0	-308.81	-274.9	1.15	19.98	0.0	0.0	3600.0	0.0	0.0
5599.0	-308.81	-274.9	1.15	19.98	0.0	0.0	3600.0	0.0	0.0
5656.0	-308.81	-274.9	1.15	19.98	0.0	0.0	3600.0	0.0	0.0
5712.0	-308.66	-274.84	1.15	19.98	0.0	0.0	3600.0	0.0	0.0
5775.0	-308.73	-274.87	1.15	19.98	0.0	0.0	3600.0	0.0	0.0
5832.0	-308.76	-274.88	1.15	19.98	0.0	0.0	3600.0	0.0	0.0
5889.0	-308.68	-274.82	1.15	19.98	0.0	0.0	3600.0	0.0	0.0
5946.0	-308.74	-274.86	1.15	19.98	0.0	0.0	3600.0	0.0	0.0
6003.0	-308.77	-274.88	1.15	19.98	0.0	0.0	3600.0	0.0	0.0
6061.0	-308.79	-274.89	1.15	19.98	0.0	0.0	3600.0	0.0	0.0
6117.0	-308.52	-274.74	1.15	19.98	0.0	0.0	3600.0	0.0	0.0
6174.0	-308.65	-274.81	1.15	19.98	0.0	0.0	3600.0	0.0	0.0
6232.0	-308.72	-274.85	1.15	19.98	0.0	0.0	3600.0	0.0	0.0
6288.0	-308.48	-274.76	1.15	19.98	0.0	0.0	3600.0	0.0	0.0
6350.0	-308.63	-274.82	1.15	19.98	0.0	0.0	3600.0	0.0	0.0
6403.0	-308.35	-274.71	1.15	19.98	0.0	0.0	3600.0	0.15	19.98
6459.0	-308.55	-274.79	1.15	19.98	0.0	0.0	3600.0	0.0	0.0
6521.0	-308.67	-274.84	1.15	19.98	0.0	0.0	3600.0	0.0	0.0
6574.0	-308.47	-274.7	1.16	19.98	0.0	0.0	3600.0	0.0	0.0
6631.0	-308.61	-274.78	1.15	19.98	0.0	0.0	3600.0	0.0	0.0
6687.0	-308.18	-274.62	1.15	19.98	0.0	0.0	3600.0	0.0	0.0
6739.0	-308.44	-274.73	1.15	19.98	0.0	0.0	3600.0	0.0	0.0
6802.0	-308.61	-274.81	1.15	19.98	0.0	0.0	3600.0	0.0	0.0
6853.0	-308.15	-274.62	1.15	19.98	0.0	0.0	3600.0	0.0	0.0
6910.0	-308.44	-274.74	1.15	19.98	0.0	0.0	3600.0	0.0	0.0
6968.0	-307.55	-274.51	1.15	19.98	0.0	0.0	3600.0	0.0	0.0
7019.0	-308.05	-274.67	1.15	19.98	0.0	0.0	3600.0	0.0	0.0
7076.0	-308.38	-274.77	1.15	19.98	0.0	0.0	3600.0	0.0	0.0
7134.0	-308.56	-274.82	1.15	19.98	0.0	0.0	3600.0	0.0	0.0
7185.0	-308.66	-274.85	1.15	19.98	0.0	0.0	3600.0	0.0	0.0
7242.0	-308.73	-274.87	1.15	19.98	0.0	0.0	3600.0	0.0	0.0
7294.0	-308.76	-274.88	1.16	19.98	0.0	0.0	3600.0	0.0	0.0
7351.0	-308.78	-274.89	1.16	19.98	0.0	0.0	3600.0	0.0	0.0
7408.0	-308.79	-274.89	1.16	19.98	0.0	0.0	3600.0	0.0	0.0
7471.0	-308.8	-274.9	1.16	19.98	0.0	0.0	3600.0	0.0	0.0
7522.0	-308.8	-274.9	1.15	19.98	0.0	0.0	3600.0	0.0	0.0
7574.0	-308.81	-274.9	1.15	19.98	0.0	0.0	3600.0	0.0	0.0
7631.0	-308.81	-274.9	1.15	19.98	0.0	0.0	3600.0	0.0	0.0
7688.0	-308.81	-274.9	1.15	19.98	0.0	0.0	3600.0	0.0	0.0
7745.0	-308.81	-274.9	1.15	19.98	0.0	0.0	3600.0	0.0	0.0
7802.0	-308.81	-274.9	1.15	19.98	0.0	0.0	3600.0	0.0	0.0
7860.0	-308.81	-274.9	1.16	19.98	0.0	0.0	3600.0	0.0	0.0
7916.0	-308.81	-274.9	1.15	19.98	0.0	0.0	3600.0	0.0	0.0
7973.0	-308.81	-274.9	1.16	19.98	0.0	0.0	3600.0	0.0	0.0
8026.0	-308.81	-274.9	1.15	19.98	0.0	0.0	3600.0	0.0	0.0
8082.0	-308.81	-274.9	1.15	19.98	0.0	0.0	3600.0	0.0	0.0
8139.0	-308.81	-274.9	1.15	19.98	0.0	0.0	3600.0	0.0	0.0
8202.0	-308.81	-274.9	1.15	19.98	0.0	0.0	3600.0	0.0	0.0
8258.0	-308.81	-274.9	1.16	19.98	0.0	0.0	3600.0	0.0	0.0
8315.0	-308.81	-274.9	1.15	19.98	0.0	0.0	3600.0	0.0	0.0
8373.0	-308.81	-274.9	1.15	19.97	0.0	0.0	3600.0	0.0	0.0
8430.0	-308.77	-274.89	1.15	19.97	0.0	0.0	3600.0	0.0	0.0
8486.0	-308.78	-274.89	1.15	19.98	0.0	0.0	3600.0	0.0	0.0
8549.0	-308.74	-274.88	1.15	19.97	0.0	0.0	3600.0	0.0	0.0
8606.0	-308.77	-274.89	1.15	19.97	0.0	0.0	3600.0	0.0	0.0
8663.0	-308.79	-274.89	1.15	19.95	0.0	0.0	3600.0	0.0	0.0
8720.0	-308.8	-274.9	1.15	19.97	0.0	0.0	3600.0	0.0	0.0
8777.0	-308.8	-274.9	1.15	19.94	0.0	0.0	3600.0	0.0	0.0
8835.0	-308.72	-274.85	1.15	19.96	0.0	0.0	3600.0	0.0	0.0
8896.0	-308.76	-274.87	1.15	19.97	0.0	0.0	3600.0	0.0	0.0
8953.0	-308.65	-274.83	1.15	19.96	0.0	0.0	3600.0	0.0	0.0
9016.0	-308.73	-274.86	1.15	19.97	0.0	0.0	3600.0	0.0	0.0
9077.0	-308.76	-274.88	1.15	19.98	0.0	0.0	3600.0	0.0	0.0
9135.0	-308.78	-274.89	1.15	19.98	0.0	0.0	3600.0	0.0	0.0
9192.0	-308.8	-274.89	1.15	19.98	0.0	0.0	3600.0	0.0	0.0
9249.0	-308.8	-274.9	1.16	19.98	0.0	0.0	3600.0	0.0	0.0
9306.0	-308.81	-274.9	1.16	19.98	0.0	0.0	3600.0	0.0	0.0
9363.0	-308.81	-274.9	1.16	19.98	0.0	0.0	3600.0	0.0	0.0
9425.0	-308.81	-274.9	1.16	19.98	0.0	0.0	3600.0	0.0	0.0
9482.0	-308.81	-274.9	1.16	19.98	0.0	0.0	3600.0	0.0	0.0
9544.0	-308.81	-274.9	1.15	19.98	0.0	0.0	3600.0	0.0	0.0
9602.0	-308.81	-274.9	1.16	19.98	0.0	0.0	3600.0	0.0	0.0
9659.0	-308.81	-274.9	1.16	19.98	0.0	0.0	3600.0	0.0	0.0
9720.0	-308.81	-274.9	1.15	19.98	0.0	0.0	3600.0	0.0	0.0
9783.0	-308.81	-274.9	1.15	19.98	0.0	0.0	3600.0	0.0	0.0
9840.0	-308.81	-274.9	1.15	19.98	0.0	0.0	3600.0	0.0	0.0
9903.0	-308.81	-274.9	1.15	19.98	0.0	0.0	3600.0	0.0	0.0
9959.0	-308.81	-274.9	1.15	19.98	0.0	0.0	3600.0	0.0	0.0
10016.0	-308.81	-274.9	1.15	19.98	0.0	0.0	3600.0	0.0	0.0
10080.0	-308.81	-274.9	1.15	19.98	0.0	0.0	3600.0	0.0	0.0
10138.0	-308.81	-274.9	1.15	19.98	0.0	0.0	3600.0	0.0	0.0
10201.0	-308.81	-274.9	1.16	19.98	0.0	0.0	3600.0	0.0	0.0
10259.0	-308.81	-274.9	1.16	19.98	0.0	0.0	3600.0	0.0	0.0
10311.0	-308.81	-274.9	1.16	19.98	0.0	0.0	3600.0	0.0	0.0
10370.0	-308.81	-274.9	1.16	19.98	0.0	0.0	3600.0	0.0	0.0
10433.0	-308.81	-274.9	1.15	19.98	0.0	0.0	3600.0	0.0	0.0
10490.0	-308.81	-274.9	1.15	19.98	0.0	0.0	3600.0	0.0	0.0
10549.0	-308.81	-274.9	1.15	19.98	0.0	0.0	3600.0	0.0	0.0
10612.0	-308.81	-274.9	1.15	19.98	0.0	0.0	3600.0	0.0	0.0
10676.0	-308.81	-274.9	1.15	19.98	0.0	0.0	3600.0	0.0	0.0
10733.0	-308.81	-274.9	1.15	19.96	0.0	0.0	3600.0	0.0	0.0
10791.0	-308.81	-274.9	1.15	19.97	0.0	0.0	3600.0	0.0	0.0
10855.0	-308.81	-274.9	1.16	19.97	0.0	0.0	3600.0	0.0	0.0
10917.0	-308.81	-273.52	1.16	19.97	0.0	0.0	3600.0	0.0	0.0
10976.0	-308.81	-274.11	1.15	19.97	0.0	0.0	3600.0	0.0	0.0
11039.0	-307.86	-274.21	1.16	19.97	0.0	0.0	3600.0	0.0	0.0
11097.0	-308.27	-274.51	1.15	19.98	0.0	0.0	3600.0	0.0	0.0
11160.0	-308.27	-274.53	1.15	19.98	0.0	0.0	3600.0	0.0	0.0
11218.0	-308.5	-274.69	1.15	19.98	0.0	0.0	3600.0	0.0	0.0
11281.0	-308.64	-274.79	1.14	19.98	0.0	0.0	3600.0	0.0	0.0
11350.0	-308.63	-274.79	1.15	19.98	0.0	0.0	3600.0	0.0	0.0
11413.0	-308.71	-274.84	1.15	19.98	0.0	0.0	3600.0	0.0	0.0
11471.0	-308.71	-274.85	1.15	19.98	0.0	0.0	3600.0	0.0	0.0
11534.0	-308.74	-274.87	1.15	19.98	0.0	0.0	3600.0	0.0	0.0
11597.0	-308.77	-274.89	1.15	19.98	0.0	0.0	3600.0	0.0	0.0
11656.0	-308.79	-274.89	1.15	19.98	0.0	0.0	3600.0	0.0	0.0
11719.0	-308.8	-274.9	1.15	19.97	0.0	0.0	3600.0	0.0	0.0
11777.0	-308.8	-274.9	1.15	19.98	0.0	0.0	3600.0	0.0	0.0
11835.0	-308.81	-274.67	1.16	19.97	0.0	0.0	3600.0	0.0	0.0
11892.0	-308.81	-274.77	1.15	19.98	0.0	0.0	3600.0	0.0	0.0
11951.0	-308.59	-274.42	1.16	19.98	0.0	0.0	3600.0	0.0	0.0
12009.0	-308.68	-274.63	1.15	19.98	0.0	0.0	3600.0	0.0	0.0
12071.0	-308.74	-274.75	1.15	19.98	0.0	0.0	3600.0	0.0	0.0
12135.0	-308.51	-274.71	1.15	19.98	0.0	0.0	3600.0	0.0	0.0
12198.0	-308.65	-274.8	1.15	19.98	0.0	0.0	3600.0	0.0	0.0
12251.0	-308.71	-274.84	1.15	19.98	0.0	0.0	3600.0	0.0	0.0
12314.0	-308.76	-274.87	1.16	19.98	0.0	0.0	3600.0	0.0	0.0
12367.0	-308.78	-274.88	1.16	19.98	0.0	0.0	3600.0	0.0	0.0
12425.0	-308.75	-274.89	1.15	19.98	0.0	0.0	3600.0	0.0	0.0
12478.0	-308.78	-274.89	1.15	19.98	0.0	0.0	3600.0	0.0	0.0
12535.0	-308.79	-274.9	1.15	19.98	0.0	0.0	3600.0	0.0	0.0
12589.0	-308.8	-274.9	1.15	19.95	0.0	0.0	3600.0	0.0	0.0
12646.0	-308.8	-12651.0	-308.8	-274.9	1.15	19.97	0.0	0.0	3600.0
12709.0	-308.81	-274.9	1.17	19.97	0.0	0.0	3600.0	0.0	0.0
12768.0	-308.81	-274.9	1.16	19.97	0.0	0.0	3600.0	0.0	0.0
12825.0	-308.81	-274.03	1.16	19.97	0.0	0.0	3600.0	0.0	0.0
12883.0	-308.81	-274.4	1.16	19.98	0.0	0.0	3600.0	0.0	0.0
12942.0	-308.81	-274.62	1.15	19.98	0.0	0.0	3600.0	0.0	0.0
12994.0	-308.81	-274.73	1.15	19.98	0.0	0.0	3600.0	0.0	0.0
13058.0	-308.81	-274.81	1.15	19.98	0.0	0.0	3600.0	0.0	0.0
13121.0	-308.81	-274.85	1.15	19.98	0.0	0.0	3600.0	0.0	0.0
13178.0	-308.81	-274.87	1.15	19.98	0.0	0.0	3600.0	0.0	0.0
13237.0	-308.81	-274.88	1.15	19.98	0.0	0.0	3600.0	0.0	0.0
13305.0	-308.81	-274.89	1.15	19.98	0.0	0.0	3600.0	0.0	0.0
13363.0	-308.81	-274.9	1.15	19.98	0.0	0.0	3600.0	0.0	0.0
13421.0	-308.81	-274.9	1.15	19.98	0.0	0.0	3600.0	0.0	0.0
13485.0	-308.81	-274.9	1.15	19.98	0.0	0.0	3600.0	0.0	0.0
13547.0	-308.81	-274.9	1.15	19.98	0.0	0.0	3600.0	0.0	0.0
13600.0	-308.81	-274.9	1.15	19.98	0.0	0.0	3600.0	0.0	0.0
13658.0	-308.81	-274.9	1.15	19.98	0.0	0.0	3600.0	0.0	0.0
13716.0	-308.81	-274.9	1.15	19.98	0.0	0.0	3600.0	0.0	0.0
13774.0	-308.81	-274.9	1.15	19.98	0.0	0.0	3600.0	0.0	0.0
13832.0	-308.81	-274.9	1.16	19.98	0.0	0.0	3600.0	0.0	0.0
13890.0	-308.81	-274.9	1.15	19.98	0.0	0.0	3600.0	0.0	0.0
13954.0	-308.81	-274.9	1.15	19.98	0.0	0.0	3600.0	0.0	0.0
14011.0	-308.81	-274.9	1.15	19.98	0.0	0.0	3600.0	0.0	0.0
14069.0	-308.81	-274.9	1.15	19.98	0.0	0.0	3600.0	0.0	0.0
14133.0	-308.81	-274.9	1.15	19.98	0.0	0.0	3600.0	0.0	0.0
14190.0	-308.7	-274.85	1.15	19.98	0.0	0.0	3600.0	0.0	0.0
14243.0	-308.74	-274.87	1.15	19.98	0.0	0.0	3600.0	0.0	0.0
14301.0	-308.74	-274.87	1.15	19.98	0.0	0.0	3600.0	0.0	0.0
14359.0	-308.75	-274.88	1.15	19.98	0.0	0.0	3600.0	0.0	0.0
14417.0	-308.77	-274.89	1.15	19.98	0.0	0.0	3600.0	0.0	0.0
14475.0	-308.79	-274.89	1.15	19.97	0.0	0.0	3600.0	0.0	0.0
14533.0	-308.8	-274.9	1.15	19.98	0.0	0.0	3600.0	0.0	0.0
14590.0	-308.8	-274.9	1.15	19.98	0.0	0.0	3600.0	0.0	0.0
14649.0	-308.81	-274.29	1.16	19.97	0.0	0.0	3600.0	0.0	0.0
14707.0	-308.81	-274.55	1.15	19.98	0.0	0.0	3600.0	0.0	0.0
14765.0	-308.21	-274.17	1.16	19.98	0.0	0.0	3600.0	0.0	0.0
14823.0	-308.47	-274.49	1.15	19.98	0.0	0.0	3600.0	0.0	0.0
14880.0	-308.11	-274.48	1.16	19.98	0.0	0.0	3600.0	0.0	0.0
14934.0	-308.39	-274.65	1.15	19.98	0.0	0.0	3600.0	0.0	0.0
14992.0	-308.38	-274.66	1.16	19.98	0.0	0.0	3600.0	0.0	0.0
15049.0	-308.41	-274.71	1.15	19.98	0.0	0.0	3600.0	0.0	0.0
15108.0	-308.58	-274.79	1.15	19.98	0.0	0.0	3600.0	0.0	0.0
15160.0	-308.61	-274.82	1.15	19.98	0.0	0.0	3600.0	0.0	0.0
15218.0	-308.7	-274.85	1.15	19.98	0.0	0.0	3600.0	0.0	0.0
15270.0	-308.74	-274.87	1.15	19.98	0.0	0.0	3600.0	0.0	0.0
15329.0	-308.77	-274.88	1.15	19.98	0.0	0.0	3600.0	0.0	0.0
15386.0	-308.79	-274.89	1.15	19.98	0.0	0.0	3600.0	0.0	0.0
15439.0	-308.8	-274.89	1.15	19.96	0.0	0.0	3600.0	0.0	0.0
15498.0	-308.8	-274.9	1.15	19.97	0.0	0.0	3600.0	0.0	0.0
15555.0	-308.81	-274.9	1.15	19.97	0.0	0.0	3600.0	0.0	0.0
15613.0	-308.81	-274.9	1.15	19.98	0.0	0.0	3600.0	0.0	0.0
15671.0	-308.81	-274.9	1.15	19.98	0.0	0.0	3600.0	0.0	0.0
15724.0	-308.81	-274.9	1.15	19.98	0.0	0.0	3600.0	0.0	0.0
15781.0	-308.81	-274.9	1.15	19.98	0.0	0.0	3600.0	0.0	0.0
15840.0	-308.81	-274.9	1.15	19.98	0.0	0.0	3600.0	0.0	0.0
15898.0	-308.81	-274.9	1.15	19.98	0.0	0.0	3600.0	0.0	0.0
15955.0	-308.81	-274.9	1.16	19.98	0.0	0.0	3600.0	0.0	0.0
16014.0	-308.81	-274.9	1.16	19.98	0.0	0.0	3600.0	0.0	0.0
16066.0	-308.81	-274.9	1.15	19.98	0.0	0.0	3600.0	0.0	0.0
16119.0	-308.81	-274.9	1.15	19.98	0.0	0.0	3600.0	0.0	0.0
16177.0	-308.81	-274.9	1.15	19.98	0.0	0.0	3600.0	0.0	0.0
16230.0	-308.81	-274.9	1.15	19.98	0.0	0.0	3600.0	0.0	0.0
16288.0	-308.81	-274.9	1.15	19.98	0.0	0.0	3600.0	0.0	0.0
16351.0	-308.81	-274.9	1.16	19.98	0.0	0.0	3600.0	0.0	0.0
16409.0	-308.81	-274.9	1.15	19.98	0.0	0.0	3600.0	0.0	0.0
16467.0	-308.81	-274.9	1.16	19.98	0.0	0.0	3600.0	0.0	0.0
16525.0	-308.81	-274.9	1.15	19.98	0.0	0.0	3600.0	0.0	0.0
16583.0	-308.81	-274.9	1.15	19.98	0.0	0.0	3600.0	0.0	0.0
16641.0	-308.69	-274.45	1.16	19.98	0.0	0.0	3600.0	0.0	0.0
16704.0	-308.02	-274.34	1.16	19.98	0.0	0.0	3600.0	0.0	0.0
16762.0	-308.36	-274.58	1.15	19.98	0.0	0.0	3600.0	0.0	0.0
16815.0	-308.54	-274.71	1.15	19.98	0.0	0.0	3600.0	0.0	0.0
16878.0	-308.66	-274.8	1.15	19.98	0.0	0.0	3600.0	0.0	0.0
16942.0	-308.62	-274.77	1.15	19.98	0.0	0.0	3600.0	0.0	0.0
16999.0	-308.7	-274.83	1.15	19.98	0.0	0.0	3600.0	0.0	0.0
17052.0	-308.74	-274.86	1.15	19.98	0.0	0.0	3600.0	0.0	0.0
17116.0	-308.77	-274.88	1.15	19.98	0.0	0.0	3600.0	0.0	0.0
17173.0	-308.79	-274.89	1.15	19.98	0.0	0.0	3600.0	0.0	0.0
17236.0	-308.8	-274.89	1.15	19.98	0.0	0.0	3600.0	0.0	0.0
17295.0	-308.8	-274.9	1.15	19.96	0.0	0.0	3600.0	0.0	0.0
17352.0	-308.81	-274.9	1.15	19.97	0.0	0.0	3600.0	0.0	0.0
17416.0	-308.81	-274.9	1.17	19.97	0.0	0.0	3600.0	0.0	0.0
17474.0	-308.81	-274.9	1.16	19.97	0.0	0.0	3600.0	0.0	0.0
17531.0	-308.81	-274.07	1.16	19.97	0.0	0.0	3600.0	0.0	0.0
17595.0	-307.47	-274.02	1.16	19.97	0.0	0.0	3600.0	0.0	0.0
17658.0	-308.09	-274.42	1.16	19.98	0.0	0.0	3600.0	0.0	0.0
17716.0	-308.0	-274.46	1.16	19.98	0.0	0.0	3600.0	0.0	0.0
17774.0	-308.35	-274.65	1.16	19.98	0.0	0.0	3600.0	0.0	0.0
17838.0	-308.56	-274.76	1.16	19.98	0.0	0.0	3600.0	0.0	0.0
17900.0	-308.68	-274.83	1.15	19.98	0.0	0.0	3600.0	0.0	0.0
17958.0	-308.73	-274.86	1.15	19.98	0.0	0.0	3600.0	0.0	0.0
18022.0	-308.77	-274.88	1.15	19.98	0.0	0.0	3600.0	0.0	0.0
18079.0	-308.79	-274.89	1.15	19.98	0.0	0.0	3600.0	0.0	0.0
18138.0	-308.8	-274.89	1.15	19.98	0.0	0.0	3600.0	0.0	0.0
18196.0	-308.8	-274.9	1.15	19.98	0.0	0.0	3600.0	0.0	0.0
18253.0	-308.81	-274.9	1.15	19.98	0.0	0.0	3600.0	0.0	0.0
18312.0	-308.81	-274.9	1.15	19.98	0.0	0.0	3600.0	0.0	0.0
18375.0	-308.81	-274.9	1.15	19.98	0.0	0.0	3600.0	0.0	0.0
18433.0	-308.81	-274.9	1.15	19.98	0.0	0.0	3600.0	0.0	0.0
18491.0	-308.81	-274.9	1.16	19.98	0.0	0.0	3600.0	0.0	0.0
18548.0	-308.81	-274.9	1.15	19.98	0.0	0.0	3600.0	0.0	0.0
18607.0	-308.81	-274.9	1.15	19.98	0.0	0.0	3600.0	0.0	0.0
18665.0	-308.81	-274.9	1.15	19.98	0.0	0.0	3600.0	0.0	0.0
18722.0	-308.81	-274.9	1.15	19.98	0.0	0.0	3600.0	0.0	0.0
18781.0	-308.81	-274.9	1.15	19.98	0.0	0.0	3600.0	0.0	0.0
18833.0	-308.81	-274.9	1.16	19.98	0.0	0.0	3600.0	0.0	0.0
18891.0	-308.81	-274.9	1.15	19.98	0.0	0.0	3600.0	0.0	0.0
18955.0	-308.81	-274.9	1.15	19.98	0.0	0.0	3600.0	0.0	0.0
19012.0	-308.77	-274.9	1.15	19.98	0.0	0.0	3600.0	0.0	0.0
19070.0	-308.76	-274.9	1.15	19.98	0.0	0.0	3600.0	0.0	0.0
19129.0	-308.78	-274.9	1.15	19.98	0.0	0.0	3600.0	0.0	0.0
19191.0	-308.8	-274.9	1.15	19.97	0.0	0.0	3600.0	0.0	0.0
19265.0	-308.8	-274.9	1.15	19.98	0.0	0.0	3600.0	0.0	0.0
19318.0	-308.81	-274.9	1.15	19.98	0.0	0.0	3600.0	0.0	0.0
19376.0	-308.81	-274.42	1.16	19.97	0.0	0.0	3600.0	0.0	0.0
19439.0	-308.04	-273.96	1.16	19.97	0.0	0.0	3600.0	0.0	0.0
19497.0	-308.37	-274.37	1.15	19.98	0.0	0.0	3600.0	0.0	0.0
19561.0	-307.95	-274.38	1.16	19.98	0.0	0.0	3600.0	0.0	0.0
19623.0	-308.34	-274.62	1.15	19.98	0.0	0.0	3600.0	0.0	0.0
19697.0	-308.4	-274.68	1.15	19.98	0.0	0.0	3600.0	0.0	0.0
19756.0	-308.43	-274.72	1.15	19.98	0.0	0.0	3600.0	0.0	0.0
19814.0	-308.59	-274.8	1.15	19.98	0.0	0.0	3600.0	0.0	0.0
19881.0	-308.7	-274.85	1.15	19.98	0.0	0.0	3600.0	0.0	0.0
19940.0	-308.75	-274.87	1.15	19.98	0.0	0.0	3600.0	0.0	0.0
19998.0	-308.77	-274.88	1.15	19.98	0.0	0.0	3600.0	0.0	0.0
20061.0	-308.79	-274.89	1.15	19.98	0.0	0.0	3600.0	0.0	0.0
20119.0	-308.8	-274.89	1.15	19.98	0.0	0.0	3600.0	0.0	0.0
20177.0	-308.8	-274.9	1.15	19.98	0.0	0.0	3600.0	0.0	0.0
20240.0	-308.81	-274.9	1.15	19.98	0.0	0.0	3600.0	0.0	0.0
20293.0	-308.81	-274.9	1.16	19.98	0.0	0.0	3600.0	0.0	0.0
20345.0	-308.81	-274.9	1.15	19.98	0.0	0.0	3600.0	0.0	0.0
20404.0	-308.81	-274.9	1.16	19.98	0.0	0.0	3600.0	0.0	0.0
20467.0	-308.81	-274.9	1.16	19.98	0.0	0.0	3600.0	0.0	0.0
20525.0	-308.81	-274.9	1.15	19.98	0.0	0.0	3600.0	0.0	0.0
20583.0	-308.81	-274.9	1.15	19.98	0.0	0.0	3600.0	0.0	0.0
20652.0	-308.81	-274.9	1.15	19.98	0.0	0.0	3600.0	0.0	0.0
20704.0	-308.81	-274.9	1.15	19.98	0.0	0.0	3600.0	0.0	0.0
20762.0	-308.69	-274.86	1.15	19.98	0.0	0.0	3600.0	0.0	0.0
20820.0	-308.67	-274.85	1.15	19.98	0.0	0.0	3600.0	0.0	0.0
20878.0	-308.73	-274.87	1.15	19.98	0.0	0.0	3600.0	0.0	0.0
20936.0	-308.74	-274.88	1.15	19.98	0.0	0.0	3600.0	0.0	0.0
20994.0	-308.77	-274.89	1.15	19.98	0.0	0.0	3600.0	0.0	0.0
21052.0	-308.79	-274.89	1.15	19.98	0.0	0.0	3600.0	0.0	0.0
21110.0	-308.8	-274.9	1.15	19.98	0.0	0.0	3600.0	0.0	0.0
21168.0	-308.8	-274.9	1.15	19.98	0.0	0.0	3600.0	0.0	0.0
21226.0	-308.81	-274.9	1.15	19.98	0.0	0.0	3600.0	0.0	0.0
21278.0	-308.81	-274.9	1.15	19.98	0.0	0.0	3600.0	0.0	0.0
21342.0	-308.69	-274.45	1.16	19.98	0.0	0.0	3600.0	0.0	0.0
21405.0	-308.02	-274.34	1.15	19.98	0.0	0.0	3600.0	0.0	0.0
21469.0	-308.38	-274.6	1.15	19.98	0.0	0.0	3600.0	0.0	0.0
21542.0	-308.6	-274.75	1.15	19.98	0.0	0.0	3600.0	0.0	0.0
21610.0	-308.55	-274.73	1.15	19.98	0.0	0.0	3600.0	0.0	0.0
21663.0	-308.65	-274.8	1.15	19.98	0.0	0.0	3600.0	0.0	0.0
21722.0	-308.62	-274.8	1.15	19.98	0.0	0.0	3600.0	0.0	0.0
21774.0	-308.7	-274.84	1.15	19.98	0.0	0.0	3600.0	0.0	0.0
21832.0	-308.73	-274.87	1.15	19.98	0.0	0.0	3600.0	0.0	0.0
21895.0	-308.76	-274.88	1.15	19.98	0.0	0.0	3600.0	0.0	0.0
21953.0	-308.78	-274.89	1.15	19.98	0.0	0.0	3600.0	0.0	0.0
22011.0	-308.8	-274.89	1.15	19.96	0.0	0.0	3600.0	0.0	0.0
22069.0	-308.8	-274.9	1.15	19.97	0.0	0.0	3600.0	0.0	0.0
22127.0	-308.81	-274.9	1.17	19.97	0.0	0.0	3600.0	0.0	0.0
22191.0	-308.81	-273.65	1.17	19.97	0.0	0.0	3600.0	0.0	0.0
22253.0	-308.81	-274.23	1.16	19.97	0.0	0.0	3600.0	0.0	0.0
22306.0	-307.6	-274.11	1.16	19.97	0.0	0.0	3600.0	0.0	0.0
22375.0	-308.19	-274.49	1.16	19.98	0.0	0.0	3600.0	0.0	0.0
22444.0	-308.49	-274.69	1.16	19.98	0.0	0.0	3600.0	0.0	0.0
22501.0	-308.63	-274.78	1.16	19.98	0.0	0.0	3600.0	0.0	0.0
22559.0	-308.71	-274.83	1.16	19.98	0.0	0.0	3600.0	0.0	0.0
22617.0	-308.75	-274.86	1.16	19.98	0.0	0.0	3600.0	0.0	0.0
22670.0	-308.77	-274.88	1.16	19.98	0.0	0.0	3600.0	0.0	0.0
22722.0	-308.79	-274.89	1.16	19.98	0.0	0.0	3600.0	0.0	0.0
22780.0	-308.8	-274.89	1.16	19.98	0.0	0.0	3600.0	0.0	0.0
22839.0	-308.8	-274.9	1.16	19.98	0.0	0.0	3600.0	0.0	0.0
22896.0	-308.81	-274.9	1.16	19.98	0.0	0.0	3600.0	0.0	0.0
22949.0	-308.81	-274.9	1.15	19.98	0.0	0.0	3600.0	0.0	0.0
23012.0	-308.81	-274.9	1.16	19.98	0.0	0.0	3600.0	0.0	0.0
23065.0	-308.81	-274.9	1.15	19.98	0.0	0.0	3600.0	0.0	0.0
23129.0	-308.81	-274.9	1.15	19.98	0.0	0.0	3600.0	0.0	0.0
23186.0	-308.81	-274.9	1.15	19.98	0.0	0.0	3600.0	0.0	0.0
23239.0	-308.81	-274.9	1.15	19.98	0.0	0.0	3600.0	0.0	0.0
23291.0	-308.81	-274.9	1.15	19.98	0.0	0.0	3600.0	0.0	0.0
23355.0	-308.81	-274.9	1.15	19.98	0.0	0.0	3600.0	0.0	0.0
23413.0	-308.81	-274.9	1.15	19.98	0.0	0.0	3600.0	0.0	0.0
23465.0	-308.81	-274.9	1.15	19.98	0.0	0.0	3600.0	0.0	0.0
23524.0	-308.81	-274.9	1.15	19.98	0.0	0.0	3600.0	0.0	0.0
23581.0	-308.81	-274.9	1.16	19.98	0.0	0.0	3600.0	0.0	0.0
23645.0	-308.81	-274.9	1.15	19.98	0.0	0.0	3600.0	0.0	0.0
23698.0	-308.76	-274.88	1.15	19.98	0.0	0.0	3600.0	0.0	0.0
23760.0	-308.76	-274.89	1.15	19.98	0.0	0.0	3600.0	0.0	0.0
23814.0	-308.78	-274.89	1.15	19.98	0.0	0.0	3600.0	0.0	0.0
23871.0	-308.79	-274.9	1.15	19.97	0.0	0.0	3600.0	0.0	0.0
23924.0	-308.8	-274.9	1.15	19.97	0.0	0.0	3600.0	0.0	0.0
23988.0	-308.8	-274.9	1.15	19.98	0.0	0.0	3600.0	0.0	0.0
24045.0	-308.81	-274.25	1.16	19.97	0.0	0.0	3600.0	0.0	0.0
24103.0	-308.81	-274.53	1.15	19.98	0.0	0.0	3600.0	0.0	0.0
24161.0	-308.18	-274.14	1.16	19.97	0.0	0.0	3600.0	0.0	0.0
24219.0	-308.45	-274.47	1.15	19.98	0.0	0.0	3600.0	0.0	0.0
24271.0	-308.03	-274.43	1.16	19.98	0.0	0.0	3600.0	0.0	0.0
24330.0	-308.37	-274.63	1.15	19.98	0.0	0.0	3600.0	0.0	0.0
24393.0	-308.38	-274.66	1.16	19.98	0.0	0.0	3600.0	0.0	0.0
24445.0	-308.39	-274.7	1.15	19.98	0.0	0.0	36.71	1.15	19.98
24509.0	-308.58	-274.79	1.15	19.98	0.0	0.0	3600.0	0.0	0.0
24572.0	-308.63	-274.81	1.15	19.98	0.0	0.0	3600.0	0.0	0.0
24630.0	-308.71	-274.85	1.15	19.98	0.0	0.0	3600.0	0.0	0.0
24693.0	-308.75	-274.87	1.15	19.98	0.0	0.0	3600.0	0.0	0.0
24752.0	-308.78	-274.88	1.15	19.98	0.0	0.0	3600.0	0.0	0.0
24804.0	-308.79	-274.89	1.15	19.98	0.0	0.0	3600.0	0.0	0.0
24867.0	-308.8	-274.89	1.15	19.98	0.0	0.0	3600.0	0.0	0.0
24926.0	-308.8	-274.9	1.15	19.98	0.0	0.0	3600.0	0.0	0.0
24978.0	-308.81	-274.9	1.16	19.98	0.0	0.0	3600.0	0.0	0.0
25036.0	-308.81	-274.9	1.15	19.98	0.0	0.0	3600.0	0.0	0.0
25099.0	-308.81	-274.9	1.15	19.98	0.0	0.0	3600.0	0.0	0.0
25152.0	-308.81	-274.9	1.15	19.98	0.0	0.0	3600.0	0.0	0.0
25210.0	-308.81	-274.9	1.15	19.98	0.0	0.0	3600.0	0.0	0.0
25263.0	-308.81	-274.9	1.16	19.98	0.0	0.0	3600.0	0.0	0.0
25326.0	-308.81	-274.9	1.15	19.98	0.0	0.0	3600.0	0.0	0.0
25390.0	-308.81	-274.9	1.16	19.98	0.0	0.0	3600.0	0.0	0.0
25447.0	-308.81	-274.9	1.15	19.98	0.0	0.0	3600.0	0.0	0.0
25505.0	-308.81	-274.9	1.15	19.98	0.0	0.0	3600.0	0.0	0.0
25558.0	-308.81	-274.9	1.15	19.98	0.0	0.0	3600.0	0.0	0.0
25621.0	-308.81	-274.9	1.15	19.98	0.0	0.0	3600.0	0.0	0.0
25673.0	-308.81	-274.9	1.15	19.98	0.0	0.0	3600.0	0.0	0.0
25737.0	-308.81	-274.9	1.15	19.98	0.0	0.0	3600.0	0.0	0.0
25795.0	-308.81	-274.9	1.15	19.98	0.0	0.0	3600.0	0.0	0.0
25847.0	-308.81	-274.9	1.15	19.98	0.0	0.0	3600.0	0.0	0.0
25906.0	-308.81	-274.9	1.15	19.98	0.0	0.0	3600.0	0.0	0.0
25958.0	-308.81	-274.9	1.15	19.98	0.0	0.0	3600.0	0.0	0.0
26011.0	-308.81	-274.9	1.15	19.98	0.0	0.0	3600.0	0.0	0.0
26068.0	-308.81	-274.9	1.15	19.98	0.0	0.0	3600.0	0.0	0.0
26127.0	-308.22	-274.65	1.15	19.98	0.0	0.0	3600.0	0.0	0.0
26185.0	-308.47	-274.75	1.15	19.98	0.0	0.0	3600.0	0.0	0.0
26237.0	-308.35	-274.71	1.15	19.98	0.0	0.0	3600.0	0.0	0.0
26296.0	-308.55	-274.79	1.15	19.98	0.0	0.0	3600.0	0.0	0.0
26343.0	-308.53	-274.76	1.15	19.98	0.0	0.0	3600.0	0.0	0.0
26406.0	-308.54	-274.76	1.15	19.98	0.0	0.0	3600.0	0.0	0.0
26459.0	-308.65	-274.82	1.15	19.98	0.0	0.0	3600.0	0.0	0.0
26517.0	-308.72	-274.85	1.15	19.98	0.0	0.0	3600.0	0.0	0.0
26574.0	-308.76	-274.87	1.15	19.98	0.0	0.0	3600.0	0.0	0.0
26633.0	-308.78	-274.88	1.15	19.98	0.0	0.0	3600.0	0.0	0.0
26691.0	-308.79	-274.89	1.15	19.95	0.0	0.0	3600.0	0.0	0.0
26743.0	-308.8	-274.89	1.15	19.96	0.0	0.0	3600.0	0.0	0.0
26802.0	-308.8	-274.9	1.17	19.96	0.0	0.0	3600.0	0.0	0.0
26865.0	-308.81	-274.9	1.16	19.97	0.0	0.0	3600.0	0.0	0.0
26917.0	-308.81	-273.93	1.17	19.97	0.0	0.0	3600.0	0.0	0.0
26976.0	-308.81	-274.35	1.16	19.98	0.0	0.0	3600.0	0.0	0.0
27028.0	-308.81	-274.57	1.16	19.98	0.0	0.0	3600.0	0.0	0.0
27091.0	-308.81	-274.72	1.16	19.98	0.0	0.0	3600.0	0.0	0.0
27149.0	-308.81	-274.8	1.16	19.98	0.0	0.0	3600.0	0.0	0.0
27202.0	-308.81	-274.84	1.16	19.98	0.0	0.0	3600.0	0.0	0.0
27260.0	-308.81	-274.87	1.15	19.98	0.0	0.0	3600.0	0.0	0.0
27318.0	-308.81	-274.88	1.15	19.98	0.0	0.0	3600.0	0.0	0.0
27376.0	-308.81	-274.89	1.16	19.98	0.0	0.0	3600.0	0.0	0.0
27428.0	-308.81	-274.89	1.16	19.98	0.0	0.0	3600.0	0.0	0.0
27487.0	-308.81	-274.9	1.15	19.98	0.0	0.0	3600.0	0.0	0.0
27544.0	-308.81	-274.9	1.15	19.98	0.0	0.0	3600.0	0.0	0.0
27597.0	-308.81	-274.9	1.15	19.98	0.0	0.0	3600.0	0.0	0.0
27656.0	-308.81	-274.9	1.15	19.98	0.0	0.0	3600.0	0.0	0.0
27708.0	-308.81	-274.9	1.15	19.98	0.0	0.0	3600.0	0.0	0.0
27766.0	-308.81	-274.9	1.15	19.98	0.0	0.0	3600.0	0.0	0.0
27824.0	-308.81	-274.9	1.15	19.98	0.0	0.0	3600.0	0.0	0.0
27882.0	-308.81	-274.9	1.15	19.98	0.0	0.0	3600.0	0.0	0.0
27939.0	-308.81	-274.9	1.15	19.98	0.0	0.0	3600.0	0.0	0.0
27998.0	-308.81	-274.9	1.16	19.98	0.0	0.0	3600.0	0.0	0.0
28056.0	-308.81	-274.9	1.16	19.98	0.0	0.0	3600.0	0.0	0.0
28108.0	-308.81	-274.9	1.16	19.98	0.0	0.0	3600.0	0.0	0.0
28167.0	-308.81	-274.9	1.15	19.98	0.0	0.0	3600.0	0.0	0.0
28224.0	-308.81	-274.9	1.15	19.98	0.0	0.0	3600.0	0.0	0.0
28277.0	-308.81	-274.9	1.15	19.98	0.0	0.0	3600.0	0.0	0.0
28335.0	-308.81	-274.9	1.15	19.98	0.0	0.0	3600.0	0.0	0.0
28393.0	-308.81	-274.9	1.15	19.98	0.0	0.0	3600.0	0.0	0.0
28445.0	-308.81	-274.9	1.15	19.98	0.0	0.0	3600.0	0.0	0.0
28504.0	-308.81	-274.9	1.15	19.98	0.0	0.0	3600.0	0.0	0.0
28572.0	-308.81	-274.9	1.15	19.97	0.0	0.0	3600.0	0.0	0.0
28624.0	-308.81	-274.9	1.15	19.97	0.0	0.0	3600.0	0.0	0.0
28693.0	-308.81	-274.9	1.16	19.97	0.0	0.0	3600.0	0.0	0.0
28746.0	-308.81	-274.25	1.17	19.97	0.0	0.0	3600.0	0.0	0.0
28804.0	-308.81	-274.53	1.16	19.97	0.0	0.0	3600.0	0.0	0.0
28862.0	-308.81	-274.69	1.16	19.98	0.0	0.0	3600.0	0.0	0.0
28920.0	-308.81	-274.78	1.15	19.98	0.0	0.0	3600.0	0.0	0.0
28973.0	-308.24	-274.65	1.16	19.98	0.0	0.0	3600.0	0.0	0.0
29020.0	-308.45	-274.74	1.15	19.98	0.0	0.0	3600.0	0.0	0.0
29073.0	-308.4	-274.69	1.16	19.98	0.0	0.0	3600.0	0.0	0.0
29136.0	-308.59	-274.79	1.15	19.98	0.0	0.0	3600.0	0.0	0.0
29194.0	-308.58	-274.8	1.15	19.98	0.0	0.0	3600.0	0.0	0.0
29252.0	-308.61	-274.82	1.15	19.98	0.0	0.0	3600.0	0.0	0.0
29304.0	-308.69	-274.85	1.15	19.98	0.0	0.0	3600.0	0.0	0.0
29363.0	-308.72	-274.87	1.15	19.98	0.0	0.0	3600.0	0.0	0.0
29421.0	-308.76	-274.88	1.15	19.98	0.0	0.0	3600.0	0.0	0.0
29473.0	-308.78	-274.89	1.15	19.98	0.0	0.0	3600.0	0.0	0.0
29532.0	-308.79	-274.89	1.15	19.96	0.0	0.0	3600.0	0.0	0.0
29589.0	-308.8	-274.9	1.15	19.97	0.0	0.0	3600.0	0.0	0.0
29642.0	-308.8	-274.9	1.17	19.97	0.0	0.0	3600.0	0.0	0.0
29705.0	-308.81	-274.9	1.16	19.97	0.0	0.0	3600.0	0.0	0.0
29758.0	-308.81	-273.93	1.16	19.97	0.0	0.0	3600.0	0.0	0.0
29816.0	-308.81	-274.35	1.16	19.98	0.0	0.0	3600.0	0.0	0.0
29874.0	-307.87	-274.39	1.16	19.98	0.0	0.0	3600.0	0.0	0.0
29927.0	-307.9	-274.37	1.15	19.98	0.0	0.0	3600.0	0.0	0.0
29984.0	-308.29	-274.6	1.15	19.98	0.0	0.0	3600.0	0.0	0.0
30038.0	-308.27	-274.61	1.15	19.98	0.0	0.0	3600.0	0.0	0.0
30095.0	-308.5	-274.73	1.15	19.98	0.0	0.0	3600.0	0.0	0.0
30158.0	-308.52	-274.76	1.15	19.98	0.0	0.0	3600.0	0.0	0.0
30205.0	-308.63	-274.81	1.15	19.98	0.0	0.0	3600.0	0.0	0.0
30264.0	-308.71	-274.85	1.16	19.97	0.0	0.0	3600.0	0.0	0.0
30327.0	-308.73	-274.87	1.15	19.98	0.0	0.0	3600.0	0.0	0.0
30391.0	-308.77	-0.89	1.15	19.98	0.0	0.0	3600.0	0.0	0.0
30443.0	-308.78	-274.89	1.15	19.98	0.0	0.0	3600.0	0.0	0.0
30501.0	-308.8	-274.89	1.15	19.96	0.0	0.0	3600.0	0.0	0.0
30559.0	-308.8	-274.9	1.15	19.97	0.0	0.0	3600.0	0.0	0.0
30617.0	-308.81	-274.62	1.16	19.97	0.0	0.0	3600.0	0.0	0.0
30674.0	-308.81	-274.74	1.16	19.98	0.0	0.0	3600.0	0.0	0.0
30738.0	-308.69	-274.34	1.16	19.98	0.0	0.0	3600.0	0.0	0.0
30796.0	-308.74	-274.58	1.15	19.98	0.0	0.0	3600.0	0.0	0.0
30860.0	-308.11	-274.54	1.15	19.98	0.0	0.0	3600.0	0.0	0.0
30917.0	-308.09	-274.56	1.15	19.98	0.0	0.0	3600.0	0.0	0.0
30976.0	-308.4	-274.71	1.15	19.98	0.0	0.0	3600.0	0.0	0.0
31033.0	-308.45	-274.71	1.15	19.98	0.0	0.0	3600.0	0.0	0.0
31086.0	-308.59	-274.79	1.15	19.98	0.0	0.0	3600.0	0.0	0.0
31143.0	-308.61	-274.81	1.15	19.98	0.0	0.0	3600.0	0.0	0.0
31197.0	-308.69	-274.84	1.15	19.98	0.0	0.0	3600.0	0.0	0.0
31255.0	-308.7	-274.85	1.15	19.98	0.0	0.0	3600.0	0.0	0.0
31312.0	-308.72	-274.87	1.15	19.98	0.0	0.0	3600.0	0.0	0.0
31371.0	-308.76	-274.89	1.15	19.98	0.0	0.0	3600.0	0.0	0.0
31423.0	-308.78	-274.89	1.15	19.96	0.0	0.0	3600.0	0.0	0.0
31481.0	-308.79	-274.89	1.17	19.96	0.0	0.0	3600.0	0.0	0.0
31539.0	-308.8	-274.9	1.16	19.97	0.0	0.0	3600.0	0.0	0.0
31597.0	-308.8	-274.32	1.16	19.97	0.0	0.0	3600.0	0.0	0.0
31655.0	-308.81	-274.57	1.16	19.97	0.0	0.0	3600.0	0.0	0.0
31713.0	-308.24	-274.21	1.16	19.97	0.0	0.0	3600.0	0.0	0.0
31766.0	-308.47	-274.49	1.15	19.98	0.0	0.0	3600.0	0.0	0.0
31823.0	-308.11	-274.45	1.15	19.98	0.0	0.0	3600.0	0.0	0.0
31877.0	-308.39	-274.63	1.15	19.98	0.0	0.0	3600.0	0.0	0.0

================================Data log ends here================================