Log created on 1-5-2018__16.28.39
tes 4

Time	MAT	CHT	MAP	AFR	TPS	RPM	CCM	Cons	State
6585.0	23.26	30.16	1.13	20.0	9.0	0.0	3500.0	0.0	0.0
6644.0	23.34	30.27	1.13	20.0	9.0	0.0	3500.0	0.0	0.0
6697.0	23.29	30.28	1.13	20.0	9.0	0.0	3500.0	0.0	0.0
6762.0	23.39	30.41	1.13	20.0	9.0	0.0	3500.0	0.0	0.0
6816.0	23.3	30.32	1.13	20.0	9.0	0.0	3500.0	0.0	0.0
6881.0	23.36	30.39	1.13	20.0	9.0	0.0	3500.0	0.0	0.0
6934.0	23.38	30.36	1.13	20.0	9.0	0.0	3500.0	0.0	0.0
6993.0	23.2	30.13	1.13	20.0	9.0	0.0	3500.0	0.0	0.0
7053.0	23.39	30.29	1.13	20.0	9.0	0.0	3500.0	0.0	0.0
7112.0	23.37	30.22	1.13	20.0	9.0	0.0	3500.0	0.0	0.0
7172.0	23.49	30.31	1.13	20.0	9.0	0.0	3500.0	0.0	0.0
7231.0	23.44	30.26	1.13	20.0	9.0	0.0	3500.0	0.0	0.0
7290.0	23.29	29.92	1.13	20.0	9.0	0.0	3500.0	0.0	0.0
7349.0	23.27	30.08	1.13	20.0	9.0	0.0	3500.0	0.0	0.0
7408.0	23.15	30.11	1.13	20.0	9.0	0.0	3500.0	0.0	0.0
7468.0	23.35	30.27	1.13	20.0	9.0	0.0	3500.0	0.0	0.0
7527.0	23.34	30.24	1.13	20.0	9.0	0.0	3500.0	0.0	0.0
7591.0	23.41	30.3	1.13	20.0	9.0	0.0	3500.0	0.0	0.0
7651.0	23.28	30.19	1.13	20.0	9.0	0.0	3500.0	0.0	0.0
7710.0	23.24	30.12	1.13	20.0	9.0	0.0	3500.0	0.0	0.0
7770.0	23.41	30.23	1.13	20.0	9.0	0.0	3500.0	0.0	0.0
7828.0	23.33	30.14	1.13	20.0	9.0	0.0	3500.0	0.0	0.0
7887.0	23.45	30.25	1.13	20.0	9.0	0.0	3500.0	0.0	0.0
7958.0	23.34	30.12	1.13	20.0	9.0	0.0	3500.0	0.0	0.0
8011.0	23.58	30.32	1.13	20.0	9.0	0.0	3500.0	0.0	0.0
8071.0	23.45	30.22	1.13	20.0	9.0	0.0	3500.0	0.0	0.0
8130.0	23.37	30.18	1.13	20.0	9.0	0.0	3500.0	0.0	0.0
8189.0	23.39	30.21	1.13	20.0	9.0	0.0	3500.0	0.0	0.0
8249.0	23.27	30.14	1.13	20.0	9.0	0.0	3500.0	0.0	0.0
8313.0	23.38	30.24	1.13	20.0	9.0	0.0	3500.0	0.0	0.0
8367.0	23.33	30.19	1.13	20.0	9.0	0.0	3500.0	0.0	0.0
8426.0	23.39	30.35	1.13	20.0	9.0	0.0	3500.0	0.0	0.0
8485.0	23.37	30.29	1.13	20.0	9.0	0.0	3500.0	0.0	0.0
8550.0	23.37	30.22	1.13	20.0	9.0	0.0	3500.0	0.0	0.0
8609.0	23.45	30.33	1.13	20.0	9.0	0.0	3500.0	0.0	0.0
8664.0	23.32	30.2	1.13	20.0	9.0	0.0	3500.0	0.0	0.0
8728.0	23.41	30.37	1.13	20.0	9.0	0.0	3500.0	0.0	0.0
8787.0	23.35	30.28	1.13	20.0	9.0	0.0	3500.0	0.0	0.0
8846.0	23.47	30.39	1.13	20.0	9.0	0.0	3500.0	0.0	0.0
8905.0	23.4	30.3	1.13	20.0	9.0	0.0	3500.0	0.0	0.0
8965.0	23.3	30.23	1.13	20.0	9.0	0.0	3500.0	0.0	0.0
9029.0	23.39	30.3	1.13	20.0	9.0	0.0	3500.0	0.0	0.0
9083.0	23.35	30.25	1.13	20.0	9.0	0.0	3500.0	0.0	0.0
9148.0	23.44	30.34	1.13	20.0	9.0	0.0	3500.0	0.0	0.0
9207.0	23.41	30.29	1.13	20.0	9.0	0.0	3500.0	0.0	0.0
9267.0	23.48	30.33	1.12	20.0	9.0	0.0	3500.0	0.0	0.0
9326.0	23.41	30.3	1.13	20.0	9.0	0.0	3500.0	0.0	0.0
9384.0	23.29	30.11	1.13	20.0	9.0	0.0	3500.0	0.0	0.0
9444.0	23.4	30.23	1.13	20.0	9.0	0.0	3500.0	0.0	0.0
9508.0	23.3	30.15	1.13	20.0	9.0	0.0	3500.0	0.0	0.0
9568.0	23.42	30.24	1.13	20.0	9.0	0.0	3500.0	0.0	0.0
9632.0	23.41	30.17	1.13	20.0	9.0	0.0	3500.0	0.0	0.0
9687.0	23.44	30.24	1.13	20.0	9.0	0.0	3500.0	0.0	0.0
9746.0	23.4	30.17	1.13	20.0	9.0	0.0	3500.0	0.0	0.0
9805.0	23.28	30.1	1.13	20.0	9.0	0.0	3500.0	0.0	0.0
9864.0	23.38	30.18	1.13	20.0	9.0	0.0	3500.0	0.0	0.0
9939.0	23.28	30.08	1.13	20.0	9.0	0.0	3500.0	0.0	0.0
10004.0	23.34	30.18	1.13	20.0	9.0	0.0	3500.0	0.0	0.0
10058.0	23.34	30.19	1.13	20.0	9.0	0.0	3500.0	0.0	0.0
10124.0	23.31	30.17	1.13	20.0	9.0	0.0	3500.0	0.0	0.0
10173.0	23.4	30.15	1.13	20.0	9.0	0.0	3500.0	0.0	0.0
10238.0	23.3	30.11	1.13	20.0	9.0	0.0	3500.0	0.0	0.0
10293.0	23.3	30.07	1.13	20.0	9.0	0.0	3500.0	0.0	0.0
10352.0	23.4	30.16	1.13	20.0	9.0	0.0	3500.0	0.0	0.0
10413.0	23.37	30.29	1.13	20.0	9.0	0.0	3500.0	0.0	0.0
10472.0	23.43	30.29	1.13	20.0	9.0	0.0	3500.0	0.0	0.0
10532.0	23.42	30.32	1.13	20.0	9.0	0.0	3500.0	0.0	0.0
10587.0	23.4	30.28	1.13	20.0	9.0	0.0	3500.0	0.0	0.0
10652.0	23.4	30.2	1.13	20.0	9.0	0.0	3500.0	0.0	0.0
10712.0	23.38	30.18	1.13	20.0	9.0	0.0	3500.0	0.0	0.0
10766.0	23.37	30.18	1.13	20.0	9.0	0.0	3500.0	0.0	0.0
10831.0	23.42	30.17	1.13	20.0	9.0	0.0	3500.0	0.0	0.0
10891.0	23.37	30.18	1.13	20.0	9.0	0.0	3500.0	0.0	0.0
10951.0	23.36	30.14	1.13	20.0	9.0	0.0	3500.0	0.0	0.0
11017.0	23.39	30.1	1.13	20.0	9.0	0.0	3500.0	0.0	0.0
11071.0	23.27	30.03	1.13	20.0	9.0	0.0	3500.0	0.0	0.0
11130.0	23.37	30.09	1.13	20.0	9.0	0.0	3500.0	0.0	0.0
11196.0	23.43	30.35	1.13	20.0	9.0	0.0	3500.0	0.0	0.0
11261.0	23.42	30.23	1.13	20.0	9.0	0.0	3500.0	0.0	0.0
11316.0	23.4	30.18	1.13	20.0	9.0	0.0	3500.0	0.0	0.0
11375.0	23.38	30.13	1.13	20.0	9.0	0.0	3500.0	0.0	0.0
11436.0	23.36	30.15	1.13	20.0	9.0	0.0	3500.0	0.0	0.0
11495.0	23.37	30.17	1.13	20.0	9.0	0.0	3500.0	0.0	0.0
11555.0	23.49	30.23	1.13	20.0	9.0	0.0	3500.0	0.0	0.0
11618.0	23.66	30.54	1.13	20.0	9.0	0.0	3500.0	0.0	0.0
11678.0	23.72	30.64	1.14	20.0	9.0	0.0	3500.0	0.0	0.0
11744.0	23.17	30.12	1.14	20.0	9.0	0.0	3500.0	0.0	0.0
11804.0	23.43	30.44	1.13	20.0	9.0	0.0	3500.0	0.0	0.0
11862.0	23.37	30.46	1.13	20.0	9.0	0.0	3500.0	0.0	0.0
11923.0	23.4	30.39	1.14	20.0	9.0	0.0	3500.0	0.0	0.0
11980.0	23.53	30.31	1.14	20.0	9.0	0.0	3500.0	0.0	0.0
12039.0	23.72	30.52	1.14	20.0	9.0	1326.61	3500.0	0.0	2.0
12101.0	23.79	30.64	1.14	20.0	9.0	1584.28	3500.0	0.0	2.0
12161.0	23.72	30.42	1.14	20.0	9.0	1433.35	3500.0	0.0	2.0
12223.0	23.59	30.47	1.14	20.0	9.0	1671.87	3500.0	0.0	2.0
12280.0	23.62	30.41	1.14	20.0	9.0	1674.29	3500.0	0.0	2.0
12340.0	23.6	30.3	1.14	20.0	9.0	1533.9	3500.0	0.0	2.0
12396.0	23.95	30.63	1.13	20.0	9.0	1757.26	3500.0	0.0	2.0
12459.0	23.72	30.45	1.14	20.0	9.0	1645.1	3500.0	0.0	2.0
12518.0	23.74	30.27	1.15	20.0	9.0	1705.9	3500.0	0.0	2.0
12580.0	23.68	30.16	1.15	20.0	9.0	1786.99	3500.0	0.0	2.0
12638.0	23.65	30.25	1.15	20.0	9.0	1851.39	3500.0	0.0	2.0
12694.0	23.67	30.29	1.14	20.0	9.0	1769.7	3500.0	0.0	2.0
12756.0	23.86	30.29	1.14	20.0	9.0	1897.05	3500.0	0.0	2.0
12811.0	23.87	30.44	1.14	20.0	9.0	1759.74	3500.0	0.0	2.0
12873.0	23.89	30.48	1.14	20.0	7.0	2011.8	3500.0	0.0	2.0
12930.0	23.44	30.01	1.15	20.0	8.0	1797.05	3500.0	0.0	2.0
12987.0	23.61	30.18	1.14	20.0	8.0	1743.58	3500.0	0.0	2.0
13049.0	23.64	30.25	1.14	20.0	9.0	1766.58	3500.0	48.79	1.0
13110.0	23.59	30.01	1.15	20.0	9.0	1885.61	3500.0	50.76	1.0
13173.0	23.79	30.34	1.14	20.0	9.0	1695.11	3500.0	50.77	1.0
13237.0	23.8	30.33	1.14	20.0	9.0	2058.46	3500.0	50.77	1.0
13309.0	23.73	30.32	1.14	20.0	9.0	1992.03	3500.0	48.8	1.0
13362.0	23.77	30.21	1.15	20.0	9.0	2020.47	3500.0	48.8	1.0
13431.0	23.73	30.37	1.14	20.0	9.0	1939.99	3500.0	48.81	1.0
13500.0	23.83	30.48	1.14	19.99	9.0	1884.19	3500.0	48.74	1.0
13558.0	23.72	30.44	1.15	20.0	9.0	1671.87	3500.0	48.78	1.0
13622.0	23.69	30.29	1.15	19.98	9.0	1964.12	3500.0	48.67	1.0
13685.0	23.83	30.55	1.14	19.9	9.0	2005.88	3500.0	48.09	1.0
13741.0	23.73	30.42	1.14	19.94	9.0	1935.98	3500.0	50.25	1.0
13807.0	23.61	30.35	1.14	19.97	9.0	2078.71	3500.0	48.6	1.0
13861.0	23.49	30.22	1.14	19.98	9.0	1992.83	3500.0	50.63	1.0
13929.0	23.72	30.43	1.14	19.96	9.0	2024.29	3500.0	48.6	1.0
13989.0	23.7	30.45	1.14	19.97	9.0	1915.71	3500.0	50.54	1.0
14042.0	23.72	30.45	1.14	19.98	9.0	1679.92	3500.0	50.67	1.0
14105.0	23.58	30.3	1.14	19.98	9.0	1802.45	3500.0	50.64	1.0
14169.0	23.89	30.53	1.14	19.46	9.0	1758.71	3500.0	47.37	1.0
14224.0	23.74	30.46	1.14	19.35	9.0	1623.38	3500.0	43.95	1.0
14281.0	23.77	30.46	1.15	18.96	9.0	1970.31	3500.0	41.58	1.0
14346.0	23.65	30.29	1.14	18.96	9.0	1774.1	3500.0	41.27	1.0
14403.0	23.67	30.33	1.14	19.22	9.0	1931.0	3500.0	44.29	1.0
14458.0	23.63	30.33	1.14	19.44	9.0	1855.98	3500.0	43.74	1.0
14522.0	23.58	30.23	1.14	19.39	9.0	1835.31	3500.0	44.84	1.0
14585.0	23.71	30.38	1.14	19.51	9.0	1929.51	3500.0	44.75	1.0
14644.0	23.65	30.32	1.14	19.34	9.0	1718.8	3500.0	44.45	1.0
14702.0	23.71	30.35	1.14	19.03	9.0	1728.91	3500.0	41.88	1.0
14756.0	23.56	30.35	1.14	18.77	9.0	1911.8	3500.0	42.16	1.0
14815.0	23.63	30.41	1.14	18.92	9.0	1996.01	3500.0	39.01	1.0
14878.0	23.76	30.43	1.14	19.13	9.0	1802.02	3500.0	41.75	1.0
14937.0	23.68	30.28	1.15	19.29	9.0	2105.26	3500.0	42.82	1.0
14994.0	23.7	30.43	1.14	19.48	9.0	1885.84	3500.0	46.39	1.0
15058.0	23.76	30.45	1.14	19.27	9.0	1996.27	3500.0	43.89	1.0
15111.0	23.71	30.38	1.14	19.32	9.0	1747.84	3500.0	46.23	1.0
15165.0	23.72	30.41	1.14	19.12	9.0	1620.92	3500.0	45.16	1.0
15229.0	23.71	30.39	1.14	18.87	9.0	1864.74	3500.0	40.57	1.0
15287.0	23.8	30.44	1.14	19.13	9.0	1669.63	3500.0	41.76	1.0
15345.0	23.84	30.48	1.14	19.3	9.0	1930.25	3500.0	43.54	1.0
15404.0	23.83	30.48	1.14	19.18	9.0	2021.84	3500.0	42.36	1.0
15467.0	23.8	30.49	1.14	19.17	9.0	1845.7	3500.0	43.09	1.0
15531.0	23.69	30.19	1.14	18.9	9.0	2090.59	3500.0	42.5	1.0
15589.0	23.72	30.29	1.14	18.89	9.0	1875.23	3500.0	42.26	1.0
15646.0	23.74	30.36	1.14	18.48	9.0	1998.14	3500.0	39.18	1.0
15705.0	23.86	30.47	1.14	18.53	9.0	2031.97	3500.0	39.39	1.0
15763.0	23.85	30.5	1.14	18.29	9.0	2036.11	3500.0	35.75	1.0
15817.0	23.83	30.6	1.14	18.05	9.0	1980.98	3500.0	33.3	1.0
15876.0	23.78	30.55	1.14	18.33	9.0	2074.98	3500.0	36.66	1.0
15942.0	23.85	30.57	1.14	18.37	9.0	2079.29	3500.0	35.81	1.0
15991.0	23.79	30.49	1.14	18.61	9.0	2014.5	3500.0	39.47	1.0
16059.0	23.67	30.13	1.13	18.62	9.0	2142.86	3500.0	37.86	1.0
16122.0	23.73	30.28	1.14	18.7	9.0	1990.45	3500.0	38.89	1.0
16172.0	23.7	30.28	1.14	18.66	9.0	1874.77	3500.0	40.73	1.0
16229.0	23.65	30.33	1.14	18.7	8.0	2070.68	3500.0	41.18	1.0
16293.0	23.6	30.35	1.13	18.47	8.0	1934.24	3500.0	37.57	1.0
16352.0	23.66	30.36	1.14	18.39	8.0	2062.99	3500.0	40.26	1.0
16409.0	23.67	30.34	1.13	18.06	8.0	2073.54	3500.0	35.75	1.0
16473.0	23.71	30.46	1.13	17.61	8.0	1894.18	3500.0	30.55	1.0
16531.0	23.72	30.48	1.14	17.36	8.0	1848.43	3500.0	27.46	1.0
16589.0	23.76	30.54	1.14	17.4	8.0	1713.31	3500.0	26.82	1.0
16644.0	23.72	30.53	1.14	17.45	8.0	1715.66	3500.0	29.94	1.0
16708.0	23.71	30.49	1.14	17.24	8.0	1726.52	3500.0	28.29	1.0
16772.0	23.69	30.48	1.14	17.36	8.0	1456.31	3500.0	28.62	1.0
16832.0	23.71	30.47	1.14	17.47	8.0	1671.12	3500.0	27.34	1.0
16890.0	23.74	30.48	1.14	17.49	8.0	1581.11	3500.0	30.21	1.0
16954.0	23.8	30.54	1.14	17.65	8.0	1751.11	3500.0	31.65	1.0
17014.0	23.8	30.52	1.14	17.62	8.0	1750.7	3500.0	29.71	1.0
17067.0	23.85	30.59	1.14	17.73	8.0	1633.28	3500.0	30.03	1.0
17125.0	23.75	30.46	1.14	18.54	7.0	1982.29	3500.0	38.84	1.0
17179.0	23.74	30.51	1.14	19.07	7.0	1912.05	3500.0	42.1	1.0
17244.0	23.7	30.58	1.13	19.36	7.0	1655.99	3500.0	43.81	1.0
17301.0	23.79	30.57	1.13	19.2	7.0	2007.49	3500.0	45.36	1.0
17359.0	23.72	30.56	1.14	18.85	7.0	1807.45	3500.0	41.22	1.0
17414.0	23.77	30.54	1.14	18.43	7.0	1684.07	3500.0	38.1	1.0
17478.0	23.77	30.48	1.14	18.02	7.0	1996.27	3500.0	35.85	1.0
17530.0	23.76	30.65	1.14	17.92	7.0	1802.67	3500.0	34.39	1.0
17588.0	23.79	30.67	1.14	17.62	7.0	1760.56	3500.0	31.58	1.0
17652.0	23.78	30.63	1.14	17.42	7.0	1888.46	3500.0	27.13	1.0
17707.0	23.74	30.64	1.14	17.36	7.0	1751.11	3500.0	28.8	1.0
17765.0	23.76	30.62	1.14	17.27	7.0	1687.1	3500.0	28.28	1.0
17822.0	23.8	30.62	1.14	17.25	7.0	1858.97	3500.0	25.44	1.0
17883.0	23.82	30.72	1.14	17.42	7.0	1721.96	3500.0	29.35	1.0
17941.0	23.81	30.72	1.14	17.43	7.0	1541.15	3500.0	29.52	1.0
17990.0	23.78	30.72	1.14	17.18	7.0	1830.61	3500.0	27.06	1.0
18054.0	23.75	30.71	1.14	17.19	7.0	1683.31	3500.0	23.98	1.0
18112.0	23.76	30.73	1.14	17.08	7.0	1875.47	3500.0	24.51	1.0
18170.0	23.79	30.7	1.14	17.1	7.0	1914.49	3500.0	25.86	1.0
18228.0	23.78	30.7	1.14	17.4	7.0	1714.09	3500.0	29.05	1.0
18288.0	23.73	30.73	1.14	17.31	7.0	1640.6	3500.0	26.81	1.0
18347.0	23.78	30.78	1.13	17.31	7.0	1603.93	3500.0	26.51	1.0
18402.0	23.7	30.75	1.14	17.36	7.0	1831.5	3500.0	25.97	1.0
18465.0	23.33	30.51	1.14	17.29	7.0	1633.28	3500.0	27.31	1.0
18529.0	23.66	30.74	1.13	17.12	7.0	1684.07	3500.0	24.12	1.0
18587.0	23.68	30.7	1.13	16.77	7.0	1779.57	3500.0	23.35	1.0
18641.0	23.7	30.71	1.13	16.71	7.0	1872.43	3500.0	21.63	1.0
18706.0	23.7	30.72	1.13	16.91	7.0	1668.52	3500.0	24.38	1.0
18763.0	23.8	30.8	1.13	16.87	7.0	1902.83	3500.0	24.46	1.0
18822.0	23.72	30.8	1.13	17.15	7.0	1696.83	3500.0	26.94	1.0
18882.0	23.79	30.78	1.14	17.12	7.0	1574.97	3500.0	24.75	1.0
18934.0	23.77	30.78	1.14	16.95	7.0	1898.01	3500.0	24.96	1.0
18998.0	23.77	30.84	1.14	17.11	7.0	1707.46	3500.0	26.09	1.0
19058.0	23.67	30.74	1.14	17.05	7.0	1580.61	3500.0	26.65	1.0
19117.0	23.62	30.59	1.14	16.73	7.0	1910.58	3500.0	23.73	1.0
19175.0	23.67	30.74	1.14	16.64	7.0	1722.36	3500.0	20.02	1.0
19235.0	23.71	30.77	1.14	16.52	7.0	1602.22	3500.0	21.01	1.0
19294.0	23.76	30.86	1.14	16.4	7.0	1872.19	3500.0	18.33	1.0
19357.0	23.74	30.95	1.14	16.7	7.0	1684.45	3500.0	21.36	1.0
19411.0	23.61	30.83	1.14	16.73	7.0	1630.08	3500.0	22.65	1.0
19476.0	23.57	30.82	1.13	16.66	7.0	1502.1	3500.0	19.63	1.0
19533.0	23.7	30.88	1.14	16.38	7.0	1698.18	3500.0	19.34	1.0
19594.0	23.68	30.86	1.13	16.21	7.0	1633.81	3500.0	17.7	1.0
19652.0	23.69	30.9	1.13	16.2	7.0	1616.55	3500.0	17.15	1.0
19710.0	23.7	30.86	1.13	16.25	7.0	1805.27	3500.0	17.14	1.0
19771.0	23.71	30.81	1.14	16.31	7.0	1669.26	3500.0	18.39	1.0
19829.0	23.77	30.82	1.14	16.35	7.0	1578.28	3500.0	18.45	1.0
19893.0	23.74	30.89	1.14	16.5	7.0	1792.11	3500.0	20.16	1.0
19948.0	23.77	30.92	1.14	16.47	7.0	1657.28	3500.0	18.0	1.0
20012.0	23.74	30.92	1.14	16.45	7.0	1605.65	3500.0	17.76	1.0
20081.0	23.75	30.96	1.14	16.34	7.0	1787.42	3500.0	18.14	1.0
20145.0	23.77	30.95	1.14	16.47	7.0	1523.93	3500.0	17.7	1.0
20205.0	23.75	30.87	1.13	16.47	7.0	1568.05	3500.0	20.67	1.0
20263.0	23.84	31.02	1.13	16.64	7.0	1808.97	3500.0	18.2	1.0
20327.0	23.78	30.95	1.13	17.06	7.0	1565.11	3500.0	25.38	1.0
20382.0	23.67	30.84	1.13	17.21	7.0	1682.56	3500.0	27.53	1.0
20446.0	23.59	30.84	1.14	17.23	7.0	1903.79	3500.0	27.36	1.0
20504.0	23.69	30.89	1.14	17.22	7.0	1647.45	3500.0	27.55	1.0
20568.0	23.73	30.89	1.14	16.77	7.0	1933.24	3500.0	23.65	1.0
20626.0	23.73	30.98	1.14	16.74	8.0	1742.97	3500.0	22.43	1.0
20686.0	23.69	30.88	1.14	16.54	7.0	1619.7	3500.0	22.15	1.0
20750.0	23.77	30.91	1.14	16.39	7.0	1994.68	3500.0	17.08	1.0
20808.0	23.75	31.02	1.14	16.86	7.0	1798.99	3500.0	22.03	1.0
20867.0	23.79	31.01	1.14	16.9	7.0	1709.01	3500.0	23.21	1.0
20930.0	23.79	30.98	1.14	16.84	7.0	1887.27	3500.0	23.2	1.0
20994.0	23.74	30.99	1.14	17.1	7.0	1626.72	3500.0	26.29	1.0
21054.0	23.82	31.01	1.14	16.76	7.0	1674.85	3500.0	24.8	1.0
21118.0	23.84	31.07	1.14	16.67	7.0	1908.88	3500.0	21.82	1.0
21176.0	23.83	31.1	1.14	16.71	7.0	1655.26	3500.0	22.53	1.0
21234.0	23.81	31.13	1.14	16.48	7.0	1980.46	3500.0	20.01	1.0
21298.0	23.79	31.16	1.14	16.77	7.0	1783.17	3500.0	22.59	1.0
21353.0	23.77	31.1	1.14	16.8	7.0	1667.78	3500.0	21.59	1.0
21411.0	23.77	31.08	1.14	16.68	7.0	1955.67	3500.0	23.05	1.0
21469.0	23.76	31.14	1.14	16.71	7.0	1764.29	3500.0	19.95	1.0
21524.0	23.76	31.11	1.14	16.57	7.0	1672.99	3500.0	22.82	1.0
21587.0	23.81	31.12	1.14	16.44	7.0	1849.34	3500.0	18.46	1.0
21646.0	23.79	31.2	1.14	16.22	7.0	1860.12	3500.0	15.83	1.0
21704.0	23.76	31.18	1.14	16.25	7.0	1914.24	3500.0	14.57	1.0
21768.0	23.74	31.09	1.14	17.14	7.0	1712.92	3500.0	25.61	1.0
21826.0	23.72	31.12	1.14	17.31	7.0	1950.59	3500.0	26.49	1.0
21886.0	23.76	31.08	1.14	17.54	7.0	1878.05	3500.0	29.72	1.0
21945.0	23.79	31.14	1.14	17.54	7.0	1614.64	3500.0	28.27	1.0
22002.0	23.78	31.19	1.14	17.27	7.0	1888.93	3500.0	28.88	1.0
22067.0	23.78	31.17	1.14	17.09	7.0	1697.41	3500.0	24.27	1.0
22121.0	23.78	31.17	1.14	16.85	7.0	1571.01	3500.0	23.04	1.0
22179.0	23.8	31.19	1.14	16.65	7.0	1905.73	3500.0	20.14	1.0
22243.0	23.74	31.14	1.14	16.73	7.0	1715.27	3500.0	22.54	1.0
22303.0	23.74	31.17	1.14	16.45	7.0	1585.79	3500.0	21.62	1.0
22362.0	23.71	31.18	1.14	16.21	7.0	1899.46	3500.0	17.61	1.0
22420.0	23.72	31.15	1.14	16.27	7.0	1718.61	3500.0	18.07	1.0
22480.0	23.68	31.11	1.14	16.22	7.0	1643.48	3500.0	15.59	1.0
22544.0	23.76	31.28	1.13	16.53	7.0	1654.17	3500.0	16.3	1.0
22608.0	23.28	30.8	1.13	17.06	6.0	1780.42	3500.0	26.62	1.0
22666.0	23.18	30.73	1.13	17.21	6.0	1816.42	3500.0	26.55	1.0
22735.0	23.46	30.92	1.14	17.16	6.0	1771.17	3500.0	26.48	1.0
22794.0	23.66	31.15	1.13	17.15	7.0	1770.75	3500.0	26.76	1.0
22854.0	23.61	31.18	1.13	17.16	7.0	1633.99	3500.0	26.15	1.0
22918.0	23.6	31.09	1.13	17.15	7.0	1372.62	3500.0	25.09	1.0
22973.0	23.62	31.12	1.13	16.89	7.0	1691.28	3500.0	23.91	1.0
23036.0	23.66	31.17	1.13	16.91	7.0	1572.16	3500.0	23.29	1.0
23092.0	23.6	31.13	1.14	17.42	7.0	1611.34	3500.0	25.11	1.0
23155.0	23.61	31.14	1.14	18.56	7.0	1518.06	3500.0	37.07	1.0
23214.0	23.72	31.18	1.13	18.85	7.0	1519.3	3500.0	42.94	1.0
23279.0	23.63	31.09	1.13	17.99	7.0	1361.78	3500.0	37.21	1.0
23328.0	23.66	31.12	1.13	17.45	7.0	1347.95	3500.0	32.91	1.0
23393.0	23.6	31.11	1.14	16.8	7.0	1572.82	3500.0	25.27	1.0
23453.0	23.77	31.19	1.13	16.51	7.0	1426.13	3500.0	21.87	1.0
23511.0	23.73	31.17	1.13	16.69	7.0	1762.84	3500.0	21.59	1.0
23569.0	23.66	31.16	1.13	16.69	7.0	1563.31	3500.0	22.1	1.0
23629.0	23.7	31.25	1.13	16.6	7.0	1423.56	3500.0	19.35	1.0
23685.0	23.65	31.19	1.13	16.57	7.0	1359.19	3500.0	20.83	1.0
23748.0	23.65	31.26	1.13	16.19	7.0	1553.28	3500.0	16.61	1.0
23803.0	23.36	31.01	1.13	15.99	7.0	1531.08	3500.0	14.89	1.0
23867.0	23.56	31.19	1.13	15.79	7.0	1546.07	3500.0	12.38	1.0
23931.0	23.68	31.4	1.13	15.84	7.0	1462.84	3500.0	11.18	1.0
23986.0	23.59	31.25	1.13	16.2	7.0	1609.79	3500.0	14.45	1.0
24050.0	23.59	31.22	1.14	16.24	7.0	1377.03	3500.0	15.46	1.0
24111.0	23.73	31.4	1.13	16.36	6.0	1321.59	3500.0	18.08	1.0
24171.0	23.67	31.26	1.14	16.36	6.0	1487.8	3500.0	16.24	1.0
24229.0	23.72	31.28	1.14	16.1	6.0	1547.35	3500.0	16.95	1.0
24290.0	23.66	31.21	1.14	15.89	7.0	1537.04	3500.0	14.43	1.0
24348.0	23.84	31.37	1.13	16.06	7.0	1476.96	3500.0	15.38	1.0
24414.0	23.77	31.33	1.13	16.07	7.0	1410.97	3500.0	14.37	1.0
24467.0	23.57	31.15	1.13	16.2	7.0	1618.12	3500.0	16.64	1.0
24527.0	23.65	31.25	1.13	16.23	7.0	1525.32	3500.0	15.02	1.0
24582.0	23.66	31.34	1.13	16.22	7.0	1367.99	3500.0	17.31	1.0
24640.0	23.65	31.31	1.13	16.24	7.0	1489.57	3500.0	17.12	1.0
24704.0	23.36	31.09	1.13	16.44	6.0	1555.37	3500.0	18.54	1.0
24765.0	23.3	30.93	1.12	16.99	6.0	1610.13	3500.0	22.89	1.0
24819.0	23.24	30.91	1.12	17.4	6.0	1524.39	3500.0	26.39	1.0
24883.0	23.31	30.99	1.13	17.55	6.0	1304.12	3500.0	30.36	1.0
24938.0	23.35	30.99	1.13	17.4	7.0	1554.57	3500.0	28.68	1.0
24996.0	23.42	31.07	1.13	17.08	7.0	1442.45	3500.0	25.49	1.0
25057.0	23.44	31.08	1.13	16.75	7.0	1293.77	3500.0	23.73	1.0
25117.0	23.45	31.05	1.13	16.56	7.0	1281.72	3500.0	22.05	1.0
25176.0	23.54	31.13	1.13	16.42	7.0	1481.77	3500.0	17.57	1.0
25241.0	23.47	31.1	1.14	16.05	7.0	1345.17	3500.0	15.5	1.0
25302.0	23.58	31.21	1.13	15.9	6.0	1153.49	3500.0	14.36	1.0
25360.0	23.68	31.32	1.14	15.77	6.0	1412.3	3500.0	9.64	1.0
25420.0	23.57	31.27	1.13	15.76	6.0	1416.16	3500.0	11.97	1.0
25481.0	23.41	31.25	1.13	15.99	6.0	1254.39	3500.0	12.82	1.0
25539.0	23.67	31.55	1.13	16.18	7.0	1756.85	3500.0	13.38	1.0
25597.0	23.66	31.57	1.13	16.22	7.0	1558.44	3500.0	15.51	1.0
25658.0	23.58	31.26	1.13	16.49	7.0	1417.77	3500.0	18.62	1.0
25713.0	23.59	31.08	1.14	16.49	7.0	1374.76	3500.0	20.59	1.0
25783.0	23.36	31.05	1.13	16.75	10.0	1572.16	3500.0	20.91	1.0
25847.0	23.45	31.22	1.13	16.62	8.0	1426.13	3500.0	21.57	1.0
25908.0	23.42	31.21	1.14	16.39	8.0	1496.71	3500.0	20.12	1.0
25968.0	23.65	31.42	1.13	16.13	7.0	1384.53	3500.0	18.31	1.0
26032.0	23.67	31.44	1.13	15.95	7.0	1652.53	3500.0	13.3	1.0
26095.0	23.74	31.53	1.13	15.96	7.0	1606.86	3500.0	13.47	1.0
26153.0	23.76	31.6	1.13	16.16	7.0	1865.9	3500.0	14.31	1.0
26209.0	23.81	31.62	1.14	16.73	7.0	1775.78	3500.0	19.55	1.0
26272.0	23.79	31.66	1.14	17.91	7.0	1849.8	3500.0	28.67	1.0
26336.0	23.79	31.65	1.14	18.46	7.0	1793.61	3500.0	38.25	1.0
26399.0	23.82	31.63	1.14	18.72	7.0	1712.92	3500.0	40.22	1.0
26455.0	23.72	31.6	1.14	18.29	7.0	1572.33	3500.0	40.02	1.0
26518.0	23.73	31.62	1.13	17.78	6.0	1573.15	3500.0	34.92	1.0
26573.0	23.53	31.49	1.14	17.64	6.0	1525.17	3500.0	31.88	1.0
26637.0	23.68	31.65	1.14	17.77	6.0	1452.08	3500.0	32.54	1.0
26697.0	23.75	31.65	1.14	17.99	6.0	1381.34	3500.0	31.24	1.0
26756.0	23.78	31.67	1.14	17.93	7.0	1513.78	3500.0	32.52	1.0
26816.0	23.88	31.73	1.13	17.81	7.0	1568.38	3500.0	31.79	1.0
26874.0	23.96	31.75	1.13	17.83	7.0	1552.8	3500.0	30.93	1.0
26941.0	23.75	31.67	1.14	17.89	7.0	1454.33	3500.0	34.49	1.0
26993.0	23.71	31.47	1.14	17.7	7.0	1540.67	3500.0	30.54	1.0
27047.0	23.79	31.62	1.14	17.45	7.0	1777.04	3500.0	28.92	1.0
27112.0	23.62	31.53	1.14	17.43	7.0	1557.96	3500.0	29.3	1.0
27172.0	23.63	31.47	1.14	17.29	7.0	1416.3	3500.0	26.46	1.0
27230.0	23.45	31.4	1.14	16.96	7.0	1625.84	3500.0	23.92	1.0
27294.0	23.67	31.57	1.13	16.57	7.0	1577.62	3500.0	19.15	1.0
27348.0	23.63	31.55	1.13	16.34	7.0	1474.78	3500.0	17.16	1.0
27413.0	23.58	31.49	1.14	16.38	7.0	1460.28	3500.0	16.82	1.0
27467.0	23.5	31.42	1.13	16.35	7.0	1564.13	3500.0	16.37	1.0
27526.0	23.64	31.6	1.13	16.42	7.0	1602.91	3500.0	17.34	1.0
27586.0	23.59	31.62	1.13	16.49	7.0	1452.78	3500.0	19.26	1.0
27651.0	23.67	31.66	1.13	16.54	7.0	1588.31	3500.0	20.3	1.0
27711.0	23.68	31.7	1.13	16.57	7.0	1611.86	3500.0	20.66	1.0
27769.0	23.73	31.69	1.13	16.96	7.0	1577.29	3500.0	23.82	1.0
27830.0	23.78	31.66	1.13	17.56	7.0	1498.2	3500.0	28.63	1.0
27882.0	23.8	31.64	1.13	17.57	7.0	1692.05	3500.0	29.2	1.0
27942.0	23.83	31.7	1.13	17.35	7.0	1609.79	3500.0	27.4	1.0
27998.0	23.87	31.76	1.14	17.13	7.0	1465.27	3500.0	28.38	1.0
28066.0	23.86	31.77	1.14	16.77	7.0	1680.3	3500.0	25.3	1.0
28120.0	23.87	31.75	1.14	16.79	7.0	1584.62	3500.0	20.56	1.0
28185.0	23.95	31.78	1.14	17.31	7.0	1577.45	3500.0	25.03	1.0
28237.0	23.81	31.73	1.14	17.52	7.0	1490.61	3500.0	30.55	1.0
28299.0	23.74	31.67	1.14	17.45	7.0	1670.19	3500.0	29.02	1.0
28356.0	23.46	31.53	1.14	17.23	7.0	1455.6	3500.0	26.21	1.0
28423.0	23.53	31.51	1.14	16.76	7.0	1371.49	3500.0	24.18	1.0
28475.0	23.55	31.52	1.14	16.4	7.0	1498.5	3500.0	20.0	1.0
28535.0	23.6	31.53	1.14	16.09	7.0	1363.39	3500.0	17.25	1.0
28600.0	23.68	31.58	1.14	15.79	7.0	1789.34	3500.0	13.12	1.0
28657.0	23.77	31.68	1.14	15.82	7.0	1596.76	3500.0	12.6	1.0
28718.0	23.75	31.64	1.13	15.84	7.0	1488.1	3500.0	11.36	1.0
28782.0	23.8	31.67	1.13	15.8	7.0	1745.81	3500.0	12.29	1.0
28843.0	23.78	31.73	1.14	15.77	7.0	1687.48	3500.0	9.92	1.0
28906.0	23.76	31.72	1.13	15.75	7.0	1486.62	3500.0	10.13	1.0
28955.0	23.73	31.68	1.13	15.54	7.0	1645.64	3500.0	10.58	1.0
29019.0	23.54	31.58	1.13	15.41	7.0	1679.36	3500.0	8.44	1.0
29082.0	23.45	31.49	1.14	15.4	7.0	1705.71	3500.0	7.29	1.0
29136.0	23.59	31.66	1.13	16.04	7.0	1627.07	3500.0	5.63	1.0
29200.0	23.66	31.71	1.13	17.18	7.0	1378.42	3500.0	24.91	1.0
29255.0	23.67	31.7	1.13	17.41	7.0	1540.67	3500.0	28.84	1.0
29319.0	23.46	31.41	1.13	17.59	7.0	1604.96	3500.0	28.77	1.0
29379.0	23.46	31.45	1.14	17.45	7.0	1507.39	3500.0	31.41	1.0
29437.0	23.58	31.58	1.14	17.53	7.0	1487.06	3500.0	27.82	1.0
29498.0	23.52	31.57	1.13	17.69	7.0	1481.48	3500.0	31.56	1.0
29556.0	23.57	31.62	1.13	17.36	7.0	1507.84	3500.0	27.88	1.0
29617.0	23.65	31.67	1.13	16.83	7.0	1710.77	3500.0	26.09	1.0
29680.0	23.71	31.71	1.13	16.63	6.0	1713.89	3500.0	21.55	1.0
29739.0	23.75	31.71	1.13	17.04	6.0	1492.83	3500.0	25.46	1.0
29805.0	23.69	31.7	1.13	17.17	6.0	1452.22	3500.0	28.11	1.0
29874.0	23.67	31.74	1.13	16.94	7.0	1639.52	3500.0	23.74	1.0
29932.0	23.81	31.8	1.13	16.79	7.0	1598.98	3500.0	23.78	1.0
29987.0	23.73	31.69	1.13	16.65	7.0	1796.41	3500.0	21.99	1.0
30051.0	23.68	31.58	1.14	16.64	7.0	1594.39	3500.0	22.0	1.0
30105.0	23.71	31.66	1.13	16.61	7.0	1466.71	3500.0	19.43	1.0
30170.0	23.75	31.66	1.13	16.44	7.0	1801.8	3500.0	20.3	1.0
30227.0	23.65	31.37	1.13	16.43	7.0	1610.65	3500.0	19.68	1.0
30288.0	23.6	31.46	1.13	16.37	7.0	1481.63	3500.0	17.01	1.0
30346.0	23.73	31.6	1.13	16.42	7.0	1765.74	3500.0	17.36	1.0
30404.0	23.69	31.68	1.13	16.14	7.0	1577.12	3500.0	14.29	1.0
30465.0	23.61	31.59	1.13	15.99	7.0	1508.45	3500.0	15.51	1.0
30523.0	23.48	31.53	1.13	15.83	7.0	1459.0	3500.0	10.76	1.0
30583.0	23.68	31.64	1.13	15.7	7.0	1293.44	3500.0	9.69	1.0
30647.0	23.58	31.61	1.13	15.81	7.0	1711.74	3500.0	9.62	1.0
30702.0	23.61	31.67	1.14	15.86	7.0	1569.69	3500.0	12.41	1.0
30759.0	23.75	31.85	1.13	15.98	7.0	1639.52	3500.0	11.65	1.0
30821.0	23.71	31.87	1.13	16.05	7.0	1517.76	3500.0	15.36	1.0
30878.0	23.73	31.89	1.13	16.46	7.0	1546.07	3500.0	19.09	1.0
30934.0	23.77	31.91	1.14	16.72	7.0	1623.73	3500.0	22.11	1.0
31003.0	23.86	31.96	1.14	16.9	7.0	1710.96	3500.0	23.64	1.0
31055.0	23.85	31.99	1.14	16.96	7.0	1430.89	3500.0	22.89	1.0
31116.0	23.84	31.98	1.14	16.85	7.0	1609.1	3500.0	24.83	1.0
31179.0	23.82	31.99	1.13	16.78	7.0	1812.25	3500.0	21.14	1.0
31244.0	23.89	32.1	1.13	16.71	7.0	1542.89	3500.0	20.75	1.0
31304.0	23.72	31.94	1.13	16.66	7.0	1446.06	3500.0	22.78	1.0
31368.0	23.13	31.43	1.13	16.85	7.0	1771.79	3500.0	20.25	1.0
31426.0	23.38	31.72	1.13	16.57	7.0	1610.13	3500.0	21.02	1.0
31493.0	23.43	31.8	1.13	16.74	7.0	1484.56	3500.0	19.77	1.0
31550.0	23.53	31.88	1.13	16.89	7.0	1602.39	3500.0	24.39	1.0
31605.0	23.4	31.75	1.14	16.99	7.0	1610.31	3500.0	22.77	1.0
31669.0	23.58	31.99	1.13	17.51	7.0	1363.14	3500.0	29.54	1.0
31724.0	23.64	32.0	1.13	17.68	7.0	1348.92	3500.0	31.74	1.0
31778.0	23.33	31.67	1.13	18.0	7.0	1398.08	3500.0	32.95	1.0
31843.0	22.83	31.2	1.13	18.42	7.0	1539.25	3500.0	38.49	1.0
31903.0	23.05	31.36	1.12	17.72	7.0	1385.3	3500.0	36.91	1.0
31961.0	23.41	31.67	1.13	17.07	7.0	1719.59	3500.0	27.31	1.0
32025.0	23.53	31.82	1.13	16.75	7.0	1527.65	3500.0	23.17	1.0
32079.0	23.49	31.83	1.13	16.58	7.0	1383.51	3500.0	21.39	1.0
32144.0	23.6	31.76	1.13	16.51	7.0	1752.13	3500.0	18.17	1.0
32198.0	23.58	31.84	1.13	16.68	7.0	1694.15	3500.0	21.33	1.0
32263.0	23.38	31.74	1.14	16.66	7.0	1415.36	3500.0	21.72	1.0
32323.0	23.61	31.94	1.13	16.58	7.0	1276.38	3500.0	19.0	1.0
32381.0	23.7	32.06	1.13	16.68	7.0	1694.34	3500.0	19.28	1.0
32436.0	23.78	32.1	1.13	16.66	7.0	1553.92	3500.0	21.62	1.0
32500.0	23.71	32.0	1.14	17.42	7.0	1526.56	3500.0	28.46	1.0
32561.0	23.85	32.13	1.13	17.86	7.0	1495.66	3500.0	31.31	1.0
32615.0	23.74	32.1	1.13	18.18	7.0	1340.24	3500.0	35.17	1.0
32673.0	23.81	32.14	1.14	18.13	7.0	1525.32	3500.0	34.59	1.0
32734.0	23.48	31.96	1.14	17.72	7.0	1478.12	3500.0	33.54	1.0
32797.0	23.57	31.99	1.14	17.1	7.0	1500.15	3500.0	27.82	1.0
32852.0	23.66	32.03	1.13	16.81	7.0	1353.42	3500.0	24.62	1.0
32919.0	23.64	32.03	1.13	16.47	7.0	1190.38	3500.0	21.46	1.0
32976.0	23.25	31.71	1.13	16.73	7.0	1434.31	3500.0	21.33	1.0
33038.0	23.17	31.77	1.13	16.45	7.0	1412.03	3500.0	20.17	1.0
33092.0	23.24	31.79	1.13	16.35	7.0	1256.18	3500.0	17.8	1.0
33157.0	23.42	31.88	1.13	16.3	7.0	1508.45	3500.0	18.23	1.0
33211.0	23.46	31.95	1.13	16.22	7.0	1603.93	3500.0	16.26	1.0
33269.0	23.46	31.9	1.13	16.3	7.0	1440.78	3500.0	16.03	1.0
33330.0	23.64	32.05	1.13	16.72	7.0	1450.82	3500.0	21.05	1.0
33393.0	23.62	32.1	1.13	16.97	7.0	1490.76	3500.0	23.47	1.0
33455.0	23.44	31.93	1.14	16.99	7.0	1328.14	3500.0	24.77	1.0
33509.0	23.62	32.13	1.13	16.88	7.0	1392.37	3500.0	22.99	1.0
33572.0	23.56	32.1	1.13	16.95	7.0	1492.24	3500.0	24.54	1.0
33634.0	23.5	32.01	1.13	16.89	7.0	1328.96	3500.0	22.78	1.0
33691.0	23.35	31.92	1.13	16.68	7.0	1524.08	3500.0	20.2	1.0
33752.0	23.69	32.22	1.13	16.48	7.0	1601.02	3500.0	18.01	1.0
33816.0	23.69	32.2	1.13	16.61	7.0	1422.61	3500.0	21.21	1.0
33876.0	23.65	32.14	1.13	17.05	7.0	1364.38	3500.0	25.25	1.0
33937.0	23.6	32.05	1.14	17.04	7.0	1415.76	3500.0	26.34	1.0
33995.0	23.66	32.11	1.13	16.72	7.0	1283.92	3500.0	23.5	1.0
34087.0	22.89	31.51	1.13	17.03	7.0	1444.25	3500.0	25.36	1.0
34174.0	23.19	31.75	1.13	16.41	7.0	1496.86	3500.0	20.17	1.0
34235.0	23.32	31.99	1.13	16.09	7.0	1537.99	3500.0	17.25	1.0
34298.0	23.4	32.07	1.13	16.4	6.0	1500.75	3500.0	17.57	1.0
34360.0	23.44	31.94	1.13	16.56	6.0	1447.04	3500.0	19.59	1.0
34417.0	23.54	31.89	1.14	16.38	6.0	1535.94	3500.0	19.72	1.0
34478.0	23.63	32.12	1.13	16.38	7.0	1436.23	3500.0	17.2	1.0
34536.0	23.62	32.09	1.14	16.3	7.0	1457.73	3500.0	16.68	1.0
34591.0	23.61	32.09	1.14	16.24	7.0	1726.32	3500.0	15.74	1.0
34655.0	23.64	31.95	1.14	16.21	7.0	1525.32	3500.0	15.52	1.0
34715.0	23.64	32.1	1.14	16.19	7.0	1379.82	3500.0	17.21	1.0
34774.0	23.62	32.12	1.14	16.1	7.0	1491.8	3500.0	16.42	1.0
34834.0	23.47	31.89	1.14	15.84	7.0	1682.56	3500.0	14.47	1.0
34892.0	23.16	31.69	1.13	16.2	16.0	1476.67	3500.0	15.09	1.0
34954.0	23.02	31.63	1.13	17.3	16.0	1497.01	3500.0	23.14	1.0
35009.0	23.31	31.96	1.13	17.74	16.0	1383.38	3500.0	29.85	1.0
35067.0	23.38	32.04	1.13	18.07	14.0	1566.09	3500.0	35.11	1.0
35132.0	23.46	32.06	1.13	17.74	11.0	2017.21	3500.0	30.81	1.0
35190.0	23.45	32.01	1.13	17.62	10.0	2104.97	3500.0	32.0	1.0
35249.0	23.52	32.03	1.13	17.37	9.0	2227.17	3500.0	30.37	1.0
35310.0	23.62	32.09	1.13	16.81	9.0	2491.69	3500.0	24.24	1.0
35367.0	23.68	32.19	1.13	16.47	8.0	2487.15	3500.0	19.7	1.0
35429.0	23.7	32.23	1.13	16.36	8.0	2673.32	3500.0	17.4	1.0
35490.0	23.81	32.35	1.14	16.1	8.0	2412.74	3500.0	16.19	1.0
35549.0	23.84	32.4	1.13	15.97	8.0	2493.77	3500.0	14.74	1.0
35607.0	23.91	32.41	1.13	15.88	7.0	2485.09	3500.0	11.23	1.0
35674.0	23.77	32.33	1.13	15.83	7.0	2228.5	3500.0	12.89	1.0
35732.0	23.79	32.35	1.13	15.64	7.0	2360.72	3500.0	8.7	1.0
35789.0	23.72	32.3	1.14	15.31	7.0	2397.7	3500.0	5.94	1.0
35851.0	23.82	32.38	1.13	15.26	7.0	2205.88	3500.0	3.66	1.0
35908.0	23.87	32.43	1.14	15.15	7.0	2220.91	3500.0	2.96	1.0
35966.0	23.86	32.5	1.14	15.39	7.0	2112.38	3500.0	7.24	1.0
36030.0	23.81	32.44	1.13	15.67	7.0	2088.85	3500.0	9.95	1.0
36087.0	23.78	32.44	1.13	16.31	7.0	1972.39	3500.0	15.51	1.0
36146.0	23.79	32.39	1.13	16.51	7.0	1944.01	3500.0	20.83	1.0
36204.0	23.68	32.31	1.13	16.55	7.0	1856.44	3500.0	20.69	1.0
36264.0	23.75	32.42	1.13	17.0	7.0	1736.92	3500.0	19.75	1.0
36334.0	23.73	32.48	1.13	17.34	7.0	1700.29	3500.0	28.31	1.0
36398.0	23.74	32.49	1.13	17.0	7.0	1551.99	3500.0	24.54	1.0
36456.0	23.85	32.61	1.13	16.71	7.0	1777.88	3500.0	20.63	1.0
36526.0	23.79	32.53	1.13	16.1	7.0	1835.09	3500.0	16.19	1.0
36580.0	23.48	32.36	1.14	15.93	7.0	1767.41	3500.0	13.36	1.0
36633.0	23.6	32.42	1.13	15.87	7.0	1571.67	3500.0	13.09	1.0
36694.0	23.66	32.46	1.13	15.67	7.0	1669.45	3500.0	12.07	1.0
36757.0	23.69	32.51	1.13	15.51	7.0	1514.23	3500.0	7.05	1.0
36817.0	23.73	32.52	1.13	15.38	7.0	1373.88	3500.0	8.57	1.0
36875.0	23.76	32.54	1.13	15.27	7.0	1754.59	3500.0	6.17	1.0
36938.0	23.81	32.56	1.14	15.52	7.0	1684.83	3500.0	8.64	1.0
37002.0	23.79	32.6	1.14	15.96	14.0	1609.27	3500.0	13.02	1.0
37063.0	23.29	32.13	1.13	16.91	16.0	1734.91	3500.0	20.85	1.0
37115.0	23.13	32.05	1.13	17.23	16.0	1602.22	3500.0	27.65	1.0
37186.0	23.34	32.26	1.13	17.04	13.0	1673.73	3500.0	23.69	1.0
37241.0	23.37	32.33	1.13	16.62	11.0	1833.07	3500.0	24.54	1.0
37300.0	23.34	32.29	1.13	16.16	10.0	1848.2	3500.0	18.72	1.0
37358.0	23.53	32.48	1.13	15.68	9.0	2044.99	3500.0	12.58	1.0
37419.0	23.66	32.56	1.13	15.3	9.0	2337.91	3500.0	6.64	1.0
37477.0	23.84	32.71	1.13	15.16	8.0	2368.17	3500.0	3.37	1.0
37534.0	23.74	32.6	1.13	15.23	8.0	2418.96	3500.0	3.47	1.0
37596.0	23.74	32.6	1.13	15.1	8.0	2377.18	3500.0	2.23	1.0
37647.0	23.85	32.82	1.13	15.18	8.0	2215.33	3500.0	2.34	1.0
37710.0	23.9	32.82	1.13	15.06	8.0	2515.93	3500.0	3.99	1.0
37763.0	23.9	32.79	1.13	15.1	8.0	2296.39	3500.0	3.8	1.0
37824.0	23.9	32.81	1.13	15.16	7.0	2340.46	3500.0	2.11	1.0
37888.0	23.93	32.94	1.12	15.33	7.0	2390.82	3500.0	4.18	1.0
37945.0	23.85	32.82	1.13	15.39	7.0	2192.02	3500.0	6.57	1.0
38002.0	23.77	32.73	1.13	15.82	7.0	2072.97	3500.0	11.5	1.0
38064.0	23.78	32.75	1.13	15.81	7.0	2242.82	3500.0	10.11	1.0
38122.0	23.76	32.76	1.13	16.05	7.0	2046.11	3500.0	15.21	1.0
38180.0	23.79	32.8	1.13	15.92	7.0	2067.82	3500.0	12.0	1.0
38235.0	23.7	32.82	1.13	15.95	7.0	1971.35	3500.0	13.36	1.0
38299.0	23.65	32.87	1.13	16.22	7.0	1811.16	3500.0	13.54	1.0
38363.0	23.69	32.92	1.13	16.07	7.0	1640.78	3500.0	14.83	1.0
38421.0	23.73	32.86	1.13	15.89	7.0	1845.47	3500.0	11.75	1.0
38479.0	23.67	32.81	1.13	15.67	7.0	1762.22	3500.0	10.85	1.0
38540.0	23.74	32.91	1.13	16.15	7.0	1666.11	3500.0	13.87	1.0
38603.0	23.44	32.59	1.13	16.62	7.0	1495.96	3500.0	21.3	1.0
38659.0	23.38	32.65	1.13	16.88	7.0	1702.61	3500.0	19.39	1.0
38722.0	23.41	32.7	1.12	16.93	7.0	1509.81	3500.0	26.34	1.0
38786.0	23.38	32.66	1.13	16.28	7.0	1679.92	3500.0	18.1	1.0
38841.0	23.41	32.58	1.13	15.89	7.0	1609.79	3500.0	15.58	1.0
38901.0	23.51	32.84	1.13	15.54	7.0	1462.7	3500.0	12.12	1.0
38959.0	23.72	33.03	1.13	15.45	7.0	1555.86	3500.0	6.72	1.0
39014.0	23.73	33.13	1.12	15.6	7.0	1648.71	3500.0	8.79	1.0
39077.0	23.75	33.08	1.13	15.69	7.0	1372.24	3500.0	11.39	1.0
39138.0	23.73	33.0	1.13	15.79	7.0	1268.18	3500.0	10.44	1.0
39196.0	23.45	32.88	1.13	16.17	7.0	1493.58	3500.0	15.78	1.0
39257.0	23.38	32.74	1.13	16.44	7.0	1429.39	3500.0	18.69	1.0
39317.0	23.52	32.83	1.13	16.66	7.0	1283.26	3500.0	18.01	1.0
39380.0	23.21	32.62	1.13	17.36	7.0	1440.23	3500.0	27.77	1.0
39450.0	23.25	32.65	1.13	17.23	7.0	1434.31	3500.0	28.28	1.0
39505.0	23.25	32.63	1.12	17.26	7.0	1257.97	3500.0	26.94	1.0
39560.0	23.16	32.51	1.12	17.55	7.0	1062.17	3500.0	31.45	1.0
39626.0	23.34	32.66	1.13	17.19	7.0	1504.06	3500.0	30.01	1.0
39685.0	23.65	32.84	1.13	16.93	7.0	1496.41	3500.0	25.35	1.0
39739.0	23.09	32.58	1.13	17.56	7.0	1590.5	3500.0	27.0	1.0
39803.0	23.11	32.58	1.14	17.69	7.0	1563.15	3500.0	32.38	1.0
39864.0	23.15	32.61	1.13	17.51	7.0	1540.04	3500.0	30.06	1.0
39921.0	23.26	32.64	1.13	17.34	7.0	1232.13	3500.0	29.25	1.0
39983.0	23.44	32.75	1.13	17.09	7.0	1431.16	3500.0	27.83	1.0
40040.0	23.57	32.91	1.14	16.61	7.0	1512.1	3500.0	21.7	1.0
40100.0	23.52	33.0	1.14	16.94	7.0	1510.88	3500.0	22.76	1.0
40162.0	23.17	32.74	1.13	17.85	7.0	1395.74	3500.0	28.78	1.0
40230.0	23.26	32.94	1.13	17.46	7.0	1380.83	3500.0	31.58	1.0
40289.0	23.12	32.72	1.13	17.47	7.0	1550.71	3500.0	27.55	1.0
40355.0	23.12	32.72	1.13	17.22	7.0	1398.47	3500.0	30.25	1.0
40410.0	23.33	32.68	1.13	16.83	7.0	1232.34	3500.0	25.26	1.0
40474.0	23.66	33.07	1.13	16.56	7.0	1552.63	3500.0	21.64	1.0
40535.0	23.64	33.02	1.13	16.73	7.0	1412.56	3500.0	18.49	1.0
40593.0	23.79	33.19	1.13	18.01	7.0	1400.04	3500.0	32.1	1.0
40653.0	23.66	33.14	1.13	18.61	7.0	1387.86	3500.0	37.84	1.0
40711.0	23.69	32.88	1.14	18.08	7.0	1417.5	3500.0	35.62	1.0
40772.0	23.46	32.75	1.13	17.82	7.0	1240.49	3500.0	33.42	1.0
40826.0	23.54	32.94	1.13	17.38	7.0	1378.93	3500.0	31.3	1.0
40891.0	23.41	32.96	1.13	17.35	7.0	1646.18	3500.0	27.24	1.0
40945.0	23.33	32.94	1.13	16.76	7.0	1507.08	3500.0	28.3	1.0
41004.0	23.39	33.01	1.13	16.37	7.0	1282.49	3500.0	18.22	1.0
41064.0	23.51	32.98	1.14	15.97	7.0	1464.27	3500.0	15.84	1.0
41122.0	23.73	33.31	1.13	15.74	7.0	1456.45	3500.0	10.99	1.0
41183.0	23.79	33.4	1.13	15.58	7.0	1393.4	3500.0	10.16	1.0
41243.0	23.72	33.31	1.13	15.51	11.0	1245.23	3500.0	6.83	1.0
41302.0	23.65	33.14	1.13	15.7	9.0	1546.23	3500.0	9.92	1.0
41361.0	23.54	32.92	1.14	15.51	8.0	1489.43	3500.0	7.9	1.0
41419.0	23.54	33.06	1.14	15.56	8.0	1451.66	3500.0	7.67	1.0
41479.0	23.58	33.16	1.14	15.54	8.0	1283.92	3500.0	9.8	1.0
41534.0	23.79	33.35	1.13	15.47	8.0	1536.26	3500.0	6.6	1.0
41596.0	23.82	33.39	1.13	15.42	7.0	1503.31	3500.0	8.06	1.0
41652.0	23.85	33.42	1.14	15.74	7.0	1352.33	3500.0	9.49	1.0
41709.0	23.86	33.47	1.14	16.13	7.0	1654.9	3500.0	15.23	1.0
41774.0	23.84	33.5	1.14	16.14	7.0	1705.71	3500.0	16.37	1.0
41834.0	23.84	33.45	1.14	16.12	7.0	1725.72	3500.0	13.8	1.0
41891.0	23.8	33.48	1.13	16.47	7.0	1638.99	3500.0	19.24	1.0
41953.0	23.81	33.47	1.13	16.39	7.0	1609.61	3500.0	17.88	1.0
42016.0	23.77	33.46	1.13	16.24	7.0	1572.16	3500.0	17.8	1.0
42075.0	23.81	33.49	1.13	16.06	7.0	1689.57	3500.0	13.1	1.0
42129.0	23.82	33.55	1.13	16.12	7.0	1759.12	3500.0	15.44	1.0
42193.0	23.82	33.54	1.13	16.7	7.0	1535.63	3500.0	21.16	1.0
42248.0	23.81	33.5	1.13	16.87	7.0	1436.78	3500.0	23.36	1.0
42312.0	23.82	33.51	1.13	16.7	7.0	1763.46	3500.0	23.54	1.0
42364.0	23.76	33.49	1.13	16.82	7.0	1678.04	3500.0	23.38	1.0
42431.0	23.77	33.51	1.13	16.62	7.0	1574.14	3500.0	20.91	1.0
42488.0	23.84	33.6	1.13	16.51	7.0	1336.54	3500.0	20.66	1.0
42549.0	23.9	33.57	1.13	16.3	7.0	1577.95	3500.0	18.97	1.0
42607.0	23.92	33.62	1.14	16.01	7.0	1651.26	3500.0	15.62	1.0
42662.0	23.9	33.57	1.13	16.1	7.0	1617.6	3500.0	12.88	1.0
42726.0	23.93	33.61	1.13	16.18	7.0	1340.24	3500.0	16.76	1.0
42786.0	23.88	33.59	1.13	16.16	7.0	1563.64	3500.0	14.62	1.0
42845.0	23.89	33.7	1.14	16.18	7.0	1424.5	3500.0	16.47	1.0
42899.0	23.85	33.7	1.13	16.89	7.0	1539.09	3500.0	18.84	1.0
42963.0	23.93	33.69	1.14	17.52	7.0	1527.81	3500.0	30.3	1.0
43018.0	23.93	33.69	1.14	17.59	7.0	1719.2	3500.0	29.44	1.0
43082.0	23.92	33.8	1.14	17.5	7.0	1506.48	3500.0	28.48	1.0
43137.0	23.86	33.72	1.14	17.04	7.0	1367.61	3500.0	30.28	1.0
43195.0	23.88	33.78	1.14	16.28	7.0	1734.3	3500.0	19.46	1.0
43250.0	23.87	33.76	1.14	15.91	7.0	1641.5	3500.0	15.74	1.0
43320.0	23.85	33.8	1.13	15.8	7.0	1348.07	3500.0	10.51	1.0
43368.0	23.87	33.76	1.13	15.64	7.0	1671.5	3500.0	9.71	1.0
43431.0	23.89	33.76	1.13	15.83	7.0	1556.02	3500.0	9.59	1.0
43487.0	23.87	33.74	1.13	16.2	7.0	1485.44	3500.0	13.8	1.0
43550.0	23.84	33.79	1.14	16.46	7.0	1701.07	3500.0	19.71	1.0
43615.0	23.85	33.78	1.14	16.51	7.0	1586.29	3500.0	19.05	1.0
43669.0	23.87	33.77	1.14	17.15	7.0	1631.32	3500.0	24.17	1.0
43721.0	23.93	33.87	1.14	17.35	7.0	1575.8	3500.0	29.05	1.0
43782.0	23.85	33.91	1.14	17.35	7.0	1710.18	3500.0	26.72	1.0
43846.0	23.86	33.9	1.14	17.26	7.0	1481.48	3500.0	26.52	1.0
43907.0	23.79	33.81	1.14	16.67	7.0	1324.27	3500.0	25.24	1.0
43970.0	23.79	33.82	1.14	16.19	7.0	1612.73	3500.0	18.39	1.0
44028.0	23.81	33.8	1.14	16.12	7.0	1598.64	3500.0	13.9	1.0
44089.0	23.81	33.8	1.14	16.26	7.0	1452.5	3500.0	17.47	1.0
44147.0	23.84	33.82	1.14	16.2	7.0	1645.46	3500.0	17.09	1.0
44208.0	23.81	33.81	1.13	16.1	7.0	1585.96	3500.0	14.57	1.0
44263.0	23.78	33.82	1.13	16.09	7.0	1435.54	3500.0	13.88	1.0
44326.0	23.78	33.82	1.13	15.99	7.0	1528.43	3500.0	13.26	1.0
44382.0	23.82	33.81	1.13	15.79	7.0	1472.61	3500.0	11.95	1.0
44445.0	23.85	33.84	1.13	15.56	7.0	1543.21	3500.0	10.74	1.0
44506.0	23.86	33.82	1.13	15.46	7.0	1428.44	3500.0	8.72	1.0
44564.0	23.86	33.83	1.13	15.41	7.0	1314.64	3500.0	5.63	1.0
44618.0	23.89	33.86	1.13	15.26	7.0	1562.17	3500.0	4.49	1.0
44678.0	23.86	33.82	1.13	15.09	7.0	1496.11	3500.0	4.99	1.0
44736.0	23.88	33.89	1.13	15.03	7.0	1321.82	3500.0	0.88	1.0
44795.0	23.89	33.91	1.13	14.95	7.0	1518.68	3500.0	0.3	1.0
44859.0	23.88	33.93	1.13	14.98	7.0	1304.12	3500.0	0.18	1.0
44919.0	23.88	33.92	1.13	15.06	7.0	1448.3	3500.0	3.02	1.0
44977.0	23.86	33.97	1.13	15.1	7.0	1686.91	3500.0	3.5	1.0
45037.0	23.85	33.96	1.13	15.13	7.0	1547.99	3500.0	2.39	1.0
45094.0	23.82	34.01	1.13	15.11	7.0	1511.94	3500.0	2.2	1.0
45149.0	23.9	34.1	1.13	15.17	7.0	1705.9	3500.0	3.86	1.0
45206.0	23.86	34.03	1.13	15.16	7.0	1486.33	3500.0	4.62	1.0
45273.0	23.86	34.04	1.13	15.12	7.0	1331.91	3500.0	4.05	1.0
45330.0	23.78	33.96	1.13	15.2	7.0	1708.82	3500.0	4.95	1.0
45399.0	23.81	33.98	1.13	15.29	7.0	1460.99	3500.0	6.0	1.0
45453.0	23.87	33.99	1.13	15.35	7.0	1300.84	3500.0	7.25	1.0
45513.0	23.87	34.01	1.13	15.38	7.0	1596.93	3500.0	5.36	1.0
45571.0	23.75	33.96	1.13	15.58	7.0	1474.35	3500.0	6.49	1.0
45631.0	23.76	33.99	1.13	16.28	7.0	1543.21	3500.0	13.74	1.0
45689.0	23.86	34.05	1.13	16.68	7.0	1523.46	3500.0	21.63	1.0
45750.0	23.8	34.02	1.13	16.8	7.0	1652.35	3500.0	20.31	1.0
45813.0	23.83	34.04	1.13	16.6	7.0	1408.72	3500.0	22.11	1.0
45875.0	23.95	34.2	1.13	16.29	7.0	1288.33	3500.0	19.27	1.0
45932.0	23.9	34.14	1.13	15.95	7.0	1696.26	3500.0	15.26	1.0
45997.0	23.83	34.09	1.13	15.82	7.0	1581.28	3500.0	10.62	1.0
46051.0	23.85	34.11	1.13	15.91	7.0	1458.43	3500.0	13.05	1.0
46111.0	23.83	34.1	1.13	15.97	7.0	1290.99	3500.0	12.17	1.0
46164.0	23.83	34.08	1.13	15.96	7.0	1476.67	3500.0	14.38	1.0
46225.0	23.62	33.99	1.13	15.96	7.0	1368.99	3500.0	11.63	1.0
46288.0	23.44	33.91	1.14	15.65	7.0	1652.16	3500.0	11.17	1.0
46344.0	23.6	33.97	1.14	15.35	7.0	1571.83	3500.0	8.69	1.0
46406.0	23.66	33.99	1.13	15.44	7.0	1548.95	3500.0	5.89	1.0
46461.0	23.77	34.06	1.13	15.51	7.0	1394.44	3500.0	8.93	1.0
46516.0	23.68	34.01	1.13	15.57	7.0	1356.97	3500.0	8.03	1.0
46578.0	23.66	34.04	1.13	15.44	7.0	1510.42	3500.0	7.04	1.0
46639.0	23.67	34.08	1.13	15.33	7.0	1373.25	3500.0	6.07	1.0
46696.0	23.61	33.83	1.13	15.34	7.0	1722.75	3500.0	4.94	1.0
46751.0	23.45	33.8	1.14	15.15	7.0	1662.97	3500.0	3.61	1.0
46820.0	23.59	34.06	1.13	15.15	7.0	1376.02	3500.0	4.05	1.0
46877.0	23.66	34.11	1.13	15.03	7.0	1739.13	3500.0	2.96	1.0
46938.0	23.84	34.29	1.13	15.09	7.0	1668.15	3500.0	1.6	1.0
46995.0	23.89	34.34	1.13	15.24	7.0	1377.92	3500.0	3.5	1.0
47055.0	23.86	34.29	1.13	15.26	7.0	1552.8	3500.0	6.35	1.0
47113.0	23.84	34.25	1.13	15.48	7.0	1634.16	3500.0	8.33	1.0
47173.0	23.76	34.26	1.14	15.62	7.0	1491.65	3500.0	10.09	1.0
47232.0	23.67	34.1	1.14	15.68	7.0	1552.8	3500.0	9.14	1.0
47292.0	23.74	34.23	1.14	15.55	7.0	1540.04	3500.0	8.24	1.0
47349.0	23.88	34.38	1.14	15.63	7.0	1425.45	3500.0	8.46	1.0
47410.0	23.9	34.36	1.14	15.58	7.0	1288.88	3500.0	9.74	1.0
47464.0	23.93	34.4	1.14	15.46	7.0	1575.63	3500.0	7.72	1.0
47527.0	23.88	34.39	1.13	15.46	7.0	1435.68	3500.0	7.97	1.0
47582.0	23.86	34.41	1.13	15.66	7.0	1440.23	3500.0	9.74	1.0
47645.0	23.8	34.29	1.14	15.72	7.0	1680.67	3500.0	9.55	1.0
47710.0	23.95	34.43	1.13	15.92	7.0	1412.83	3500.0	14.1	1.0
47764.0	23.89	34.45	1.13	16.22	7.0	1246.78	3500.0	16.61	1.0
47819.0	23.89	34.48	1.13	16.06	7.0	1650.17	3500.0	15.02	1.0
47878.0	23.79	34.26	1.14	16.03	7.0	1590.67	3500.0	14.96	1.0
47938.0	23.73	34.3	1.14	16.24	7.0	1498.35	3500.0	13.68	1.0
47995.0	23.81	34.44	1.14	16.69	7.0	1466.28	3500.0	22.14	1.0
48057.0	23.78	34.42	1.14	16.76	7.0	1449.0	3500.0	19.99	1.0
48111.0	23.86	34.43	1.14	16.42	7.0	1308.79	3500.0	22.09	1.0
48175.0	23.82	34.48	1.14	16.03	7.0	1640.24	3500.0	16.52	1.0
48233.0	23.86	34.44	1.14	15.89	7.0	1633.81	3500.0	11.77	1.0
48293.0	23.84	34.43	1.14	15.89	7.0	1553.76	3500.0	13.45	1.0
48352.0	23.9	34.48	1.14	15.83	7.0	1519.6	3500.0	13.28	1.0
48412.0	23.92	34.52	1.13	15.92	7.0	1778.52	3500.0	11.15	1.0
48471.0	23.94	34.53	1.13	15.79	7.0	1579.61	3500.0	10.71	1.0
48531.0	23.89	34.5	1.13	15.66	7.0	1435.96	3500.0	9.42	1.0
48588.0	23.94	34.56	1.14	15.44	7.0	1749.07	3500.0	8.67	1.0
48643.0	23.8	34.43	1.14	15.4	7.0	1693.0	3500.0	8.08	1.0
48712.0	23.76	34.5	1.13	15.39	7.0	1405.02	3500.0	7.84	1.0
48770.0	23.9	34.8	1.13	15.35	7.0	1621.45	3500.0	7.33	1.0
48835.0	23.88	34.7	1.13	15.25	7.0	1553.44	3500.0	6.41	1.0
48889.0	23.88	34.63	1.13	15.2	7.0	1398.6	3500.0	3.59	1.0
48948.0	23.82	34.64	1.13	15.19	7.0	1524.24	3500.0	3.5	1.0
49007.0	23.88	34.62	1.13	15.12	7.0	1498.05	3500.0	4.8	1.0
49071.0	23.93	34.64	1.14	14.94	7.0	1314.75	3500.0	2.34	1.0
49125.0	23.91	34.62	1.13	14.82	7.0	1519.76	3500.0	-1.07	1.0
49189.0	23.9	34.64	1.14	14.73	7.0	1443.28	3500.0	-1.01	1.0
49249.0	23.89	34.68	1.14	14.7	7.0	1318.68	3500.0	-2.96	1.0
49309.0	23.89	34.68	1.13	14.78	7.0	1299.71	3500.0	-0.45	1.0
49368.0	23.91	34.74	1.14	14.76	7.0	1627.25	3500.0	-0.54	1.0
49428.0	23.68	34.54	1.14	14.96	7.0	1552.15	3500.0	0.96	1.0
49485.0	23.57	34.24	1.14	15.05	7.0	1232.54	3500.0	2.84	1.0
49552.0	23.43	34.28	1.14	14.92	7.0	1632.21	3500.0	2.06	1.0
49609.0	23.72	34.62	1.13	14.99	7.0	1569.04	3500.0	1.44	1.0
49664.0	23.84	34.71	1.13	15.17	7.0	1629.9	3500.0	3.03	1.0
49733.0	23.93	34.75	1.13	15.35	7.0	1570.35	3500.0	7.97	1.0
49790.0	23.96	34.88	1.13	15.74	7.0	1503.01	3500.0	11.35	1.0
49851.0	23.82	34.77	1.13	16.04	7.0	1339.64	3500.0	13.79	1.0
49911.0	23.58	34.55	1.13	16.06	7.0	1182.78	3500.0	14.87	1.0
49970.0	23.87	34.85	1.13	15.99	7.0	1568.22	3500.0	12.03	1.0
50030.0	23.78	34.8	1.13	15.74	7.0	1412.3	3500.0	12.73	1.0
50094.0	23.77	34.76	1.14	15.6	7.0	1486.92	3500.0	8.55	1.0
50154.0	23.76	34.52	1.14	15.44	7.0	1489.13	3500.0	7.33	1.0
50214.0	23.81	34.65	1.14	15.3	7.0	1352.81	3500.0	5.76	1.0
50272.0	23.91	34.79	1.14	15.36	7.0	1460.99	3500.0	6.79	1.0
50337.0	23.87	34.76	1.14	15.44	7.0	1513.01	3500.0	5.67	1.0
50396.0	23.86	34.9	1.14	15.76	7.0	1335.95	3500.0	11.51	1.0
50456.0	23.84	34.87	1.14	15.93	7.0	1353.18	3500.0	13.47	1.0
50514.0	23.9	34.91	1.14	16.0	7.0	1490.76	3500.0	15.06	1.0
50575.0	23.84	34.85	1.14	16.01	7.0	1327.32	3500.0	13.21	1.0
50629.0	23.88	34.86	1.14	15.92	7.0	1375.14	3500.0	14.57	1.0
50694.0	23.85	34.85	1.13	15.82	7.0	1601.2	3500.0	10.84	1.0
50754.0	23.87	34.89	1.14	15.57	7.0	1453.21	3500.0	10.18	1.0
50818.0	23.93	34.94	1.14	15.35	7.0	1588.81	3500.0	5.96	1.0
50881.0	23.91	34.95	1.14	15.28	7.0	1442.03	3500.0	6.14	1.0
50940.0	23.92	35.01	1.14	15.46	7.0	1353.55	3500.0	7.09	1.0
50996.0	23.96	35.13	1.13	15.65	7.0	1416.97	3500.0	8.73	1.0
51059.0	24.02	35.09	1.13	15.81	7.0	1588.81	3500.0	10.4	1.0
51120.0	23.92	35.06	1.13	15.9	7.0	1439.82	3500.0	13.14	1.0
51177.0	23.95	35.07	1.14	15.76	7.0	1647.08	3500.0	12.54	1.0
51241.0	23.89	35.01	1.14	15.59	7.0	1555.69	3500.0	9.96	1.0
51296.0	23.89	35.03	1.14	15.59	7.0	1521.92	3500.0	7.67	1.0
51355.0	23.9	35.04	1.14	15.58	7.0	1398.21	3500.0	9.85	1.0
51419.0	23.9	35.11	1.14	15.43	7.0	1599.83	3500.0	8.77	1.0
51479.0	23.84	35.08	1.13	15.46	7.0	1536.57	3500.0	8.23	1.0
51543.0	23.88	35.07	1.14	15.35	7.0	1478.12	3500.0	7.81	1.0
51600.0	23.99	35.09	1.14	15.3	7.0	1587.97	3500.0	6.61	1.0
51660.0	23.94	35.12	1.13	15.31	7.0	1438.43	3500.0	4.71	1.0
51726.0	23.9	35.16	1.14	15.29	7.0	1273.67	3500.0	4.45	1.0
51783.0	23.92	35.16	1.14	15.21	7.0	1574.14	3500.0	3.34	1.0
51849.0	23.91	35.16	1.14	15.2	7.0	1486.18	3500.0	5.42	1.0
51898.0	23.89	35.13	1.14	15.25	7.0	1320.42	3500.0	3.33	1.0
51966.0	23.86	35.13	1.14	15.2	7.0	1494.77	3500.0	4.2	1.0
52021.0	23.89	35.2	1.14	14.97	7.0	1528.12	3500.0	1.7	1.0
52084.0	23.92	35.26	1.14	14.86	7.0	1542.26	3500.0	1.17	1.0
52143.0	23.87	35.23	1.13	14.91	7.0	1536.1	3500.0	1.15	1.0
52202.0	23.92	35.26	1.14	15.02	7.0	1379.31	3500.0	0.26	1.0
52262.0	23.9	35.24	1.14	15.31	7.0	1271.51	3500.0	5.03	1.0
52326.0	23.78	35.17	1.13	15.46	7.0	1639.17	3500.0	6.54	1.0
52385.0	23.82	35.21	1.14	15.59	7.0	1535.16	3500.0	8.76	1.0
52449.0	23.84	35.17	1.14	15.64	7.0	1209.09	3500.0	10.77	1.0
52504.0	23.7	35.05	1.14	15.54	7.0	1518.53	3500.0	9.92	1.0
52568.0	23.81	35.19	1.14	15.45	7.0	1412.96	3500.0	6.22	1.0
52627.0	23.84	35.22	1.14	15.63	7.0	1505.12	3500.0	9.53	1.0
52682.0	23.85	35.26	1.14	15.77	7.0	1459.0	3500.0	11.16	1.0
52746.0	23.79	35.21	1.14	15.74	7.0	1462.13	3500.0	12.05	1.0
52800.0	23.85	35.23	1.14	15.57	7.0	1611.0	3500.0	9.31	1.0
52870.0	23.79	35.12	1.14	15.62	7.0	1506.02	3500.0	10.13	1.0
52930.0	23.8	35.18	1.14	15.68	7.0	1382.36	3500.0	10.56	1.0
52999.0	23.94	35.31	1.14	15.58	7.0	1586.63	3500.0	10.59	1.0
53062.0	23.88	35.34	1.13	15.51	7.0	1518.53	3500.0	6.69	1.0
53123.0	23.93	35.34	1.14	15.65	7.0	1482.65	3500.0	9.74	1.0
53181.0	23.83	35.3	1.13	16.33	7.0	1471.31	3500.0	18.03	1.0
53241.0	23.85	35.37	1.13	16.35	7.0	1749.07	3500.0	19.08	1.0
53305.0	23.72	35.26	1.14	16.41	7.0	1550.87	3500.0	18.56	1.0
53359.0	23.78	35.32	1.14	16.26	7.0	1403.05	3500.0	16.69	1.0
53424.0	23.87	35.39	1.13	16.04	7.0	1535.94	3500.0	13.87	1.0
53478.0	23.91	35.38	1.13	15.65	7.0	1620.57	3500.0	11.55	1.0
53541.0	23.91	35.42	1.13	15.37	7.0	1366.49	3500.0	7.63	1.0
53608.0	23.94	35.42	1.13	15.39	7.0	1470.73	3500.0	5.28	1.0
53670.0	23.89	35.42	1.13	15.41	7.0	1406.07	3500.0	5.94	1.0
53763.0	23.96	35.5	1.13	15.2	7.0	1412.16	3500.0	6.03	1.0
53849.0	23.91	35.48	1.13	15.01	7.0	1388.37	3500.0	1.11	1.0
53912.0	23.85	35.45	1.13	14.95	7.0	1614.47	3500.0	1.82	1.0
53966.0	23.9	35.52	1.14	14.95	7.0	1468.29	3500.0	0.08	1.0
54026.0	23.93	35.54	1.14	14.95	7.0	1309.81	3500.0	2.02	1.0
54084.0	23.9	35.66	1.14	14.89	7.0	1532.18	3500.0	1.34	1.0
54150.0	23.9	35.59	1.14	15.14	7.0	1390.95	3500.0	-0.02	1.0
54213.0	23.92	35.61	1.13	15.55	7.0	1389.15	3500.0	7.37	1.0
54277.0	23.91	35.7	1.14	15.81	7.0	1664.45	3500.0	10.41	1.0
54337.0	23.93	35.71	1.14	15.85	7.0	1582.95	3500.0	12.94	1.0
54397.0	23.87	35.61	1.14	15.85	7.0	1429.52	3500.0	11.31	1.0
54461.0	23.85	35.62	1.13	15.58	7.0	1545.44	3500.0	11.7	1.0
54516.0	23.88	35.59	1.13	15.37	7.0	1564.78	3500.0	8.55	1.0
54579.0	23.85	35.61	1.13	15.49	7.0	1526.87	3500.0	6.34	1.0
54633.0	23.93	35.67	1.14	15.66	7.0	1446.76	3500.0	8.91	1.0
54697.0	23.88	35.65	1.14	15.87	7.0	1628.13	3500.0	14.02	1.0
54758.0	23.79	35.58	1.13	15.92	7.0	1528.74	3500.0	10.91	1.0
54815.0	23.22	35.2	1.14	15.79	7.0	1186.99	3500.0	12.44	1.0
54871.0	23.55	35.43	1.14	15.61	7.0	1449.7	3500.0	9.19	1.0
54930.0	23.82	35.74	1.13	15.54	7.0	1472.32	3500.0	7.59	1.0
54993.0	23.91	35.75	1.13	15.64	7.0	1336.06	3500.0	11.0	1.0
55054.0	23.86	35.72	1.13	15.62	7.0	1206.08	3500.0	8.66	1.0
55111.0	23.88	35.77	1.13	15.54	7.0	1605.48	3500.0	9.41	1.0
55178.0	23.92	35.75	1.14	15.3	7.0	1514.08	3500.0	7.53	1.0
55235.0	23.88	35.79	1.13	15.21	7.0	1396.91	3500.0	3.2	1.0
55301.0	23.9	35.76	1.13	15.21	7.0	1236.91	3500.0	5.35	1.0
55358.0	23.98	35.79	1.14	15.07	7.0	1618.3	3500.0	2.07	1.0
55425.0	23.95	35.79	1.13	15.14	7.0	1466.28	3500.0	3.59	1.0
55482.0	23.82	35.74	1.14	15.38	7.0	1459.14	3500.0	7.68	1.0
55541.0	23.89	35.86	1.13	15.43	7.0	1546.87	3500.0	6.02	1.0
55600.0	23.95	35.92	1.13	15.33	7.0	1669.63	3500.0	5.11	1.0
55659.0	23.98	35.9	1.13	15.27	7.0	1525.32	3500.0	7.08	1.0
55723.0	23.97	35.92	1.13	15.34	7.0	1423.96	3500.0	7.5	1.0
55777.0	23.96	35.92	1.13	15.24	7.0	1645.1	3500.0	6.18	1.0
55840.0	23.93	35.9	1.13	15.18	7.0	1422.75	3500.0	4.97	1.0
55895.0	23.93	35.88	1.13	15.07	7.0	1280.52	3500.0	4.44	1.0
55958.0	24.0	35.99	1.14	14.77	7.0	1587.3	3500.0	0.47	1.0
56018.0	23.93	35.93	1.14	14.67	7.0	1432.25	3500.0	-3.17	1.0
56073.0	23.9	35.88	1.13	14.77	7.0	1320.19	3500.0	-0.62	1.0
56136.0	23.92	35.93	1.13	14.82	7.0	1515.76	3500.0	-0.14	1.0
56197.0	23.9	35.98	1.13	15.35	7.0	1457.73	3500.0	2.96	1.0
56254.0	23.91	35.86	1.13	15.66	7.0	1342.76	3500.0	10.31	1.0
56314.0	23.93	35.92	1.13	15.71	7.0	1223.59	3500.0	11.56	1.0
56378.0	23.88	35.93	1.13	15.55	7.0	1668.52	3500.0	7.48	1.0
56438.0	23.92	35.9	1.13	15.5	7.0	1529.68	3500.0	8.98	1.0
56496.0	23.98	35.98	1.14	15.62	7.0	1471.6	3500.0	10.18	1.0
56556.0	23.97	35.97	1.14	15.5	7.0	1516.38	3500.0	8.15	1.0
56613.0	23.95	36.05	1.14	15.43	7.0	1626.19	3500.0	6.6	1.0
56668.0	23.9	36.04	1.13	15.5	7.0	1479.44	3500.0	6.52	1.0
56737.0	23.89	36.04	1.14	15.49	7.0	1300.84	3500.0	6.73	1.0
56792.0	23.92	36.07	1.14	15.41	7.0	1453.21	3500.0	6.44	1.0
56852.0	23.92	36.01	1.14	15.37	7.0	1372.24	3500.0	7.53	1.0
56914.0	23.93	36.05	1.14	15.09	7.0	1599.15	3500.0	2.8	1.0
56975.0	23.87	36.02	1.13	14.98	7.0	1489.72	3500.0	1.27	1.0
57029.0	23.89	36.07	1.14	14.87	7.0	1321.0	3500.0	-0.07	1.0
57093.0	23.92	36.12	1.14	14.83	7.0	1420.19	3500.0	-1.0	1.0
57153.0	23.92	36.17	1.13	14.85	7.0	1432.8	3500.0	-1.79	1.0
57217.0	23.98	36.36	1.13	14.9	7.0	1540.67	3500.0	-1.01	1.0
57277.0	23.99	36.41	1.13	15.05	7.0	1567.56	3500.0	1.75	1.0
57339.0	23.95	36.27	1.13	15.3	7.0	1473.04	3500.0	5.79	1.0
57395.0	23.92	36.19	1.13	15.59	7.0	1452.08	3500.0	8.39	1.0
57458.0	23.87	36.15	1.13	15.58	7.0	1506.33	3500.0	8.0	1.0
57512.0	23.96	36.17	1.14	15.55	7.0	1492.98	3500.0	9.62	1.0
57573.0	23.92	36.2	1.13	15.6	7.0	1324.74	3500.0	7.73	1.0
57630.0	23.98	36.28	1.14	15.49	7.0	1623.38	3500.0	7.37	1.0
57684.0	23.96	36.31	1.14	15.35	7.0	1528.12	3500.0	5.78	1.0
57748.0	23.93	36.27	1.14	15.44	7.0	1526.41	3500.0	5.74	1.0
57802.0	23.91	36.27	1.14	15.43	7.0	1368.86	3500.0	7.88	1.0
57866.0	23.93	36.3	1.14	15.42	7.0	1590.16	3500.0	8.14	1.0
57920.0	23.89	36.28	1.14	15.27	7.0	1532.96	3500.0	5.07	1.0
57980.0	23.9	36.35	1.14	15.2	7.0	1374.76	3500.0	4.34	1.0
58044.0	23.71	36.21	1.14	15.23	7.0	1473.48	3500.0	4.01	1.0
58104.0	23.82	36.22	1.14	15.12	7.0	1370.24	3500.0	5.17	1.0
58159.0	23.81	36.23	1.14	14.92	7.0	1183.06	3500.0	3.23	1.0
58216.0	23.89	36.29	1.14	14.78	7.0	1640.24	3500.0	0.31	1.0
58276.0	23.86	36.24	1.13	14.75	7.0	1577.45	3500.0	-2.18	1.0
58335.0	23.95	36.47	1.13	14.75	7.0	1262.52	3500.0	-2.51	1.0
58395.0	23.9	36.42	1.13	14.77	7.0	1492.39	3500.0	0.06	1.0
58458.0	23.86	36.41	1.13	14.91	7.0	1399.51	3500.0	-0.6	1.0
58518.0	23.76	36.28	1.13	15.22	7.0	1320.54	3500.0	3.13	1.0
58572.0	23.76	36.26	1.14	15.41	7.0	1151.99	3500.0	6.86	1.0
58636.0	23.85	36.3	1.14	15.55	7.0	1529.21	3500.0	9.51	1.0
58696.0	23.81	36.3	1.13	15.81	7.0	1367.49	3500.0	10.81	1.0
58761.0	23.95	36.5	1.13	16.1	7.0	1443.42	3500.0	15.54	1.0
58815.0	23.94	36.52	1.13	16.15	7.0	1282.93	3500.0	14.47	1.0
58875.0	23.99	36.56	1.13	15.74	7.0	1495.36	3500.0	14.72	1.0
58934.0	24.02	36.59	1.13	15.48	7.0	1313.37	3500.0	8.98	1.0
58994.0	23.98	36.55	1.13	15.31	7.0	1529.99	3500.0	7.13	1.0
59052.0	24.03	36.57	1.13	15.28	7.0	1367.49	3500.0	4.44	1.0
59118.0	23.93	36.54	1.13	15.26	7.0	1499.7	3500.0	6.26	1.0
59166.0	23.96	36.52	1.14	15.2	7.0	1452.36	3500.0	3.96	1.0
59236.0	23.92	36.53	1.14	15.04	7.0	1642.4	3500.0	3.62	1.0
59293.0	23.94	36.5	1.14	14.94	7.0	1373.88	3500.0	0.35	1.0
59354.0	23.94	36.54	1.13	14.98	7.0	1202.98	3500.0	1.79	1.0
59413.0	23.93	36.57	1.13	15.0	7.0	1444.81	3500.0	0.03	1.0
59471.0	23.93	36.62	1.14	14.95	7.0	1443.56	3500.0	0.15	1.0
59537.0	23.92	36.58	1.14	15.09	7.0	1319.38	3500.0	2.98	1.0
59591.0	23.92	36.53	1.14	15.19	7.0	1213.69	3500.0	2.29	1.0
59649.0	23.94	36.55	1.13	15.27	7.0	1602.05	3500.0	3.96	1.0
59715.0	23.92	36.62	1.14	15.29	7.0	1798.35	3500.0	6.06	1.0
59771.0	23.93	36.6	1.14	15.45	7.0	1798.35	3500.0	6.06	1.0
59829.0	23.91	36.6	1.13	15.69	7.0	1798.35	3500.0	6.06	1.0
59891.0	23.83	36.58	1.13	15.9	7.0	1798.35	3500.0	6.06	1.0
59948.0	23.73	36.49	1.13	15.9	7.0	1798.35	3500.0	6.06	1.0
60010.0	23.68	36.49	1.13	15.85	7.0	1798.35	3500.0	6.06	1.0
60067.0	23.62	36.49	1.13	15.75	7.0	1798.35	3500.0	6.06	1.0
60124.0	23.59	36.51	1.13	15.4	7.0	1798.35	3500.0	6.06	1.0
60186.0	23.58	36.49	1.13	15.19	7.0	1798.35	3500.0	6.06	1.0
60242.0	23.64	36.5	1.13	15.02	7.0	1798.35	3500.0	6.06	1.0
60300.0	23.67	36.56	1.13	14.91	7.0	1798.35	3500.0	6.06	1.0
60362.0	23.63	36.53	1.13	14.94	7.0	1798.35	3500.0	6.06	1.0
60419.0	23.45	36.32	1.14	15.02	7.0	1798.35	3500.0	6.06	1.0
60476.0	23.46	36.41	1.13	15.04	7.0	1798.35	3500.0	6.06	1.0
60534.0	23.56	36.44	1.13	15.08	7.0	0.0	3500.0	0.0	0.0
60595.0	23.69	36.57	1.13	14.85	7.0	0.0	3500.0	0.0	0.0
60654.0	23.74	36.62	1.13	14.61	7.0	0.0	3500.0	0.0	0.0
60715.0	23.63	36.56	1.13	14.5	7.0	0.0	3500.0	0.0	0.0
60769.0	23.55	36.56	1.13	14.46	7.0	0.0	3500.0	0.0	0.0
60829.0	23.6	36.59	1.13	14.43	7.0	0.0	3500.0	0.0	0.0
60883.0	23.58	36.61	1.13	14.51	7.0	0.0	3500.0	0.0	0.0
60944.0	23.55	36.63	1.13	14.58	7.0	0.0	3500.0	0.0	0.0
61004.0	23.51	36.65	1.13	14.6	7.0	0.0	3500.0	0.0	2.0
61064.0	23.57	36.67	1.13	14.59	7.0	0.0	3500.0	0.0	2.0
61119.0	23.61	36.69	1.13	14.62	7.0	0.0	3500.0	0.0	2.0

================================Data log ends here================================