Log created on 1-5-2018__16.45.7
tes 5

Time	MAT	CHT	MAP	AFR	TPS	RPM	CCM	Cons	State
77769.0	22.72	30.76	1.13	20.0	7.0	0.0	3500.0	0.0	0.0
77830.0	22.69	30.75	1.13	20.0	7.0	0.0	3500.0	0.0	0.0
77884.0	22.69	30.68	1.13	20.0	7.0	0.0	3500.0	0.0	0.0
77949.0	22.72	30.67	1.13	20.0	7.0	0.0	3500.0	0.0	0.0
78004.0	22.69	30.69	1.13	20.0	7.0	0.0	3500.0	0.0	0.0
78063.0	22.75	30.64	1.13	20.0	7.0	0.0	3500.0	0.0	0.0
78124.0	22.75	30.68	1.13	20.0	7.0	0.0	3500.0	0.0	0.0
78183.0	22.67	30.67	1.13	20.0	7.0	0.0	3500.0	0.0	0.0
78237.0	22.7	30.65	1.13	20.0	7.0	0.0	3500.0	0.0	0.0
78298.0	22.66	30.64	1.13	20.0	7.0	0.0	3500.0	0.0	0.0
78357.0	22.71	30.67	1.13	20.0	7.0	0.0	3500.0	0.0	0.0
78417.0	22.66	30.56	1.13	20.0	7.0	0.0	3500.0	0.0	0.0
78472.0	22.72	30.68	1.13	20.0	7.0	0.0	3500.0	0.0	0.0
78531.0	22.76	30.66	1.13	20.0	7.0	0.0	3500.0	0.0	0.0
78590.0	22.77	30.69	1.13	20.0	7.0	0.0	3500.0	0.0	0.0
78646.0	22.7	30.65	1.13	20.0	7.0	0.0	3500.0	0.0	0.0
78705.0	22.68	30.75	1.13	20.0	7.0	0.0	3500.0	0.0	0.0
78766.0	22.62	30.59	1.13	20.0	7.0	0.0	3500.0	0.0	0.0
78825.0	22.65	30.62	1.13	20.0	7.0	0.0	3500.0	0.0	0.0
78879.0	22.65	30.57	1.13	20.0	7.0	0.0	3500.0	0.0	0.0
78940.0	22.68	30.65	1.13	20.0	7.0	0.0	3500.0	0.0	0.0
78994.0	22.73	30.64	1.13	20.0	7.0	0.0	3500.0	0.0	0.0
79053.0	22.76	30.69	1.13	20.0	7.0	0.0	3500.0	0.0	0.0
79130.0	22.6	30.54	1.13	20.0	7.0	0.0	3500.0	0.0	0.0
79190.0	22.64	30.62	1.13	20.0	7.0	0.0	3500.0	0.0	0.0
79244.0	22.53	30.5	1.13	20.0	7.0	0.0	3500.0	0.0	0.0
79309.0	22.65	30.63	1.13	20.0	7.0	0.0	3500.0	0.0	0.0
79364.0	22.67	30.65	1.13	20.0	7.0	0.0	3500.0	0.0	0.0
79424.0	22.68	30.65	1.13	20.0	7.0	0.0	3500.0	0.0	0.0
79483.0	22.75	30.69	1.13	20.0	7.0	0.0	3500.0	0.0	0.0
79538.0	22.73	30.67	1.13	20.0	7.0	0.0	3500.0	0.0	0.0
79603.0	22.67	30.62	1.13	20.0	7.0	0.0	3500.0	0.0	0.0
79657.0	22.63	30.59	1.13	20.0	7.0	0.0	3500.0	0.0	0.0
79718.0	22.77	30.76	1.13	20.0	7.0	0.0	3500.0	0.0	0.0
79772.0	22.72	30.72	1.14	20.0	7.0	0.0	3500.0	0.0	0.0
79832.0	22.69	30.69	1.14	20.0	7.0	0.0	3500.0	0.0	0.0
79886.0	22.72	30.67	1.13	20.0	7.0	0.0	3500.0	0.0	0.0
79951.0	22.67	30.64	1.13	20.0	7.0	0.0	3500.0	0.0	0.0
80006.0	22.65	30.64	1.13	20.0	7.0	0.0	3500.0	0.0	0.0
80071.0	22.68	30.65	1.13	20.0	7.0	0.0	3500.0	0.0	0.0
80125.0	22.69	30.68	1.13	20.0	7.0	0.0	3500.0	0.0	0.0
80185.0	22.72	30.68	1.13	20.0	7.0	0.0	3500.0	0.0	0.0
80240.0	22.77	30.6	1.13	20.0	7.0	0.0	3500.0	0.0	0.0
80300.0	22.72	30.53	1.13	20.0	7.0	0.0	3500.0	0.0	0.0
80359.0	22.72	30.58	1.13	20.0	7.0	0.0	3500.0	0.0	0.0
80419.0	22.63	30.54	1.13	20.0	7.0	0.0	3500.0	0.0	0.0
80479.0	22.63	30.56	1.13	20.0	7.0	0.0	3500.0	0.0	0.0
80533.0	22.56	30.55	1.13	20.0	7.0	0.0	3500.0	0.0	0.0
80599.0	22.65	30.65	1.13	20.0	7.0	0.0	3500.0	0.0	0.0
80653.0	22.67	30.69	1.13	20.0	7.0	0.0	3500.0	0.0	0.0
80713.0	22.69	30.67	1.13	20.0	7.0	0.0	3500.0	0.0	0.0
80768.0	22.65	30.63	1.13	20.0	7.0	0.0	3500.0	0.0	0.0
80827.0	22.76	30.68	1.13	20.0	7.0	0.0	3500.0	0.0	0.0
80887.0	22.8	30.68	1.14	20.0	7.0	0.0	3500.0	0.0	0.0
80947.0	22.77	30.67	1.13	20.0	7.0	0.0	3500.0	0.0	0.0
81001.0	22.74	30.62	1.13	20.0	7.0	0.0	3500.0	0.0	0.0
81061.0	22.76	30.65	1.13	20.0	7.0	0.0	3500.0	0.0	0.0
81121.0	22.71	30.65	1.13	20.0	7.0	0.0	3500.0	0.0	0.0
81181.0	22.77	30.63	1.13	20.0	7.0	0.0	3500.0	0.0	0.0
81235.0	22.83	30.74	1.13	20.0	7.0	0.0	3500.0	0.0	0.0
81295.0	22.84	30.7	1.13	20.0	7.0	0.0	3500.0	0.0	0.0
81355.0	22.74	30.66	1.13	20.0	7.0	0.0	3500.0	0.0	0.0
81410.0	22.72	30.65	1.13	20.0	7.0	0.0	3500.0	0.0	0.0
81474.0	22.65	30.64	1.13	20.0	7.0	0.0	3500.0	0.0	0.0
81529.0	22.65	30.6	1.13	20.0	7.0	0.0	3500.0	0.0	0.0
81589.0	22.72	30.73	1.13	20.0	7.0	0.0	3500.0	0.0	0.0
81649.0	22.71	30.71	1.14	20.0	7.0	0.0	3500.0	0.0	0.0
81709.0	22.69	30.66	1.13	20.0	7.0	0.0	3500.0	0.0	0.0
81763.0	22.71	30.63	1.13	20.0	7.0	0.0	3500.0	0.0	0.0
81823.0	22.69	30.63	1.13	20.0	7.0	0.0	3500.0	0.0	0.0
81883.0	22.67	30.63	1.13	20.0	7.0	0.0	3500.0	0.0	0.0
81942.0	22.67	30.58	1.13	20.0	7.0	0.0	3500.0	0.0	0.0
81997.0	22.61	30.57	1.13	20.0	7.0	0.0	3500.0	0.0	0.0
82057.0	22.55	30.6	1.13	20.0	7.0	0.0	3500.0	0.0	0.0
82111.0	22.61	30.61	1.13	20.0	7.0	0.0	3500.0	0.0	0.0
82170.0	22.72	30.61	1.13	20.0	7.0	0.0	3500.0	0.0	0.0
82231.0	22.72	30.63	1.13	20.0	7.0	0.0	3500.0	0.0	0.0
82290.0	22.74	30.6	1.13	20.0	7.0	0.0	3500.0	0.0	0.0
82344.0	22.68	30.61	1.13	20.0	7.0	0.0	3500.0	0.0	0.0
82405.0	22.35	30.25	1.13	20.0	13.0	0.0	3500.0	0.0	0.0
82465.0	22.33	30.26	1.13	20.0	11.0	0.0	3500.0	0.0	0.0
82526.0	22.47	30.45	1.13	20.0	9.0	0.0	3500.0	0.0	0.0
82581.0	22.55	30.48	1.13	20.0	9.0	0.0	3500.0	0.0	0.0
82640.0	22.6	30.58	1.13	20.0	8.0	0.0	3500.0	0.0	0.0
82700.0	22.54	30.53	1.13	20.0	8.0	0.0	3500.0	0.0	0.0
82760.0	22.56	30.56	1.13	20.0	8.0	0.0	3500.0	0.0	0.0
82820.0	22.68	30.63	1.13	20.0	8.0	0.0	3500.0	0.0	0.0
82880.0	22.7	30.74	1.14	20.0	8.0	0.0	3500.0	0.0	0.0
82934.0	22.61	30.62	1.13	20.0	8.0	0.0	3500.0	0.0	0.0
82994.0	22.62	30.67	1.13	20.0	8.0	0.0	3500.0	0.0	0.0
83048.0	22.62	30.63	1.13	20.0	8.0	0.0	3500.0	0.0	0.0
83108.0	22.65	30.68	1.13	20.0	8.0	0.0	3500.0	0.0	0.0
83163.0	22.66	30.68	1.13	20.0	8.0	0.0	3500.0	0.0	0.0
83222.0	22.6	30.69	1.13	20.0	7.0	0.0	3500.0	0.0	0.0
83277.0	22.56	30.61	1.13	20.0	7.0	0.0	3500.0	0.0	0.0
83337.0	22.3	30.23	1.13	20.0	16.0	0.0	3500.0	0.0	0.0
83392.0	22.27	30.22	1.12	20.0	16.0	0.0	3500.0	0.0	0.0
83452.0	22.4	30.39	1.13	20.0	16.0	0.0	3500.0	0.0	0.0
83513.0	22.52	30.52	1.13	20.0	16.0	0.0	3500.0	0.0	0.0
83568.0	22.43	30.53	1.13	20.0	16.0	0.0	3500.0	0.0	0.0
83629.0	22.59	30.41	1.13	20.0	16.0	0.0	3500.0	0.0	0.0
83689.0	22.57	30.42	1.13	20.0	16.0	0.0	3500.0	0.0	0.0
83744.0	22.56	30.44	1.13	20.0	16.0	0.0	3500.0	0.0	0.0
83805.0	22.63	30.52	1.13	20.0	16.0	0.0	3500.0	0.0	0.0
83870.0	22.69	30.69	1.13	20.0	13.0	0.0	3500.0	0.0	0.0
83926.0	22.48	30.41	1.13	20.0	11.0	0.0	3500.0	0.0	0.0
83985.0	22.49	30.38	1.14	20.0	9.0	0.0	3500.0	0.0	0.0
84045.0	22.41	30.33	1.14	20.0	9.0	0.0	3500.0	0.0	0.0
84100.0	22.44	30.32	1.13	20.0	8.0	0.0	3500.0	0.0	0.0
84160.0	22.48	30.31	1.13	20.0	8.0	0.0	3500.0	0.0	0.0
84219.0	22.27	30.27	1.14	20.0	8.0	0.0	3500.0	0.0	0.0
84279.0	22.5	30.43	1.13	20.0	8.0	0.0	3500.0	0.0	0.0
84334.0	22.63	30.49	1.13	20.0	8.0	0.0	3500.0	0.0	0.0
84393.0	22.64	30.69	1.14	20.0	8.0	0.0	3500.0	0.0	0.0
84453.0	22.58	30.64	1.13	20.0	8.0	0.0	3500.0	0.0	0.0
84513.0	22.71	30.69	1.13	20.0	8.0	0.0	3500.0	0.0	0.0
84568.0	22.67	30.6	1.13	20.0	8.0	0.0	3500.0	0.0	0.0
84627.0	22.62	30.65	1.13	20.0	8.0	0.0	3500.0	0.0	0.0
84687.0	22.76	30.68	1.13	20.0	8.0	0.0	3500.0	0.0	0.0
84747.0	22.64	30.77	1.13	20.0	8.0	0.0	3500.0	0.0	0.0
84801.0	22.66	30.72	1.13	20.0	8.0	0.0	3500.0	0.0	0.0
84861.0	22.71	30.67	1.13	20.0	8.0	0.0	3500.0	0.0	0.0
84916.0	22.68	30.66	1.13	20.0	8.0	0.0	3500.0	0.0	0.0
84981.0	22.64	30.59	1.13	20.0	8.0	0.0	3500.0	0.0	0.0
85036.0	22.65	30.6	1.13	20.0	8.0	0.0	3500.0	0.0	0.0
85095.0	22.75	30.68	1.13	20.0	8.0	0.0	3500.0	0.0	0.0
85155.0	22.59	30.55	1.13	20.0	7.0	0.0	3500.0	0.0	0.0
85210.0	22.52	30.5	1.13	20.0	7.0	0.0	3500.0	0.0	0.0
85264.0	22.48	30.53	1.13	20.0	7.0	0.0	3500.0	0.0	0.0
85323.0	22.47	30.46	1.13	20.0	7.0	0.0	3500.0	0.0	0.0
85384.0	22.47	30.4	1.13	20.0	7.0	0.0	3500.0	0.0	0.0
85443.0	22.55	30.54	1.13	20.0	7.0	0.0	3500.0	0.0	0.0
85497.0	22.62	30.58	1.13	20.0	7.0	0.0	3500.0	0.0	0.0
85558.0	22.63	30.63	1.13	20.0	7.0	0.0	3500.0	0.0	0.0
85612.0	22.6	30.62	1.13	20.0	7.0	0.0	3500.0	0.0	0.0
85671.0	22.64	30.64	1.13	20.0	7.0	0.0	3500.0	0.0	0.0
85732.0	22.65	30.63	1.13	20.0	7.0	0.0	3500.0	0.0	0.0
85791.0	22.74	30.64	1.13	20.0	7.0	0.0	3500.0	0.0	0.0
85846.0	22.79	30.74	1.14	20.0	7.0	0.0	3500.0	0.0	0.0
85906.0	22.65	30.65	1.13	20.0	7.0	0.0	3500.0	0.0	0.0
85965.0	22.73	30.68	1.13	20.0	7.0	0.0	3500.0	0.0	0.0
86026.0	22.65	30.61	1.13	20.0	7.0	0.0	3500.0	0.0	0.0
86085.0	22.73	30.65	1.13	20.0	7.0	0.0	3500.0	0.0	0.0
86139.0	22.67	30.59	1.13	20.0	7.0	0.0	3500.0	0.0	0.0
86205.0	22.64	30.69	1.13	20.0	7.0	0.0	3500.0	0.0	0.0
86264.0	22.61	30.66	1.13	20.0	7.0	0.0	3500.0	0.0	0.0
86319.0	22.63	30.67	1.13	20.0	7.0	0.0	3500.0	0.0	0.0
86384.0	22.71	30.65	1.13	20.0	7.0	0.0	3500.0	0.0	0.0
86438.0	22.66	30.57	1.13	20.0	7.0	0.0	3500.0	0.0	0.0
86499.0	22.68	30.53	1.13	20.0	7.0	0.0	3500.0	0.0	0.0
86558.0	22.77	30.64	1.13	20.0	7.0	0.0	3500.0	0.0	0.0
86619.0	22.76	30.67	1.13	20.0	7.0	0.0	3500.0	0.0	0.0
86678.0	22.7	30.68	1.13	20.0	7.0	0.0	3500.0	0.0	0.0
86738.0	22.64	30.62	1.13	20.0	7.0	0.0	3500.0	0.0	0.0
86798.0	22.64	30.65	1.13	20.0	7.0	0.0	3500.0	0.0	0.0
86857.0	22.62	30.67	1.13	20.0	7.0	0.0	3500.0	0.0	0.0
86912.0	22.69	30.76	1.13	20.0	7.0	0.0	3500.0	0.0	0.0
86967.0	22.72	30.67	1.13	20.0	7.0	0.0	3500.0	0.0	0.0
87031.0	22.7	30.67	1.13	20.0	7.0	0.0	3500.0	0.0	0.0
87086.0	22.67	30.63	1.13	20.0	7.0	0.0	3500.0	0.0	0.0
87146.0	22.57	30.56	1.13	20.0	7.0	0.0	3500.0	0.0	0.0
87200.0	22.58	30.52	1.13	20.0	7.0	0.0	3500.0	0.0	0.0
87260.0	22.77	30.69	1.13	20.0	7.0	0.0	3500.0	0.0	0.0
87315.0	22.68	30.87	1.13	20.0	7.0	0.0	3500.0	0.0	0.0
87369.0	22.69	30.75	1.13	20.0	7.0	0.0	3500.0	0.0	0.0
87429.0	22.7	30.73	1.13	20.0	7.0	0.0	3500.0	0.0	0.0
87483.0	22.53	30.62	1.13	20.0	7.0	0.0	3500.0	0.0	0.0
87548.0	22.58	30.65	1.13	20.0	7.0	0.0	3500.0	0.0	0.0
87608.0	22.69	30.57	1.13	20.0	7.0	0.0	3500.0	0.0	0.0
87662.0	22.61	30.58	1.13	20.0	7.0	0.0	3500.0	0.0	0.0
87723.0	22.69	30.58	1.13	20.0	7.0	0.0	3500.0	0.0	0.0
87782.0	22.68	30.58	1.13	20.0	7.0	0.0	3500.0	0.0	0.0
87842.0	22.66	30.62	1.13	20.0	7.0	0.0	3500.0	0.0	0.0
87897.0	22.62	30.62	1.13	20.0	7.0	0.0	3500.0	0.0	0.0
87962.0	22.56	30.58	1.13	20.0	7.0	0.0	3500.0	0.0	0.0
88011.0	22.68	30.56	1.13	20.0	7.0	0.0	3500.0	0.0	0.0
88076.0	22.72	30.63	1.14	20.0	7.0	0.0	3500.0	0.0	0.0
88130.0	22.7	30.59	1.13	20.0	7.0	0.0	3500.0	0.0	0.0
88190.0	22.64	30.55	1.13	20.0	7.0	0.0	3500.0	0.0	0.0
88250.0	22.66	30.61	1.13	20.0	7.0	0.0	3500.0	0.0	0.0
88304.0	22.72	30.57	1.13	20.0	7.0	0.0	3500.0	0.0	0.0
88365.0	22.77	30.62	1.13	20.0	7.0	0.0	3500.0	0.0	0.0
88424.0	22.71	30.68	1.13	20.0	7.0	0.0	3500.0	0.0	0.0
88478.0	22.52	30.52	1.13	20.0	7.0	0.0	3500.0	0.0	0.0
88539.0	22.66	30.59	1.13	20.0	7.0	0.0	3500.0	0.0	0.0
88588.0	22.66	30.6	1.13	20.0	7.0	0.0	3500.0	0.0	0.0
88652.0	22.57	30.61	1.13	20.0	7.0	0.0	3500.0	0.0	0.0
88707.0	22.63	30.6	1.13	20.0	7.0	0.0	3500.0	0.0	0.0
88767.0	22.72	30.67	1.13	20.0	7.0	0.0	3500.0	0.0	0.0
88821.0	22.74	30.67	1.13	20.0	7.0	0.0	3500.0	0.0	0.0
88881.0	22.8	30.66	1.13	20.0	7.0	0.0	3500.0	0.0	0.0
88941.0	22.76	30.6	1.13	20.0	7.0	0.0	3500.0	0.0	0.0
88995.0	22.72	30.65	1.13	20.0	7.0	0.0	3500.0	0.0	0.0
89050.0	22.58	30.52	1.13	20.0	7.0	0.0	3500.0	0.0	0.0
89110.0	22.47	30.47	1.13	20.0	7.0	0.0	3500.0	0.0	0.0
89164.0	22.6	30.6	1.13	20.0	7.0	0.0	3500.0	0.0	0.0
89219.0	22.67	30.58	1.14	20.0	7.0	0.0	3500.0	0.0	0.0
89278.0	22.61	30.63	1.13	20.0	7.0	0.0	3500.0	0.0	0.0
89338.0	22.61	30.62	1.13	20.0	7.0	0.0	3500.0	0.0	0.0
89398.0	22.69	30.64	1.13	20.0	7.0	0.0	3500.0	0.0	0.0
89452.0	22.68	30.63	1.13	20.0	7.0	0.0	3500.0	0.0	0.0
89512.0	22.67	30.63	1.13	20.0	7.0	0.0	3500.0	0.0	0.0
89567.0	22.76	30.71	1.13	20.0	7.0	0.0	3500.0	0.0	0.0
89626.0	22.55	30.69	1.14	20.0	7.0	0.0	3500.0	0.0	0.0
89687.0	22.61	30.63	1.13	20.0	7.0	0.0	3500.0	0.0	0.0
89741.0	22.52	30.58	1.13	20.0	7.0	0.0	3500.0	0.0	0.0
89795.0	22.6	30.61	1.13	20.0	7.0	0.0	3500.0	0.0	0.0
89854.0	22.56	30.33	1.13	20.0	7.0	0.0	3500.0	0.0	0.0
89915.0	22.71	30.49	1.13	20.0	7.0	0.0	3500.0	0.0	0.0
89974.0	22.75	30.65	1.13	20.0	7.0	0.0	3500.0	0.0	0.0
90029.0	22.78	30.66	1.13	20.0	7.0	0.0	3500.0	0.0	0.0
90089.0	22.66	30.61	1.13	20.0	7.0	0.0	3500.0	0.0	0.0
90148.0	22.61	30.59	1.13	20.0	7.0	0.0	3500.0	0.0	0.0
90209.0	22.61	30.58	1.13	20.0	7.0	0.0	3500.0	0.0	0.0
90263.0	22.7	30.62	1.13	20.0	7.0	0.0	3500.0	0.0	0.0
90322.0	22.73	30.73	1.14	20.0	7.0	0.0	3500.0	0.0	0.0
90383.0	22.66	30.65	1.13	20.0	7.0	0.0	3500.0	0.0	0.0
90442.0	22.65	30.65	1.13	20.0	7.0	0.0	3500.0	0.0	0.0
90497.0	22.63	30.64	1.13	20.0	7.0	0.0	3500.0	0.0	0.0
90557.0	22.6	30.64	1.13	20.0	7.0	0.0	3500.0	0.0	0.0
90611.0	22.61	30.55	1.13	20.0	7.0	0.0	3500.0	0.0	0.0
90677.0	22.7	30.66	1.13	20.0	7.0	0.0	3500.0	0.0	0.0
90731.0	22.53	30.56	1.13	20.0	7.0	0.0	3500.0	0.0	0.0
90790.0	22.55	30.6	1.13	20.0	7.0	0.0	3500.0	0.0	0.0
90845.0	22.47	30.61	1.13	20.0	7.0	0.0	3500.0	0.0	0.0
90905.0	22.58	30.6	1.13	20.0	7.0	0.0	3500.0	0.0	0.0
90964.0	22.47	30.47	1.13	20.0	7.0	0.0	3500.0	0.0	0.0
91025.0	22.63	30.57	1.13	20.0	7.0	0.0	3500.0	0.0	0.0
91079.0	22.69	30.78	1.14	20.0	7.0	0.0	3500.0	0.0	0.0
91139.0	22.7	30.74	1.14	20.0	7.0	0.0	3500.0	0.0	0.0
91193.0	22.55	30.55	1.13	20.0	7.0	0.0	3500.0	0.0	0.0
91253.0	22.61	30.58	1.13	20.0	7.0	0.0	3500.0	0.0	0.0
91308.0	22.58	30.57	1.13	20.0	7.0	0.0	3500.0	0.0	0.0
91372.0	22.59	30.58	1.13	20.0	7.0	0.0	3500.0	0.0	0.0
91427.0	22.58	30.7	1.14	20.0	7.0	0.0	3500.0	0.0	0.0
91487.0	22.63	30.67	1.13	20.0	7.0	0.0	3500.0	0.0	0.0
91541.0	22.63	30.58	1.13	20.0	7.0	0.0	3500.0	0.0	0.0
91601.0	22.64	30.59	1.13	20.0	7.0	0.0	3500.0	0.0	0.0
91656.0	22.4	30.41	1.13	20.0	7.0	0.0	3500.0	0.0	0.0
91715.0	22.44	30.51	1.13	20.0	7.0	0.0	3500.0	0.0	0.0
91769.0	22.68	30.62	1.13	20.0	7.0	0.0	3500.0	0.0	0.0
91835.0	22.67	30.68	1.13	20.0	7.0	0.0	3500.0	0.0	0.0
91895.0	22.62	30.6	1.13	20.0	7.0	0.0	3500.0	0.0	0.0
91950.0	22.65	30.58	1.13	20.0	7.0	0.0	3500.0	0.0	0.0
92009.0	22.59	30.57	1.13	20.0	7.0	0.0	3500.0	0.0	0.0
92069.0	22.58	30.56	1.13	20.0	7.0	0.0	3500.0	0.0	0.0
92129.0	22.63	30.54	1.13	20.0	7.0	0.0	3500.0	0.0	0.0
92183.0	22.68	30.65	1.13	20.0	7.0	0.0	3500.0	0.0	0.0
92243.0	22.68	30.79	1.14	20.0	7.0	0.0	3500.0	0.0	0.0
92298.0	22.67	30.67	1.14	20.0	7.0	0.0	3500.0	0.0	0.0
92357.0	22.65	30.68	1.13	20.0	7.0	0.0	3500.0	0.0	0.0
92411.0	22.63	30.63	1.13	20.0	7.0	0.0	3500.0	0.0	0.0
92472.0	22.71	30.62	1.13	20.0	7.0	0.0	3500.0	0.0	0.0
92531.0	22.71	30.64	1.13	20.0	7.0	0.0	3500.0	0.0	0.0
92592.0	22.73	30.62	1.13	20.0	7.0	0.0	3500.0	0.0	0.0
92646.0	22.67	30.55	1.13	20.0	7.0	0.0	3500.0	0.0	0.0
92710.0	22.64	30.55	1.13	20.0	7.0	0.0	3500.0	0.0	0.0
92771.0	22.66	30.57	1.13	20.0	7.0	0.0	3500.0	0.0	0.0
92825.0	22.59	30.55	1.13	20.0	7.0	0.0	3500.0	0.0	0.0
92884.0	22.75	30.59	1.13	20.0	7.0	0.0	3500.0	0.0	0.0
92945.0	22.79	30.71	1.13	20.0	7.0	0.0	3500.0	0.0	0.0
92999.0	22.63	30.64	1.13	20.0	7.0	0.0	3500.0	0.0	0.0
93059.0	22.68	30.64	1.13	20.0	7.0	0.0	3500.0	0.0	0.0
93119.0	22.68	30.63	1.13	20.0	7.0	0.0	3500.0	0.0	0.0
93173.0	22.71	30.58	1.13	20.0	7.0	0.0	3500.0	0.0	0.0
93233.0	22.76	30.56	1.13	20.0	7.0	0.0	3500.0	0.0	0.0
93293.0	22.72	30.54	1.13	20.0	7.0	0.0	3500.0	0.0	0.0
93347.0	22.59	30.57	1.13	20.0	7.0	0.0	3500.0	0.0	0.0
93407.0	22.52	30.55	1.13	20.0	7.0	0.0	3500.0	0.0	0.0
93461.0	22.56	30.51	1.13	20.0	7.0	0.0	3500.0	0.0	0.0
93521.0	22.68	30.55	1.13	20.0	7.0	0.0	3500.0	0.0	0.0
93581.0	22.76	30.59	1.13	20.0	7.0	0.0	3500.0	0.0	0.0
93641.0	22.7	30.57	1.13	20.0	7.0	0.0	3500.0	0.0	0.0
93696.0	22.66	30.6	1.14	20.0	7.0	0.0	3500.0	0.0	0.0
93755.0	22.63	30.6	1.13	20.0	7.0	0.0	3500.0	0.0	0.0
93809.0	22.63	30.61	1.13	20.0	7.0	0.0	3500.0	0.0	0.0
93870.0	22.59	30.55	1.13	20.0	7.0	0.0	3500.0	0.0	0.0
93924.0	22.55	30.51	1.13	20.0	7.0	0.0	3500.0	0.0	0.0
93989.0	22.67	30.48	1.13	20.0	7.0	0.0	3500.0	0.0	0.0
94044.0	22.64	30.55	1.13	20.0	7.0	0.0	3500.0	0.0	0.0
94098.0	22.65	30.56	1.13	20.0	7.0	0.0	3500.0	0.0	0.0
94158.0	22.62	30.55	1.13	20.0	7.0	0.0	3500.0	0.0	0.0
94218.0	22.68	30.58	1.13	20.0	7.0	0.0	3500.0	0.0	0.0
94277.0	22.65	30.59	1.13	20.0	7.0	0.0	3500.0	0.0	0.0
94338.0	22.64	30.56	1.13	20.0	7.0	0.0	3500.0	0.0	0.0
94392.0	22.68	30.63	1.13	20.0	7.0	0.0	3500.0	0.0	0.0
94451.0	22.75	30.66	1.13	20.0	7.0	0.0	3500.0	0.0	0.0
94505.0	22.67	30.6	1.13	20.0	7.0	0.0	3500.0	0.0	0.0
94566.0	22.7	30.61	1.13	20.0	7.0	0.0	3500.0	0.0	0.0
94620.0	22.68	30.57	1.13	20.0	7.0	0.0	3500.0	0.0	0.0
94681.0	22.69	30.6	1.13	20.0	7.0	0.0	3500.0	0.0	0.0
94735.0	22.66	30.53	1.13	20.0	7.0	0.0	3500.0	0.0	0.0
94794.0	22.75	30.55	1.13	20.0	7.0	0.0	3500.0	0.0	0.0
94849.0	22.63	30.53	1.13	20.0	7.0	0.0	3500.0	0.0	0.0
94914.0	22.7	30.58	1.13	20.0	7.0	0.0	3500.0	0.0	0.0
94968.0	22.73	30.58	1.13	20.0	7.0	0.0	3500.0	0.0	0.0
95028.0	22.69	30.55	1.13	20.0	7.0	0.0	3500.0	0.0	0.0
95083.0	22.7	30.54	1.13	20.0	7.0	0.0	3500.0	0.0	0.0
95148.0	22.72	30.5	1.13	20.0	7.0	0.0	3500.0	0.0	0.0
95203.0	22.68	30.52	1.13	20.0	7.0	0.0	3500.0	0.0	0.0
95262.0	22.71	30.52	1.13	20.0	7.0	0.0	3500.0	0.0	0.0
95316.0	22.67	30.54	1.13	20.0	7.0	0.0	3500.0	0.0	0.0
95377.0	22.53	30.41	1.13	20.0	7.0	0.0	3500.0	0.0	0.0
95436.0	22.59	30.48	1.13	20.0	7.0	0.0	3500.0	0.0	0.0
95496.0	22.59	30.49	1.13	20.0	7.0	0.0	3500.0	0.0	0.0
95551.0	22.62	30.61	1.13	20.0	7.0	0.0	3500.0	0.0	0.0
95610.0	22.65	30.64	1.13	20.0	7.0	0.0	3500.0	0.0	0.0
95670.0	22.65	30.63	1.13	20.0	7.0	0.0	3500.0	0.0	0.0
95730.0	22.63	30.6	1.13	20.0	7.0	0.0	3500.0	0.0	0.0
95790.0	22.6	30.6	1.13	20.0	7.0	0.0	3500.0	0.0	0.0
95850.0	22.62	30.61	1.13	20.0	7.0	0.0	3500.0	0.0	0.0
95909.0	22.66	30.5	1.13	20.0	7.0	0.0	3500.0	0.0	0.0
95970.0	22.6	30.59	1.13	20.0	7.0	0.0	3500.0	0.0	0.0
96024.0	22.66	30.57	1.14	20.0	7.0	0.0	3500.0	0.0	0.0
96090.0	22.7	30.56	1.13	20.0	7.0	0.0	3500.0	0.0	0.0
96144.0	22.62	30.56	1.13	20.0	7.0	0.0	3500.0	0.0	0.0
96203.0	22.61	30.55	1.13	20.0	7.0	0.0	3500.0	0.0	0.0
96264.0	22.64	30.6	1.13	20.0	7.0	0.0	3500.0	0.0	0.0
96323.0	22.68	30.51	1.13	20.0	7.0	0.0	3500.0	0.0	0.0
96377.0	22.65	30.58	1.13	20.0	7.0	0.0	3500.0	0.0	0.0
96438.0	22.69	30.59	1.13	20.0	7.0	0.0	3500.0	0.0	0.0
96497.0	22.59	30.48	1.13	20.0	7.0	0.0	3500.0	0.0	0.0
96551.0	22.53	30.49	1.13	20.0	7.0	0.0	3500.0	0.0	0.0
96612.0	22.63	30.5	1.13	20.0	7.0	0.0	3500.0	0.0	0.0
96671.0	22.63	30.39	1.13	20.0	7.0	0.0	3500.0	0.0	0.0
96726.0	22.69	30.56	1.13	20.0	7.0	0.0	3500.0	0.0	0.0
96786.0	22.65	30.56	1.14	20.0	7.0	0.0	3500.0	0.0	0.0
96845.0	22.55	30.6	1.13	20.0	7.0	0.0	3500.0	0.0	0.0
96900.0	22.61	30.58	1.13	20.0	7.0	0.0	3500.0	0.0	0.0
96965.0	22.53	30.46	1.13	20.0	7.0	0.0	3500.0	0.0	0.0
97019.0	22.6	30.37	1.13	20.0	7.0	0.0	3500.0	0.0	0.0
97079.0	22.65	30.55	1.13	20.0	7.0	0.0	3500.0	0.0	0.0
97134.0	22.59	30.47	1.13	20.0	7.0	0.0	3500.0	0.0	0.0
97193.0	22.63	30.55	1.13	20.0	7.0	0.0	3500.0	0.0	0.0
97253.0	22.58	30.49	1.13	20.0	7.0	0.0	3500.0	0.0	0.0
97313.0	22.69	30.55	1.13	20.0	7.0	0.0	3500.0	0.0	0.0
97368.0	22.69	30.53	1.13	20.0	7.0	0.0	3500.0	0.0	0.0
97427.0	22.7	30.52	1.13	20.0	7.0	0.0	3500.0	0.0	0.0
97482.0	22.67	30.6	1.13	20.0	7.0	0.0	3500.0	0.0	0.0
97542.0	22.67	30.74	1.13	20.0	7.0	0.0	3500.0	0.0	0.0
97601.0	22.66	30.63	1.13	20.0	7.0	0.0	3500.0	0.0	0.0
97661.0	22.64	30.64	1.13	20.0	7.0	0.0	3500.0	0.0	0.0
97716.0	22.72	30.58	1.13	20.0	7.0	0.0	3500.0	0.0	0.0
97775.0	22.76	30.61	1.13	20.0	7.0	0.0	3500.0	0.0	0.0
97836.0	22.78	30.64	1.13	20.0	7.0	0.0	3500.0	0.0	0.0
97890.0	22.74	30.67	1.13	20.0	7.0	0.0	3500.0	0.0	0.0
97949.0	22.78	30.61	1.13	20.0	7.0	0.0	3500.0	0.0	0.0
98010.0	22.76	30.74	1.13	20.0	7.0	0.0	3500.0	0.0	0.0
98064.0	22.72	30.56	1.13	20.0	7.0	0.0	3500.0	0.0	0.0
98123.0	22.7	30.6	1.13	20.0	7.0	0.0	3500.0	0.0	0.0
98178.0	22.7	30.62	1.13	20.0	7.0	0.0	3500.0	0.0	0.0
98243.0	22.67	30.62	1.13	20.0	7.0	0.0	3500.0	0.0	0.0
98297.0	22.62	30.55	1.13	20.0	7.0	0.0	3500.0	0.0	0.0
98358.0	22.58	30.55	1.13	20.0	7.0	0.0	3500.0	0.0	0.0
98417.0	22.58	30.6	1.13	20.0	7.0	0.0	3500.0	0.0	0.0
98478.0	22.62	30.57	1.13	20.0	7.0	0.0	3500.0	0.0	0.0
98532.0	22.72	30.59	1.13	20.0	7.0	0.0	3500.0	0.0	0.0
98591.0	22.66	30.65	1.13	20.0	7.0	0.0	3500.0	0.0	0.0
98652.0	22.58	30.31	1.14	20.0	7.0	0.0	3500.0	0.0	0.0
98706.0	22.6	30.39	1.14	20.0	7.0	0.0	3500.0	0.0	0.0
98771.0	22.59	30.48	1.13	20.0	7.0	0.0	3500.0	0.0	0.0
98826.0	22.61	30.46	1.13	20.0	7.0	0.0	3500.0	0.0	0.0
98890.0	22.65	30.52	1.13	20.0	7.0	0.0	3500.0	0.0	0.0
98946.0	22.72	30.58	1.13	20.0	7.0	0.0	3500.0	0.0	0.0
99005.0	22.65	30.64	1.14	20.0	7.0	0.0	3500.0	0.0	0.0
99059.0	22.41	30.53	1.13	20.0	7.0	0.0	3500.0	0.0	0.0
99120.0	22.42	30.54	1.13	20.0	7.0	0.0	3500.0	0.0	0.0
99174.0	22.54	30.56	1.13	20.0	7.0	0.0	3500.0	0.0	0.0
99233.0	22.63	30.58	1.13	20.0	7.0	0.0	3500.0	0.0	0.0
99288.0	22.78	30.6	1.13	20.0	7.0	0.0	3500.0	0.0	0.0
99348.0	22.83	30.59	1.13	20.0	7.0	0.0	3500.0	0.0	0.0
99407.0	22.79	30.66	1.14	20.0	7.0	0.0	3500.0	0.0	0.0
99468.0	22.68	30.61	1.13	20.0	7.0	0.0	3500.0	0.0	0.0
99527.0	22.75	30.63	1.13	20.0	7.0	0.0	3500.0	0.0	0.0
99581.0	22.72	30.56	1.13	20.0	7.0	0.0	3500.0	0.0	0.0
99642.0	22.74	30.62	1.13	20.0	7.0	0.0	3500.0	0.0	0.0
99701.0	22.71	30.44	1.13	20.0	7.0	0.0	3500.0	0.0	0.0
99761.0	22.77	30.73	1.13	20.0	8.0	0.0	3500.0	0.0	0.0
99816.0	22.46	30.35	1.13	20.0	7.0	0.0	3500.0	0.0	0.0
99880.0	21.9	29.79	1.13	20.0	7.0	0.0	3500.0	0.0	0.0
99936.0	22.06	29.88	1.13	20.0	7.0	0.0	3500.0	0.0	0.0
99995.0	21.77	29.53	1.12	20.0	7.0	0.0	3500.0	0.0	0.0
100050.0	22.04	29.82	1.12	20.0	7.0	0.0	3500.0	0.0	0.0
100111.0	22.21	30.0	1.13	20.0	7.0	0.0	3500.0	0.0	0.0
100171.0	22.46	30.22	1.13	20.0	7.0	0.0	3500.0	0.0	0.0
100232.0	22.61	30.32	1.13	20.0	7.0	0.0	3500.0	0.0	0.0
100286.0	22.49	30.41	1.13	20.0	7.0	0.0	3500.0	0.0	0.0
100346.0	22.4	30.32	1.14	20.0	7.0	0.0	3500.0	0.0	0.0
100402.0	22.53	30.3	1.14	20.0	7.0	0.0	3500.0	0.0	0.0
100462.0	22.51	30.25	1.14	20.0	7.0	0.0	3500.0	0.0	0.0
100517.0	22.52	30.32	1.14	20.0	7.0	0.0	3500.0	0.0	0.0
100578.0	22.52	30.34	1.14	20.0	7.0	0.0	3500.0	0.0	0.0
100638.0	22.72	30.4	1.13	20.0	7.0	0.0	3500.0	0.0	0.0
100694.0	22.68	30.39	1.13	20.0	7.0	0.0	3500.0	0.0	0.0
100754.0	22.76	30.63	1.13	20.0	7.0	0.0	3500.0	0.0	0.0
100814.0	22.55	30.35	1.13	20.0	7.0	0.0	3500.0	0.0	0.0
100869.0	22.51	30.37	1.13	20.0	7.0	0.0	3500.0	0.0	0.0
100924.0	22.55	30.38	1.13	20.0	7.0	0.0	3500.0	0.0	0.0
100984.0	22.67	30.61	1.13	20.0	7.0	0.0	3500.0	0.0	0.0
101040.0	22.67	30.48	1.13	20.0	7.0	0.0	3500.0	0.0	0.0
101100.0	22.64	30.44	1.13	20.0	7.0	0.0	3500.0	0.0	0.0
101155.0	22.59	30.31	1.13	20.0	7.0	0.0	3500.0	0.0	0.0
101216.0	22.27	30.02	1.13	20.0	6.0	0.0	3500.0	0.0	0.0
101276.0	22.65	30.06	1.13	20.0	6.0	0.0	3500.0	0.0	0.0
101330.0	22.57	30.03	1.13	20.0	3.0	0.0	3500.0	0.0	0.0
101391.0	22.39	29.69	1.13	20.0	3.0	0.0	3500.0	0.0	0.0
101446.0	22.14	29.6	1.13	20.0	1.0	0.0	3500.0	0.0	0.0
101507.0	21.98	29.52	1.12	20.0	0.0	0.0	3500.0	0.0	0.0
101562.0	22.16	29.66	1.12	20.0	0.0	0.0	3500.0	0.0	0.0
101616.0	22.08	29.49	1.13	20.0	2.0	0.0	3500.0	0.0	0.0
101683.0	21.87	29.43	1.13	20.0	4.0	0.0	3500.0	0.0	0.0
101732.0	22.08	29.67	1.13	20.0	6.0	0.0	3500.0	0.0	0.0
101797.0	22.13	30.03	1.13	20.0	6.0	0.0	3500.0	0.0	0.0
101853.0	22.35	30.2	1.13	20.0	6.0	0.0	3500.0	0.0	0.0
101913.0	22.43	30.23	1.13	20.0	7.0	0.0	3500.0	0.0	0.0
101968.0	22.51	30.31	1.13	20.0	7.0	0.0	3500.0	0.0	0.0
102023.0	22.58	30.35	1.13	20.0	7.0	0.0	3500.0	0.0	0.0
102083.0	22.61	30.28	1.13	20.0	7.0	0.0	3500.0	0.0	0.0
102145.0	22.62	30.32	1.13	20.0	7.0	0.0	3500.0	0.0	0.0
102199.0	22.65	30.38	1.13	20.0	7.0	0.0	3500.0	0.0	0.0
102259.0	22.72	30.49	1.13	20.0	7.0	0.0	3500.0	0.0	0.0
102320.0	22.56	30.31	1.13	20.0	7.0	0.0	3500.0	0.0	0.0
102380.0	22.5	30.26	1.13	20.0	7.0	0.0	3500.0	0.0	0.0
102435.0	22.55	30.35	1.13	20.0	7.0	0.0	3500.0	0.0	0.0
102502.0	22.53	30.31	1.13	20.0	7.0	0.0	3500.0	0.0	0.0
102556.0	22.48	30.25	1.13	20.0	7.0	0.0	3500.0	0.0	0.0
102611.0	22.45	30.36	1.13	20.0	7.0	0.0	3500.0	0.0	0.0
102672.0	22.51	30.42	1.13	20.0	7.0	0.0	3500.0	0.0	0.0
102727.0	22.61	30.44	1.13	20.0	7.0	0.0	3500.0	0.0	0.0
102788.0	22.57	30.46	1.13	20.0	7.0	0.0	3500.0	0.0	0.0
102842.0	22.53	30.37	1.13	20.0	7.0	0.0	3500.0	0.0	0.0
102902.0	22.53	30.31	1.13	20.0	7.0	0.0	3500.0	0.0	0.0
102963.0	22.58	30.41	1.13	20.0	7.0	0.0	3500.0	0.0	0.0
103024.0	22.51	30.42	1.13	20.0	7.0	0.0	3500.0	0.0	0.0
103078.0	22.45	30.32	1.13	20.0	7.0	0.0	3500.0	0.0	0.0
103134.0	22.44	30.29	1.13	20.0	7.0	0.0	3500.0	0.0	0.0
103194.0	22.65	30.56	1.13	20.0	7.0	0.0	3500.0	0.0	0.0
103255.0	22.41	30.39	1.13	20.0	7.0	0.0	3500.0	0.0	0.0
103315.0	22.45	30.37	1.13	20.0	7.0	0.0	3500.0	0.0	0.0
103370.0	22.52	30.39	1.13	20.0	7.0	0.0	3500.0	0.0	0.0
103431.0	22.68	30.51	1.13	20.0	7.0	0.0	3500.0	0.0	0.0
103486.0	22.54	30.3	1.13	20.0	7.0	0.0	3500.0	0.0	0.0
103546.0	22.47	30.3	1.13	20.0	7.0	0.0	3500.0	0.0	0.0
103607.0	22.55	30.34	1.13	20.0	7.0	0.0	3500.0	0.0	0.0
103667.0	22.64	30.38	1.14	20.0	7.0	0.0	3500.0	0.0	0.0
103721.0	22.57	30.41	1.13	20.0	7.0	0.0	3500.0	0.0	0.0
103782.0	22.6	30.46	1.13	20.0	7.0	0.0	3500.0	0.0	0.0
103842.0	22.58	30.44	1.13	20.0	7.0	0.0	3500.0	0.0	0.0
103898.0	22.46	30.34	1.13	20.0	7.0	0.0	3500.0	0.0	0.0
103958.0	22.53	30.39	1.13	20.0	7.0	0.0	3500.0	0.0	0.0
104013.0	22.47	30.28	1.13	20.0	7.0	0.0	3500.0	0.0	0.0
104074.0	22.5	30.39	1.13	20.0	7.0	0.0	3500.0	0.0	0.0
104134.0	22.54	30.48	1.13	20.0	7.0	0.0	3500.0	0.0	0.0
104189.0	22.5	30.09	1.13	20.0	7.0	0.0	3500.0	0.0	0.0
104250.0	22.48	30.19	1.13	20.0	7.0	0.0	3500.0	0.0	0.0
104310.0	22.43	30.3	1.13	20.0	7.0	0.0	3500.0	0.0	0.0
104365.0	22.56	30.44	1.13	20.0	7.0	0.0	3500.0	0.0	0.0
104425.0	22.64	30.58	1.13	20.0	7.0	0.0	3500.0	0.0	0.0
104480.0	22.34	30.39	1.13	20.0	7.0	0.0	3500.0	0.0	0.0
104541.0	22.47	30.41	1.13	20.0	7.0	0.0	3500.0	0.0	0.0
104596.0	22.55	30.5	1.13	20.0	7.0	0.0	3500.0	0.0	0.0
104651.0	22.62	30.65	1.13	20.0	7.0	0.0	3500.0	0.0	0.0
104712.0	22.39	30.46	1.13	20.0	7.0	0.0	3500.0	0.0	0.0
104766.0	22.43	30.4	1.13	20.0	7.0	0.0	3500.0	0.0	0.0
104826.0	22.43	30.42	1.13	20.0	7.0	0.0	3500.0	0.0	0.0
104882.0	22.49	30.3	1.13	20.0	7.0	0.0	3500.0	0.0	0.0
104942.0	22.56	30.36	1.13	20.0	7.0	0.0	3500.0	0.0	0.0
105003.0	22.56	30.38	1.13	20.0	7.0	0.0	3500.0	0.0	0.0
105063.0	22.5	30.38	1.13	20.0	7.0	0.0	3500.0	0.0	0.0
105118.0	22.37	30.32	1.13	20.0	7.0	0.0	3500.0	0.0	0.0
105184.0	22.5	30.44	1.13	20.0	7.0	0.0	3500.0	0.0	0.0
105239.0	22.52	30.45	1.13	20.0	7.0	0.0	3500.0	0.0	0.0
105294.0	22.62	30.37	1.13	20.0	7.0	0.0	3500.0	0.0	0.0
105355.0	22.77	30.51	1.13	20.0	7.0	0.0	3500.0	0.0	0.0
105409.0	22.56	30.31	1.13	20.0	7.0	0.0	3500.0	0.0	0.0
105469.0	22.58	30.4	1.13	20.0	7.0	0.0	3500.0	0.0	0.0
105530.0	22.58	30.43	1.13	20.0	7.0	0.0	3500.0	0.0	0.0
105585.0	22.62	30.54	1.13	20.0	7.0	0.0	3500.0	0.0	0.0
105646.0	22.6	30.51	1.13	20.0	7.0	0.0	3500.0	0.0	0.0
105706.0	22.55	30.38	1.13	20.0	7.0	0.0	3500.0	0.0	0.0
105761.0	22.55	30.39	1.13	20.0	7.0	0.0	3500.0	0.0	0.0
105822.0	22.71	30.46	1.13	20.0	7.0	0.0	3500.0	0.0	0.0
105882.0	22.58	30.45	1.13	20.0	7.0	0.0	3500.0	0.0	0.0
105937.0	22.56	30.39	1.13	20.0	7.0	0.0	3500.0	0.0	0.0
105998.0	22.62	30.44	1.13	20.0	7.0	0.0	3500.0	0.0	0.0
106052.0	22.61	30.42	1.13	20.0	7.0	0.0	3500.0	0.0	0.0
106113.0	22.5	30.24	1.13	20.0	7.0	0.0	3500.0	0.0	0.0
106168.0	22.52	30.24	1.13	20.0	7.0	0.0	3500.0	0.0	0.0
106228.0	22.47	30.3	1.13	20.0	7.0	0.0	3500.0	0.0	0.0
106284.0	22.57	30.35	1.13	20.0	7.0	0.0	3500.0	0.0	0.0
106339.0	22.6	30.47	1.13	20.0	7.0	0.0	3500.0	0.0	0.0
106399.0	22.64	30.52	1.14	20.0	7.0	0.0	3500.0	0.0	0.0
106454.0	22.73	30.49	1.13	20.0	7.0	0.0	3500.0	0.0	0.0
106514.0	22.72	30.45	1.13	20.0	7.0	0.0	3500.0	0.0	0.0
106574.0	22.96	30.6	1.13	20.0	7.0	0.0	3500.0	0.0	0.0
106630.0	22.66	30.36	1.13	20.0	7.0	0.0	3500.0	0.0	0.0
106690.0	22.57	30.36	1.13	20.0	7.0	0.0	3500.0	0.0	0.0
106750.0	22.65	30.39	1.13	20.0	7.0	0.0	3500.0	0.0	0.0
106806.0	22.81	30.52	1.13	20.0	7.0	0.0	3500.0	0.0	0.0
106866.0	22.5	30.35	1.13	20.0	7.0	0.0	3500.0	0.0	0.0
106921.0	22.56	30.41	1.13	20.0	7.0	0.0	3500.0	0.0	0.0
106982.0	22.68	30.51	1.13	20.0	7.0	0.0	3500.0	0.0	0.0
107036.0	22.87	30.6	1.13	20.0	7.0	0.0	3500.0	0.0	0.0
107091.0	22.74	30.54	1.13	20.0	7.0	0.0	3500.0	0.0	0.0
107158.0	22.75	30.51	1.13	20.0	7.0	0.0	3500.0	0.0	0.0
107212.0	22.8	30.57	1.13	20.0	7.0	0.0	3500.0	0.0	0.0
107273.0	22.68	30.47	1.13	20.0	7.0	0.0	3500.0	0.0	0.0
107333.0	22.69	30.43	1.13	20.0	7.0	0.0	3500.0	0.0	0.0
107388.0	22.7	30.48	1.13	20.0	7.0	0.0	3500.0	0.0	0.0
107444.0	22.63	30.37	1.13	20.0	7.0	0.0	3500.0	0.0	0.0
107509.0	22.48	30.38	1.13	20.0	7.0	0.0	3500.0	0.0	0.0
107565.0	22.4	30.36	1.13	20.0	7.0	0.0	3500.0	0.0	0.0
107619.0	22.49	30.43	1.13	20.0	7.0	0.0	3500.0	0.0	0.0
107679.0	22.44	30.33	1.13	20.0	5.0	0.0	3500.0	0.0	0.0
107741.0	22.38	30.36	1.13	20.0	6.0	0.0	3500.0	0.0	0.0
107801.0	22.61	30.47	1.13	20.0	6.0	0.0	3500.0	0.0	0.0
107862.0	22.55	30.4	1.13	20.0	7.0	0.0	3500.0	0.0	0.0
107916.0	22.53	30.27	1.13	20.0	7.0	0.0	3500.0	0.0	0.0
107976.0	22.48	30.27	1.13	20.0	7.0	0.0	3500.0	0.0	0.0
108037.0	22.54	30.21	1.13	20.0	7.0	0.0	3500.0	0.0	0.0
108097.0	22.5	30.26	1.13	20.0	7.0	0.0	3500.0	0.0	0.0
108152.0	22.42	30.28	1.13	20.0	7.0	0.0	3500.0	0.0	0.0
108213.0	22.48	30.34	1.13	20.0	7.0	0.0	3500.0	0.0	0.0
108268.0	22.49	30.36	1.13	20.0	7.0	0.0	3500.0	0.0	0.0
108328.0	22.48	30.33	1.13	20.0	7.0	0.0	3500.0	0.0	0.0
108384.0	22.5	30.35	1.13	20.0	7.0	0.0	3500.0	0.0	0.0
108444.0	22.62	30.3	1.13	20.0	7.0	0.0	3500.0	0.0	0.0
108498.0	22.57	30.38	1.13	20.0	5.0	0.0	3500.0	0.0	0.0
108559.0	22.52	30.38	1.13	20.0	6.0	0.0	3500.0	0.0	0.0
108614.0	22.48	30.4	1.13	20.0	6.0	0.0	3500.0	0.0	0.0
108675.0	22.57	30.38	1.13	20.0	6.0	0.0	3500.0	0.0	0.0
108730.0	22.52	30.38	1.13	20.0	7.0	0.0	3500.0	0.0	0.0
108790.0	22.62	30.49	1.13	20.0	7.0	0.0	3500.0	0.0	0.0
108846.0	22.49	30.35	1.13	20.0	7.0	0.0	3500.0	0.0	0.0
108906.0	22.47	30.31	1.13	20.0	7.0	0.0	3500.0	0.0	0.0
108960.0	22.5	30.49	1.13	20.0	7.0	0.0	3500.0	0.0	0.0
109016.0	22.44	30.47	1.13	20.0	7.0	0.0	3500.0	0.0	0.0
109081.0	22.44	30.41	1.13	20.0	7.0	0.0	3500.0	0.0	0.0
109136.0	22.4	30.31	1.13	20.0	7.0	0.0	3500.0	0.0	0.0
109192.0	22.55	30.47	1.13	20.0	7.0	0.0	3500.0	0.0	0.0
109257.0	22.42	30.33	1.13	20.0	7.0	0.0	3500.0	0.0	0.0
109313.0	22.48	30.3	1.13	20.0	7.0	0.0	3500.0	0.0	0.0
109373.0	22.4	30.29	1.13	20.0	7.0	0.0	3500.0	0.0	0.0
109433.0	22.47	30.31	1.13	20.0	7.0	0.0	3500.0	0.0	0.0
109494.0	22.42	30.29	1.13	20.0	7.0	0.0	3500.0	0.0	0.0
109549.0	22.47	30.25	1.13	20.0	7.0	0.0	3500.0	0.0	0.0
109609.0	22.5	30.26	1.13	20.0	7.0	0.0	3500.0	0.0	0.0
109670.0	22.65	30.32	1.13	20.0	7.0	0.0	3500.0	0.0	0.0
109719.0	22.67	30.19	1.13	20.0	7.0	0.0	3500.0	0.0	0.0
109779.0	22.72	30.29	1.13	20.0	7.0	0.0	3500.0	0.0	0.0
109835.0	22.57	30.27	1.13	20.0	7.0	0.0	3500.0	0.0	0.0
109895.0	22.49	30.44	1.13	20.0	7.0	0.0	3500.0	0.0	0.0
109950.0	22.52	30.37	1.14	20.0	7.0	0.0	3500.0	0.0	0.0
110011.0	22.51	30.37	1.13	20.0	7.0	0.0	3500.0	0.0	0.0
110071.0	22.46	30.34	1.13	20.0	7.0	0.0	3500.0	0.0	0.0
110126.0	22.4	30.34	1.13	20.0	7.0	0.0	3500.0	0.0	0.0
110187.0	22.57	30.56	1.13	20.0	7.0	0.0	3500.0	0.0	0.0
110247.0	22.45	30.39	1.13	20.0	7.0	0.0	3500.0	0.0	0.0
110302.0	22.43	30.29	1.13	20.0	7.0	0.0	3500.0	0.0	0.0
110362.0	22.52	30.36	1.13	20.0	7.0	0.0	3500.0	0.0	0.0
110417.0	22.34	30.33	1.13	20.0	7.0	0.0	3500.0	0.0	0.0
110478.0	22.33	30.36	1.13	20.0	7.0	0.0	3500.0	0.0	0.0
110538.0	22.32	30.36	1.13	20.0	7.0	0.0	3500.0	0.0	0.0
110594.0	22.38	30.33	1.13	20.0	7.0	0.0	3500.0	0.0	0.0
110654.0	22.57	30.15	1.13	20.0	7.0	0.0	3500.0	0.0	0.0
110714.0	22.5	30.2	1.13	20.0	7.0	0.0	3500.0	0.0	0.0
110770.0	22.54	30.29	1.13	20.0	7.0	0.0	3500.0	0.0	0.0
110830.0	22.53	30.3	1.13	20.0	7.0	0.0	3500.0	0.0	0.0
110884.0	22.55	30.3	1.13	20.0	7.0	0.0	3500.0	0.0	0.0
110945.0	22.54	30.35	1.13	20.0	7.0	0.0	3500.0	0.0	0.0
111005.0	22.63	30.33	1.13	20.0	7.0	0.0	3500.0	0.0	0.0
111060.0	22.57	30.31	1.13	20.0	7.0	0.0	3500.0	0.0	0.0
111121.0	22.68	30.42	1.13	20.0	7.0	0.0	3500.0	0.0	0.0
111181.0	22.39	30.29	1.13	20.0	7.0	0.0	3500.0	0.0	0.0
111242.0	22.5	30.29	1.13	20.0	7.0	0.0	3500.0	0.0	0.0
111297.0	22.47	30.22	1.13	20.0	7.0	0.0	3500.0	0.0	0.0
111364.0	22.16	30.18	1.13	20.0	7.0	0.0	3500.0	0.0	0.0
111424.0	22.25	30.23	1.13	20.0	7.0	0.0	3500.0	0.0	0.0
111478.0	22.33	30.21	1.13	20.0	7.0	0.0	3500.0	0.0	0.0
111534.0	22.41	30.31	1.13	20.0	7.0	0.0	3500.0	0.0	0.0
111594.0	22.53	30.25	1.13	20.0	7.0	0.0	3500.0	0.0	0.0
111649.0	22.55	30.28	1.13	20.0	7.0	0.0	3500.0	0.0	0.0
111710.0	22.53	30.29	1.13	20.0	7.0	0.0	3500.0	0.0	0.0
111770.0	22.49	30.34	1.13	20.0	7.0	0.0	3500.0	0.0	0.0
111824.0	22.53	30.31	1.13	20.0	7.0	0.0	3500.0	0.0	0.0
111891.0	22.59	30.3	1.13	20.0	7.0	0.0	3500.0	0.0	0.0
111951.0	22.59	30.41	1.13	20.0	7.0	0.0	3500.0	0.0	0.0
112007.0	22.56	30.44	1.13	20.0	7.0	0.0	3500.0	0.0	0.0
112067.0	22.55	30.42	1.13	20.0	7.0	0.0	3500.0	0.0	0.0

================================Data log ends here================================