Log created on 1-5-2018__17.1.32
tes 7

Time	MAT	CHT	MAP	AFR	TPS	RPM	CCM	Cons	State
4378.0	22.08	32.55	1.13	20.0	0.0	0.0	3500.0	0.0	0.0
4438.0	21.9	32.58	1.14	20.0	0.0	0.0	3500.0	0.0	0.0
4491.0	22.03	32.68	1.13	20.0	0.0	0.0	3500.0	0.0	0.0
4555.0	21.93	32.57	1.13	20.0	0.0	0.0	3500.0	0.0	0.0
4636.0	21.88	32.43	1.14	20.0	0.0	0.0	3500.0	0.0	0.0
4706.0	22.04	32.54	1.13	20.0	0.0	0.0	3500.0	0.0	0.0
4765.0	22.14	32.49	1.13	20.0	0.0	0.0	3500.0	0.0	0.0
4830.0	22.04	32.45	1.13	20.0	0.0	0.0	3500.0	0.0	0.0
4888.0	22.07	32.54	1.13	20.0	0.0	0.0	3500.0	0.0	0.0
4953.0	21.77	32.36	1.14	20.0	0.0	0.0	3500.0	0.0	0.0
5007.0	21.79	32.41	1.13	20.0	0.0	0.0	3500.0	0.0	0.0
5071.0	21.93	32.55	1.13	20.0	0.0	0.0	3500.0	0.0	0.0
5125.0	21.92	32.52	1.14	20.0	0.0	0.0	3500.0	0.0	0.0
5184.0	21.88	32.53	1.14	20.0	0.0	0.0	3500.0	0.0	0.0
5243.0	21.99	32.53	1.13	20.0	0.0	0.0	3500.0	0.0	0.0
5303.0	21.83	32.46	1.14	20.0	0.0	0.0	3500.0	0.0	0.0
5361.0	21.84	32.42	1.13	20.0	0.0	0.0	3500.0	0.0	0.0
5421.0	22.03	32.48	1.13	20.0	0.0	0.0	3500.0	0.0	0.0
5485.0	22.03	32.32	1.14	20.0	0.0	0.0	3500.0	0.0	0.0
5539.0	21.93	32.37	1.14	20.0	0.0	0.0	3500.0	0.0	0.0
5604.0	22.0	32.5	1.13	20.0	0.0	0.0	3500.0	0.0	0.0
5657.0	21.86	32.47	1.13	20.0	0.0	0.0	3500.0	0.0	0.0
5722.0	21.89	32.55	1.13	20.0	0.0	0.0	3500.0	0.0	0.0
5781.0	21.97	32.59	1.13	20.0	0.0	0.0	3500.0	0.0	0.0
5840.0	21.83	32.42	1.14	20.0	0.0	0.0	3500.0	0.0	0.0
5899.0	21.87	32.48	1.14	20.0	0.0	0.0	3500.0	0.0	0.0
5953.0	21.97	32.61	1.14	20.0	0.0	0.0	3500.0	0.0	0.0
6018.0	21.89	32.52	1.13	20.0	0.0	0.0	3500.0	0.0	0.0
6077.0	21.95	32.62	1.13	20.0	0.0	0.0	3500.0	0.0	0.0
6135.0	21.91	32.57	1.13	20.0	0.0	0.0	3500.0	0.0	0.0
6195.0	21.82	32.46	1.13	20.0	0.0	0.0	3500.0	0.0	0.0
6254.0	21.88	32.44	1.13	20.0	0.0	0.0	3500.0	0.0	0.0
6313.0	22.0	32.25	1.14	20.0	0.0	0.0	3500.0	0.0	0.0
6372.0	22.11	32.35	1.14	20.0	0.0	0.0	3500.0	0.0	0.0
6431.0	22.12	32.58	1.13	20.0	0.0	0.0	3500.0	0.0	0.0
6486.0	22.15	32.56	1.13	20.0	0.0	0.0	3500.0	0.0	0.0
6550.0	21.98	32.52	1.13	20.0	0.0	0.0	3500.0	0.0	0.0
6603.0	21.95	32.53	1.13	20.0	0.0	0.0	3500.0	0.0	0.0
6663.0	21.85	32.26	1.14	20.0	0.0	0.0	3500.0	0.0	0.0
6727.0	21.81	32.38	1.14	20.0	0.0	0.0	3500.0	0.0	0.0
6787.0	21.94	32.51	1.13	20.0	0.0	0.0	3500.0	0.0	0.0
6845.0	22.0	32.53	1.14	20.0	0.0	0.0	3500.0	0.0	0.0
6899.0	22.04	32.49	1.14	20.0	0.0	0.0	3500.0	0.0	0.0
6952.0	22.0	32.58	1.13	20.0	0.0	0.0	3500.0	0.0	0.0
7012.0	21.96	32.51	1.13	20.0	0.0	0.0	3500.0	0.0	0.0
7071.0	21.85	32.47	1.13	20.0	0.0	0.0	3500.0	0.0	0.0
7124.0	21.9	32.47	1.13	20.0	0.0	0.0	3500.0	0.0	0.0
7189.0	22.06	32.28	1.14	20.0	0.0	0.0	3500.0	0.0	0.0
7243.0	21.99	32.34	1.14	20.0	0.0	0.0	3500.0	0.0	0.0
7303.0	22.03	32.48	1.13	20.0	0.0	0.0	3500.0	0.0	0.0
7367.0	21.93	32.49	1.13	20.0	0.0	0.0	3500.0	0.0	0.0
7420.0	21.9	32.56	1.13	20.0	0.0	0.0	3500.0	0.0	0.0
7480.0	21.96	32.55	1.13	20.0	0.0	0.0	3500.0	0.0	0.0
7539.0	21.7	32.41	1.14	20.0	0.0	0.0	3500.0	0.0	0.0
7604.0	21.88	32.43	1.14	20.0	0.0	0.0	3500.0	0.0	0.0
7657.0	21.93	32.42	1.14	20.0	0.0	0.0	3500.0	0.0	0.0
7721.0	21.92	32.49	1.14	20.0	0.0	0.0	3500.0	0.0	0.0
7781.0	22.01	32.65	1.13	20.0	0.0	0.0	3500.0	0.0	0.0
7840.0	21.94	32.61	1.13	20.0	0.0	0.0	3500.0	0.0	0.0
7899.0	21.81	32.48	1.13	20.0	0.0	0.0	3500.0	0.0	0.0
7958.0	21.89	32.52	1.13	20.0	0.0	0.0	3500.0	0.0	0.0
8017.0	22.02	32.25	1.14	20.0	0.0	0.0	3500.0	0.0	0.0
8082.0	21.96	32.36	1.14	20.0	0.0	0.0	3500.0	0.0	0.0
8141.0	22.02	32.59	1.13	20.0	0.0	0.0	3500.0	0.0	0.0
8200.0	22.0	32.56	1.13	20.0	0.0	0.0	3500.0	0.0	0.0
8254.0	21.95	32.48	1.13	20.0	0.0	0.0	3500.0	0.0	0.0
8313.0	21.94	32.48	1.13	20.0	0.0	0.0	3500.0	0.0	0.0
8372.0	22.02	32.45	1.13	20.0	0.0	0.0	3500.0	0.0	0.0
8426.0	21.98	32.36	1.14	20.0	0.0	0.0	3500.0	0.0	0.0
8485.0	22.07	32.42	1.14	20.0	0.0	0.0	3500.0	0.0	0.0
8544.0	22.12	32.55	1.14	20.0	0.0	0.0	3500.0	0.0	0.0
8603.0	21.97	32.47	1.14	20.0	0.0	0.0	3500.0	0.0	0.0
8663.0	22.0	32.58	1.13	20.0	0.0	0.0	3500.0	0.0	0.0
8716.0	22.06	32.58	1.13	20.0	0.0	0.0	3500.0	0.0	0.0
8775.0	21.92	32.49	1.13	20.0	0.0	0.0	3500.0	0.0	0.0
8835.0	21.91	32.52	1.13	20.0	0.0	0.0	3500.0	0.0	0.0
8888.0	21.96	32.45	1.14	20.0	0.0	0.0	3500.0	0.0	0.0
8947.0	21.88	32.49	1.14	20.0	0.0	0.0	3500.0	0.0	0.0
9012.0	22.08	32.63	1.13	20.0	0.0	0.0	3500.0	0.0	0.0
9071.0	22.08	32.61	1.13	20.0	0.0	0.0	3500.0	0.0	0.0
9131.0	21.97	32.51	1.14	20.0	0.0	0.0	3500.0	0.0	0.0
9184.0	22.04	32.52	1.13	20.0	0.0	0.0	3500.0	0.0	0.0
9243.0	22.08	32.27	1.14	20.0	0.0	0.0	3500.0	0.0	0.0
9303.0	22.1	32.37	1.14	20.0	0.0	0.0	3500.0	0.0	0.0
9367.0	22.14	32.51	1.13	20.0	0.0	0.0	3500.0	0.0	0.0
9420.0	22.13	32.54	1.13	20.0	0.0	0.0	3500.0	0.0	0.0
9480.0	22.07	32.46	1.14	20.0	0.0	0.0	3500.0	0.0	0.0
9544.0	22.08	32.52	1.13	20.0	0.0	0.0	3500.0	0.0	0.0
9597.0	21.7	32.41	1.13	20.0	0.0	0.0	3500.0	0.0	0.0
9662.0	21.82	32.43	1.13	20.0	0.0	0.0	3500.0	0.0	0.0
9726.0	21.96	32.47	1.13	20.0	0.0	0.0	3500.0	0.0	0.0
9786.0	22.04	32.52	1.14	20.0	0.0	0.0	3500.0	0.0	0.0
9850.0	22.03	32.46	1.14	20.0	0.0	0.0	3500.0	0.0	0.0
9910.0	21.95	32.6	1.13	20.0	0.0	0.0	3500.0	0.0	0.0
9974.0	21.82	32.51	1.14	20.0	0.0	0.0	3500.0	0.0	0.0
10029.0	21.81	32.51	1.13	20.0	0.0	0.0	3500.0	0.0	0.0
10088.0	21.79	32.46	1.13	20.0	0.0	0.0	3500.0	0.0	0.0
10147.0	21.86	32.46	1.13	20.0	0.0	0.0	3500.0	0.0	0.0
10207.0	22.05	32.48	1.13	19.98	0.0	0.0	3500.0	0.0	0.0
10272.0	22.01	32.55	1.13	19.99	0.0	0.0	3500.0	0.0	0.0
10327.0	22.17	32.49	1.13	19.99	0.0	0.0	3500.0	0.0	0.0
10387.0	22.15	32.45	1.13	20.0	0.0	0.0	3500.0	0.0	0.0
10446.0	22.11	32.48	1.13	20.0	0.0	0.0	3500.0	0.0	0.0
10506.0	21.92	32.47	1.13	20.0	0.0	0.0	3500.0	0.0	0.0
10565.0	21.95	32.43	1.13	20.0	0.0	0.0	3500.0	0.0	0.0
10626.0	21.79	32.37	1.14	19.98	0.0	0.0	3500.0	0.0	0.0
10680.0	21.86	32.4	1.14	19.97	0.0	0.0	3500.0	0.0	0.0
10739.0	21.86	32.46	1.14	19.98	0.0	0.0	3500.0	0.0	0.0
10805.0	21.93	32.43	1.14	19.99	0.0	0.0	3500.0	0.0	0.0
10853.0	21.94	32.45	1.14	19.99	0.0	0.0	3500.0	0.0	0.0
10918.0	21.91	32.43	1.13	19.98	0.0	0.0	3500.0	0.0	0.0
10973.0	21.96	32.46	1.13	19.99	0.0	0.0	3500.0	0.0	0.0
11038.0	21.74	32.37	1.14	19.96	0.0	0.0	3500.0	0.0	0.0
11098.0	21.97	32.48	1.13	19.98	0.0	0.0	3500.0	0.0	0.0
11152.0	22.02	32.54	1.13	19.93	0.0	0.0	3500.0	0.0	0.0
11229.0	21.94	32.52	1.13	19.89	0.0	0.0	3500.0	0.0	0.0
11288.0	21.89	32.49	1.13	19.9	0.0	0.0	3500.0	0.0	0.0
11354.0	21.98	32.49	1.13	19.91	0.0	0.0	3500.0	0.0	0.0
11413.0	21.98	32.5	1.13	19.89	0.0	0.0	3500.0	0.0	0.0
11472.0	22.07	32.49	1.14	19.89	0.0	0.0	3500.0	0.0	0.0
11538.0	21.97	32.35	1.14	19.9	0.0	0.0	3500.0	0.0	0.0
11603.0	22.01	32.43	1.13	19.93	0.0	0.0	3500.0	0.0	0.0
11663.0	21.96	32.45	1.13	19.96	0.0	0.0	3500.0	0.0	0.0
11717.0	21.92	32.47	1.13	19.98	0.0	0.0	3500.0	0.0	0.0
11783.0	21.91	32.42	1.13	19.98	0.0	0.0	3500.0	0.0	0.0
11842.0	21.99	32.43	1.13	19.99	0.0	0.0	3500.0	0.0	0.0
11901.0	21.99	32.47	1.13	19.99	0.0	0.0	3500.0	0.0	0.0
11962.0	22.0	32.46	1.13	20.0	0.0	0.0	3500.0	0.0	0.0
12021.0	21.99	32.52	1.13	19.92	0.0	0.0	3500.0	0.0	0.0
12082.0	21.91	32.47	1.13	19.96	0.0	0.0	3500.0	0.0	0.0
12141.0	21.9	32.49	1.13	19.96	0.0	0.0	3500.0	0.0	0.0
12200.0	22.05	32.51	1.13	19.97	0.0	0.0	3500.0	0.0	0.0
12261.0	21.97	32.51	1.13	19.99	0.0	0.0	3500.0	0.0	0.0
12320.0	21.89	32.45	1.13	19.99	0.0	0.0	3500.0	0.0	0.0
12380.0	21.87	32.28	1.13	20.0	0.0	0.0	3500.0	0.0	0.0
12440.0	22.07	32.36	1.13	20.0	0.0	0.0	3500.0	0.0	0.0
12499.0	22.03	32.36	1.13	20.0	0.0	0.0	3500.0	0.0	0.0
12559.0	22.0	32.37	1.13	20.0	0.0	0.0	3500.0	0.0	0.0
12624.0	21.89	32.33	1.13	20.0	0.0	0.0	3500.0	0.0	0.0
12684.0	21.91	32.29	1.14	20.0	0.0	0.0	3500.0	0.0	0.0
12749.0	22.05	32.41	1.14	20.0	0.0	0.0	3500.0	0.0	0.0
12804.0	21.99	32.45	1.13	20.0	0.0	0.0	3500.0	0.0	0.0
12868.0	21.89	32.38	1.13	20.0	0.0	0.0	3500.0	0.0	0.0
12922.0	21.94	32.44	1.14	20.0	0.0	0.0	3500.0	0.0	0.0
12988.0	21.97	32.36	1.13	19.95	0.0	0.0	3500.0	0.0	0.0
13047.0	21.94	32.46	1.13	19.95	0.0	0.0	3500.0	0.0	0.0
13102.0	22.09	32.37	1.13	19.96	0.0	0.0	3500.0	0.0	0.0
13162.0	22.14	32.39	1.13	19.98	0.0	0.0	3500.0	0.0	0.0
13221.0	22.08	32.48	1.13	19.98	0.0	0.0	3500.0	0.0	0.0
13281.0	21.98	32.4	1.13	19.99	0.0	0.0	3500.0	0.0	0.0
13346.0	21.99	32.38	1.13	19.96	0.0	0.0	3500.0	0.0	0.0
13406.0	21.88	32.37	1.13	19.94	0.0	0.0	3500.0	0.0	0.0
13476.0	22.03	32.38	1.13	19.97	0.0	0.0	3500.0	0.0	0.0
13547.0	21.98	32.42	1.13	19.99	0.0	0.0	3500.0	0.0	0.0
13601.0	21.95	32.47	1.13	19.94	0.0	0.0	3500.0	0.0	0.0
13662.0	21.9	32.45	1.13	19.9	0.0	0.0	3500.0	0.0	0.0
13721.0	21.97	32.38	1.13	19.8	0.0	0.0	3500.0	0.0	0.0
13782.0	21.95	32.41	1.13	19.77	0.0	0.0	3500.0	0.0	0.0
13841.0	22.01	32.4	1.14	19.8	0.0	0.0	3500.0	0.0	0.0
13901.0	21.93	32.36	1.14	19.89	0.0	0.0	3500.0	0.0	0.0
13966.0	21.9	32.38	1.14	19.93	0.0	0.0	3500.0	0.0	0.0
14020.0	21.83	32.27	1.14	19.92	0.0	0.0	3500.0	0.0	0.0
14081.0	21.87	32.18	1.14	19.92	0.0	0.0	3500.0	0.0	0.0
14135.0	21.98	32.37	1.14	19.95	0.0	0.0	3500.0	0.0	0.0
14194.0	21.96	32.41	1.13	19.97	0.0	0.0	3500.0	0.0	0.0
14260.0	21.85	32.33	1.14	19.97	2.0	0.0	3500.0	0.0	0.0
14314.0	21.95	32.32	1.14	19.92	4.0	0.0	3500.0	0.0	0.0
14374.0	21.8	32.27	1.13	19.93	6.0	0.0	3500.0	0.0	0.0
14434.0	21.91	32.31	1.13	19.92	7.0	0.0	3500.0	0.0	0.0
14494.0	21.67	32.22	1.14	19.89	9.0	0.0	3500.0	0.0	0.0
14555.0	21.71	32.23	1.13	19.92	10.0	0.0	3500.0	0.0	0.0
14604.0	21.72	32.25	1.13	19.93	11.0	0.0	3500.0	0.0	0.0
14670.0	21.77	32.35	1.13	19.84	12.0	0.0	3500.0	0.0	0.0
14731.0	21.66	32.3	1.13	19.76	13.0	0.0	3500.0	0.0	0.0
14791.0	21.76	32.34	1.13	19.73	13.0	0.0	3500.0	0.0	0.0
14852.0	21.87	32.4	1.13	19.84	13.0	0.0	3500.0	0.0	0.0
14912.0	21.87	32.26	1.13	19.91	13.0	0.0	3500.0	0.0	0.0
14973.0	21.99	32.42	1.13	19.94	12.0	0.0	3500.0	0.0	0.0
15034.0	21.88	32.2	1.13	19.94	11.0	0.0	3500.0	0.0	0.0
15094.0	21.85	32.29	1.13	19.97	11.0	0.0	3500.0	0.0	0.0
15155.0	22.03	32.32	1.13	19.95	10.0	0.0	3500.0	0.0	0.0
15215.0	21.94	32.24	1.13	19.97	9.0	0.0	3500.0	0.0	0.0
15275.0	21.98	32.11	1.13	19.93	8.0	0.0	3500.0	0.0	0.0
15330.0	21.96	32.24	1.14	19.94	8.0	0.0	3500.0	0.0	0.0
15395.0	22.03	32.35	1.14	19.95	7.0	0.0	3500.0	0.0	0.0
15450.0	22.0	32.37	1.14	19.96	6.0	0.0	3500.0	0.0	0.0
15509.0	22.0	32.44	1.14	19.95	6.0	0.0	3500.0	0.0	0.0
15575.0	22.02	32.46	1.13	19.97	6.0	0.0	3500.0	0.0	0.0
15624.0	22.1	32.45	1.13	19.95	6.0	0.0	3500.0	0.0	0.0
15689.0	22.12	32.51	1.13	19.97	6.0	0.0	3500.0	0.0	0.0
15750.0	22.13	32.58	1.13	19.93	6.0	0.0	3500.0	0.0	0.0
15809.0	22.16	32.58	1.14	19.78	6.0	0.0	3500.0	0.0	0.0
15869.0	22.03	32.53	1.14	19.7	6.0	0.0	3500.0	0.0	0.0
15924.0	22.04	32.54	1.14	19.62	6.0	0.0	3500.0	0.0	0.0
15984.0	22.01	32.47	1.14	19.56	5.0	0.0	3500.0	0.0	0.0
16050.0	21.95	32.46	1.13	19.61	5.0	0.0	3500.0	0.0	0.0
16109.0	21.94	32.44	1.13	19.78	5.0	0.0	3500.0	0.0	0.0
16169.0	21.99	32.46	1.13	19.86	5.0	0.0	3500.0	0.0	0.0
16224.0	22.03	32.45	1.13	19.9	5.0	0.0	3500.0	0.0	0.0
16283.0	22.08	32.47	1.13	19.92	5.0	0.0	3500.0	0.0	0.0
16344.0	22.11	32.42	1.13	19.96	5.0	0.0	3500.0	0.0	0.0
16404.0	22.1	32.46	1.13	19.97	5.0	0.0	3500.0	0.0	0.0
16463.0	22.1	32.47	1.13	19.99	5.0	0.0	3500.0	0.0	0.0
16518.0	22.16	32.42	1.13	19.95	5.0	0.0	3500.0	0.0	0.0
16583.0	22.17	32.57	1.13	19.81	5.0	0.0	3500.0	0.0	0.0
16644.0	22.17	32.49	1.13	19.75	6.0	0.0	3500.0	0.0	0.0
16704.0	22.15	32.49	1.13	19.77	6.0	0.0	3500.0	0.0	0.0
16763.0	22.14	32.51	1.13	19.81	6.0	0.0	3500.0	0.0	0.0
16824.0	22.02	32.53	1.13	19.74	6.0	0.0	3500.0	0.0	0.0
16883.0	21.87	32.39	1.14	19.71	6.0	0.0	3500.0	0.0	0.0
16939.0	21.77	32.3	1.14	19.66	6.0	0.0	3500.0	0.0	0.0
17004.0	21.69	32.24	1.14	19.65	7.0	0.0	3500.0	0.0	0.0
17063.0	21.73	32.26	1.15	19.8	7.0	0.0	3500.0	0.0	0.0
17118.0	21.62	32.27	1.14	19.86	7.0	0.0	3500.0	0.0	0.0
17183.0	21.75	32.31	1.14	19.88	7.0	0.0	3500.0	0.0	0.0
17239.0	21.69	32.1	1.14	19.91	8.0	0.0	3500.0	0.0	0.0
17304.0	21.67	32.14	1.14	19.89	8.0	0.0	3500.0	0.0	0.0
17363.0	21.61	32.17	1.14	19.9	8.0	0.0	3500.0	0.0	0.0
17418.0	21.67	32.17	1.14	19.92	8.0	0.0	3500.0	0.0	0.0
17483.0	21.71	32.18	1.13	19.88	8.0	0.0	3500.0	0.0	0.0
17544.0	21.72	32.25	1.13	19.86	8.0	0.0	3500.0	0.0	0.0
17598.0	21.83	32.28	1.13	19.84	8.0	0.0	3500.0	0.0	0.0
17664.0	21.67	32.22	1.13	19.84	8.0	0.0	3500.0	0.0	0.0
17718.0	21.63	32.18	1.13	19.78	8.0	0.0	3500.0	0.0	0.0
17778.0	21.68	32.2	1.14	19.82	8.0	0.0	3500.0	0.0	0.0
17839.0	21.64	32.15	1.13	19.89	8.0	0.0	3500.0	0.0	0.0
17893.0	21.72	32.18	1.14	19.91	8.0	0.0	3500.0	0.0	0.0
17958.0	21.71	32.21	1.14	19.95	8.0	0.0	3500.0	0.0	0.0
18018.0	21.66	32.21	1.13	19.97	8.0	0.0	3500.0	0.0	0.0
18078.0	21.72	32.22	1.13	19.98	8.0	0.0	3500.0	0.0	0.0
18139.0	21.81	32.27	1.13	19.98	8.0	0.0	3500.0	0.0	0.0
18198.0	21.87	32.27	1.13	19.98	8.0	0.0	3500.0	0.0	0.0
18258.0	21.91	32.3	1.13	19.96	8.0	0.0	3500.0	0.0	0.0
18318.0	21.83	32.4	1.14	19.9	8.0	0.0	3500.0	0.0	0.0
18378.0	21.79	32.32	1.14	19.92	8.0	0.0	3500.0	0.0	0.0
18433.0	21.84	32.29	1.14	19.91	9.0	0.0	3500.0	0.0	0.0
18493.0	21.82	32.3	1.14	19.94	9.0	0.0	3500.0	0.0	0.0
18552.0	21.83	32.29	1.14	19.92	8.0	0.0	3500.0	0.0	0.0
18613.0	21.77	32.27	1.14	19.9	8.0	0.0	3500.0	0.0	0.0
18672.0	21.81	32.26	1.13	19.94	8.0	0.0	3500.0	0.0	0.0
18733.0	21.78	32.26	1.14	19.95	8.0	0.0	3500.0	0.0	0.0
18793.0	21.79	32.24	1.13	19.95	8.0	0.0	3500.0	0.0	0.0
18847.0	21.85	32.3	1.14	19.95	8.0	0.0	3500.0	0.0	0.0
18913.0	21.87	32.29	1.13	19.93	8.0	0.0	3500.0	0.0	0.0
18972.0	21.87	32.31	1.13	19.94	8.0	0.0	3500.0	0.0	0.0
19027.0	21.9	32.28	1.13	19.94	8.0	0.0	3500.0	0.0	0.0
19087.0	21.83	32.25	1.13	19.89	8.0	0.0	3500.0	0.0	0.0
19147.0	21.91	32.26	1.13	19.88	8.0	0.0	3500.0	0.0	0.0
19213.0	21.87	32.3	1.13	19.94	8.0	0.0	3500.0	0.0	0.0
19272.0	21.82	32.28	1.14	19.81	9.0	0.0	3500.0	0.0	0.0
19333.0	21.8	32.26	1.13	19.79	9.0	0.0	3500.0	0.0	0.0
19387.0	21.86	32.28	1.14	19.76	8.0	0.0	3500.0	0.0	0.0
19447.0	21.84	32.25	1.13	19.74	8.0	0.0	3500.0	0.0	0.0
19502.0	21.85	32.27	1.14	19.81	9.0	0.0	3500.0	0.0	0.0
19562.0	21.94	32.22	1.14	19.89	9.0	0.0	3500.0	0.0	0.0
19621.0	21.92	32.27	1.14	19.9	8.0	0.0	3500.0	0.0	0.0
19682.0	21.88	32.34	1.14	19.92	8.0	0.0	3500.0	0.0	0.0
19741.0	21.89	32.33	1.14	19.91	8.0	0.0	3500.0	0.0	0.0
19796.0	21.91	32.32	1.14	19.85	8.0	0.0	3500.0	0.0	0.0
19862.0	21.9	32.27	1.14	19.78	8.0	0.0	3500.0	0.0	0.0
19921.0	21.87	32.25	1.14	19.84	8.0	0.0	3500.0	0.0	0.0
19982.0	21.84	32.29	1.14	19.87	8.0	0.0	3500.0	0.0	0.0
20052.0	21.81	32.31	1.14	19.84	8.0	0.0	3500.0	0.0	0.0
20113.0	21.82	32.28	1.14	19.87	8.0	0.0	3500.0	0.0	0.0
20172.0	21.78	32.22	1.14	19.85	8.0	0.0	3500.0	0.0	0.0
20233.0	21.82	32.24	1.14	19.9	8.0	0.0	3500.0	0.0	0.0
20292.0	21.88	32.24	1.14	19.93	8.0	0.0	3500.0	0.0	0.0
20358.0	21.89	32.36	1.13	19.96	8.0	0.0	3500.0	0.0	0.0
20418.0	21.89	32.24	1.13	19.97	8.0	0.0	3500.0	0.0	0.0
20484.0	22.1	32.36	1.13	19.96	8.0	0.0	3500.0	0.0	0.0
20543.0	22.14	32.33	1.13	19.96	8.0	0.0	3500.0	0.0	0.0
20598.0	22.01	32.15	1.13	19.97	8.0	0.0	3500.0	0.0	0.0
20658.0	22.13	32.3	1.13	19.98	8.0	0.0	3500.0	0.0	0.0
20718.0	22.18	32.43	1.13	19.93	8.0	0.0	3500.0	0.0	0.0
20777.0	22.14	32.47	1.13	19.93	8.0	0.0	3500.0	0.0	0.0
20832.0	22.11	32.49	1.13	19.92	8.0	0.0	3500.0	0.0	0.0
20897.0	22.08	32.46	1.13	19.9	8.0	0.0	3500.0	0.0	0.0
20958.0	22.09	32.4	1.13	19.93	8.0	0.0	3500.0	0.0	0.0
21017.0	21.98	32.36	1.13	19.92	8.0	0.0	3500.0	0.0	0.0
21078.0	21.99	32.43	1.13	19.9	8.0	0.0	3500.0	0.0	0.0
21135.0	22.05	32.53	1.14	19.9	8.0	0.0	3500.0	0.0	0.0
21189.0	21.85	32.39	1.13	19.94	8.0	0.0	3500.0	0.0	0.0
21250.0	21.83	32.34	1.13	19.97	8.0	0.0	3500.0	0.0	0.0
21304.0	21.71	32.17	1.13	19.94	8.0	0.0	3500.0	0.0	0.0
21358.0	21.49	32.12	1.12	19.95	8.0	0.0	3500.0	0.0	0.0
21419.0	21.57	32.08	1.13	19.85	8.0	0.0	3500.0	0.0	0.0
21479.0	21.6	32.15	1.13	19.1	8.0	0.0	3500.0	0.0	0.0
21533.0	21.7	32.23	1.13	18.44	8.0	0.0	3500.0	0.0	2.0
21594.0	21.7	32.26	1.13	18.11	8.0	0.0	3500.0	0.0	2.0
21654.0	21.85	32.25	1.14	17.86	8.0	0.0	3500.0	0.0	2.0
21708.0	21.96	32.38	1.14	17.66	8.0	0.0	3500.0	0.0	2.0
21769.0	21.99	32.45	1.13	17.55	8.0	0.0	3500.0	0.0	2.0
21829.0	22.13	32.46	1.13	17.56	8.0	0.0	3500.0	0.0	2.0
21883.0	22.11	32.45	1.13	17.56	8.0	0.0	3500.0	0.0	2.0
21939.0	21.99	32.42	1.13	17.55	8.0	0.0	3500.0	0.0	2.0
21999.0	21.81	32.35	1.14	17.54	8.0	0.0	3500.0	0.0	2.0
22065.0	21.85	32.45	1.14	17.44	8.0	0.0	3500.0	0.0	0.0
22119.0	21.85	32.53	1.14	17.38	8.0	0.0	3500.0	0.0	0.0
22179.0	21.83	32.45	1.14	17.34	8.0	0.0	3500.0	0.0	0.0
22234.0	21.88	32.43	1.14	17.11	8.0	0.0	3500.0	0.0	0.0
22294.0	21.87	32.37	1.14	17.04	8.0	0.0	3500.0	0.0	0.0
22353.0	21.9	32.34	1.14	17.03	8.0	0.0	3500.0	0.0	0.0
22408.0	21.88	32.33	1.14	17.07	8.0	0.0	3500.0	0.0	0.0
22468.0	21.87	32.32	1.14	17.09	8.0	0.0	3500.0	0.0	0.0
22529.0	21.92	32.37	1.14	17.05	8.0	0.0	3500.0	0.0	0.0
22588.0	21.88	32.35	1.13	17.15	8.0	0.0	3500.0	0.0	0.0
22643.0	21.88	32.32	1.13	17.18	8.0	0.0	3500.0	0.0	0.0
22709.0	21.92	32.32	1.13	17.24	8.0	0.0	3500.0	0.0	0.0
22774.0	21.95	32.34	1.13	17.21	8.0	0.0	3500.0	0.0	0.0
22829.0	21.91	32.31	1.13	17.17	8.0	0.0	3500.0	0.0	0.0
22889.0	21.96	32.32	1.13	17.21	8.0	0.0	3500.0	0.0	0.0
22943.0	21.93	32.33	1.13	17.1	8.0	0.0	3500.0	0.0	0.0
23004.0	21.96	32.33	1.13	17.03	8.0	0.0	3500.0	0.0	0.0
23068.0	21.97	32.36	1.13	17.0	8.0	0.0	3500.0	0.0	0.0
23117.0	21.98	32.34	1.13	16.99	8.0	0.0	3500.0	0.0	0.0
23178.0	21.97	32.25	1.13	17.13	8.0	0.0	3500.0	0.0	0.0
23232.0	21.98	32.36	1.13	17.15	8.0	0.0	3500.0	0.0	0.0
23298.0	21.96	32.38	1.13	17.2	8.0	0.0	3500.0	0.0	0.0
23353.0	21.94	32.38	1.13	17.29	8.0	0.0	3500.0	0.0	0.0
23412.0	21.99	32.35	1.13	17.17	8.0	0.0	3500.0	0.0	0.0
23468.0	21.96	32.33	1.13	17.11	8.0	0.0	3500.0	0.0	0.0
23527.0	21.98	32.41	1.13	17.03	8.0	0.0	3500.0	0.0	0.0
23581.0	21.95	32.42	1.13	17.07	8.0	0.0	3500.0	0.0	0.0
23642.0	22.01	32.46	1.13	16.99	8.0	0.0	3500.0	0.0	0.0
23702.0	21.96	32.43	1.13	16.87	8.0	0.0	3500.0	0.0	0.0
23756.0	21.97	32.44	1.13	16.79	8.0	0.0	3500.0	0.0	0.0
23817.0	21.92	32.35	1.13	16.81	8.0	0.0	3500.0	0.0	0.0
23871.0	21.95	32.37	1.13	16.78	8.0	0.0	3500.0	0.0	0.0
23937.0	21.94	32.4	1.13	16.71	8.0	0.0	3500.0	0.0	0.0
24002.0	21.93	32.41	1.13	16.7	8.0	0.0	3500.0	0.0	0.0
24051.0	21.93	32.4	1.13	16.79	8.0	0.0	3500.0	0.0	0.0
24117.0	21.94	32.44	1.13	16.78	8.0	0.0	3500.0	0.0	0.0
24166.0	21.84	32.45	1.13	16.91	8.0	0.0	3500.0	0.0	0.0
24231.0	21.94	32.48	1.13	16.82	8.0	0.0	3500.0	0.0	0.0
24286.0	21.96	32.35	1.13	16.87	8.0	0.0	3500.0	0.0	0.0
24346.0	21.92	32.42	1.13	16.95	8.0	0.0	3500.0	0.0	0.0
24400.0	21.94	32.43	1.13	16.81	8.0	0.0	3500.0	0.0	0.0
24461.0	22.01	32.48	1.14	16.63	8.0	0.0	3500.0	0.0	0.0
24520.0	22.02	32.18	1.14	16.58	8.0	0.0	3500.0	0.0	0.0
24576.0	22.02	32.34	1.14	16.44	8.0	0.0	3500.0	0.0	0.0
24635.0	22.0	32.25	1.13	16.38	8.0	0.0	3500.0	0.0	0.0
24689.0	22.07	32.18	1.13	16.16	8.0	0.0	3500.0	0.0	0.0
24744.0	22.11	32.28	1.13	16.08	8.0	0.0	3500.0	0.0	0.0
24804.0	22.29	32.48	1.13	15.96	8.0	0.0	3500.0	0.0	0.0
24864.0	22.27	32.33	1.13	15.98	8.0	0.0	3500.0	0.0	0.0
24919.0	22.33	32.68	1.12	16.05	8.0	0.0	3500.0	0.0	0.0
24979.0	22.26	32.67	1.12	16.09	8.0	0.0	3500.0	0.0	0.0
25033.0	22.11	32.39	1.13	16.05	8.0	0.0	3500.0	0.0	0.0
25094.0	22.02	32.36	1.14	16.14	8.0	0.0	3500.0	0.0	0.0
25153.0	22.02	32.17	1.14	16.19	8.0	0.0	3500.0	0.0	0.0
25213.0	21.95	32.11	1.14	16.3	8.0	0.0	3500.0	0.0	0.0
25268.0	21.92	32.17	1.14	16.3	8.0	0.0	3500.0	0.0	0.0
25328.0	21.78	32.17	1.14	16.36	8.0	0.0	3500.0	0.0	0.0
25382.0	21.79	32.25	1.14	16.31	8.0	0.0	3500.0	0.0	0.0
25443.0	21.83	32.36	1.14	16.27	8.0	0.0	3500.0	0.0	0.0
25506.0	22.11	32.6	1.14	16.29	8.0	0.0	3500.0	0.0	2.0
25567.0	21.69	32.23	1.14	16.84	8.0	0.0	3500.0	0.0	2.0
25626.0	21.58	32.16	1.13	16.94	8.0	0.0	3500.0	0.0	2.0
25687.0	21.77	32.22	1.13	16.59	8.0	0.0	3500.0	0.0	2.0
25742.0	21.47	32.11	1.13	16.7	8.0	0.0	3500.0	0.0	2.0
25802.0	21.71	32.1	1.13	16.38	8.0	0.0	3500.0	0.0	2.0
25857.0	21.73	32.19	1.13	16.22	8.0	0.0	3500.0	0.0	2.0
25917.0	21.8	32.26	1.13	16.18	8.0	0.0	3500.0	0.0	2.0
25977.0	21.85	32.4	1.13	16.2	8.0	0.0	3500.0	0.0	2.0
26032.0	21.89	32.41	1.14	16.35	8.0	0.0	3500.0	0.0	0.0
26092.0	21.76	32.3	1.14	16.3	8.0	0.0	3500.0	0.0	0.0
26152.0	21.75	32.3	1.14	15.81	8.0	0.0	3500.0	0.0	0.0
26207.0	21.68	32.28	1.14	15.59	8.0	0.0	3500.0	0.0	0.0
26267.0	21.75	32.31	1.14	15.4	8.0	0.0	3500.0	0.0	0.0
26327.0	21.75	32.29	1.14	15.29	8.0	0.0	3500.0	0.0	0.0
26387.0	21.8	32.32	1.14	15.65	8.0	0.0	3500.0	0.0	0.0
26441.0	21.74	32.32	1.13	15.8	8.0	0.0	3500.0	0.0	0.0
26507.0	21.73	32.33	1.13	15.81	8.0	0.0	3500.0	0.0	0.0
26562.0	21.8	32.34	1.13	15.83	8.0	0.0	3500.0	0.0	0.0
26621.0	21.81	32.35	1.13	15.86	8.0	0.0	3500.0	0.0	0.0
26677.0	21.95	32.4	1.13	15.89	8.0	0.0	3500.0	0.0	0.0
26736.0	21.84	32.44	1.13	15.89	8.0	0.0	3500.0	0.0	0.0
26791.0	21.86	32.42	1.13	15.94	8.0	0.0	3500.0	0.0	0.0
26851.0	21.82	32.37	1.13	15.92	8.0	0.0	3500.0	0.0	0.0
26911.0	21.85	32.38	1.13	15.87	8.0	0.0	3500.0	0.0	0.0
26971.0	21.9	32.39	1.13	15.77	8.0	0.0	3500.0	0.0	0.0
27031.0	21.87	32.37	1.13	15.64	8.0	0.0	3500.0	0.0	0.0
27085.0	21.85	32.41	1.13	15.68	8.0	0.0	3500.0	0.0	0.0
27141.0	21.82	32.36	1.13	15.76	8.0	0.0	3500.0	0.0	0.0
27200.0	21.88	32.4	1.13	15.73	8.0	0.0	3500.0	0.0	0.0
27260.0	21.93	32.41	1.13	15.71	8.0	0.0	3500.0	0.0	0.0
27320.0	21.96	32.41	1.13	15.78	8.0	0.0	3500.0	0.0	0.0
27380.0	21.94	32.42	1.13	15.71	8.0	0.0	3500.0	0.0	0.0
27435.0	21.93	32.43	1.13	15.58	8.0	0.0	3500.0	0.0	0.0
27495.0	21.99	32.47	1.13	15.57	8.0	0.0	3500.0	0.0	0.0
27549.0	21.93	32.45	1.13	15.6	8.0	0.0	3500.0	0.0	0.0
27610.0	21.93	32.45	1.13	15.51	8.0	0.0	3500.0	0.0	0.0
27664.0	21.87	32.39	1.13	15.47	8.0	0.0	3500.0	0.0	0.0
27724.0	21.9	32.42	1.13	15.38	8.0	0.0	3500.0	0.0	0.0
27773.0	21.9	32.41	1.13	15.39	8.0	0.0	3500.0	0.0	0.0
27833.0	21.87	32.37	1.13	15.47	8.0	0.0	3500.0	0.0	0.0
27888.0	21.9	32.39	1.13	15.51	8.0	0.0	3500.0	0.0	0.0
27948.0	21.93	32.37	1.13	15.61	8.0	0.0	3500.0	0.0	0.0
28002.0	21.88	32.39	1.13	15.67	8.0	0.0	3500.0	0.0	0.0
28062.0	21.83	32.4	1.13	15.66	8.0	0.0	3500.0	0.0	0.0
28116.0	21.83	32.42	1.13	15.65	8.0	0.0	3500.0	0.0	0.0
28182.0	21.87	32.41	1.13	15.59	8.0	0.0	3500.0	0.0	0.0
28237.0	21.91	32.36	1.13	15.61	8.0	0.0	3500.0	0.0	0.0
28297.0	21.82	32.42	1.13	15.56	8.0	0.0	3500.0	0.0	0.0
28357.0	21.9	32.38	1.13	15.59	8.0	0.0	3500.0	0.0	0.0
28411.0	21.86	32.34	1.13	15.65	8.0	0.0	3500.0	0.0	0.0
28477.0	21.79	32.35	1.13	15.58	8.0	0.0	3500.0	0.0	0.0
28531.0	21.83	32.36	1.13	15.62	8.0	0.0	3500.0	0.0	0.0
28592.0	21.79	32.34	1.13	15.71	8.0	0.0	3500.0	0.0	0.0
28651.0	21.93	32.42	1.14	15.67	8.0	0.0	3500.0	0.0	0.0
28711.0	21.92	32.41	1.13	15.64	8.0	0.0	3500.0	0.0	0.0
28772.0	21.86	32.38	1.13	15.76	8.0	0.0	3500.0	0.0	0.0
28831.0	21.86	32.38	1.13	15.68	8.0	0.0	3500.0	0.0	0.0
28887.0	21.85	32.37	1.13	15.63	8.0	0.0	3500.0	0.0	0.0
28946.0	21.93	32.43	1.13	15.59	8.0	0.0	3500.0	0.0	0.0
28998.0	22.04	32.53	1.14	15.63	8.0	0.0	3500.0	0.0	0.0
29061.0	21.88	32.36	1.14	16.02	8.0	8571.43	3500.0	0.0	2.0
29124.0	21.44	32.04	1.13	16.48	8.0	1541.94	3500.0	0.0	2.0
29177.0	21.33	31.84	1.13	16.69	8.0	1393.53	3500.0	0.0	2.0
29241.0	21.39	31.9	1.14	16.77	8.0	1489.72	3500.0	0.0	2.0
29300.0	21.38	31.74	1.14	17.18	8.0	1589.15	3500.0	0.0	2.0
29358.0	21.45	31.67	1.13	17.67	9.0	1334.88	3500.0	0.0	2.0
29417.0	21.55	31.73	1.14	17.99	9.0	1164.33	3500.0	0.0	2.0
29471.0	21.8	31.94	1.14	18.07	8.0	953.96	3500.0	0.0	2.0
29531.0	22.02	32.18	1.14	17.86	8.0	1431.98	3500.0	0.0	2.0
29593.0	22.19	32.34	1.14	17.97	8.0	1531.71	3500.0	0.0	2.0
29652.0	22.03	32.24	1.14	18.18	8.0	1393.79	3500.0	0.0	2.0
29713.0	22.08	32.25	1.14	18.43	8.0	1366.62	3500.0	0.0	2.0
29770.0	22.1	32.23	1.14	18.52	8.0	1284.69	3500.0	0.0	2.0
29824.0	22.25	32.35	1.14	18.25	8.0	1332.86	3500.0	0.0	2.0
29889.0	22.23	32.34	1.14	18.18	8.0	1230.82	3500.0	0.0	2.0
29943.0	22.24	32.36	1.14	18.13	8.0	1216.74	3500.0	0.0	2.0
30001.0	22.26	32.42	1.14	18.1	8.0	1347.47	3500.0	0.0	2.0
30060.0	22.17	32.41	1.14	17.83	8.0	1184.27	3500.0	43.97	1.0
30121.0	22.21	32.39	1.14	17.53	8.0	1330.73	3500.0	41.77	1.0
30179.0	22.21	32.37	1.14	17.29	8.0	1476.96	3500.0	37.17	1.0
30240.0	22.35	32.46	1.14	17.26	8.0	1315.1	3500.0	35.64	1.0
30295.0	22.34	32.46	1.14	17.18	8.0	1199.81	3500.0	37.61	1.0
30359.0	22.24	32.48	1.14	17.3	8.0	1645.82	3500.0	39.48	1.0
30413.0	22.24	32.42	1.14	17.35	8.0	1578.45	3500.0	37.65	1.0
30478.0	22.4	32.48	1.13	17.75	8.0	1395.35	3500.0	42.43	1.0
30532.0	22.35	32.4	1.14	18.14	8.0	1229.51	3500.0	45.11	1.0
30587.0	22.43	32.37	1.14	18.23	8.0	1479.0	3500.0	44.43	1.0
30651.0	22.29	32.28	1.13	18.08	8.0	1529.21	3500.0	46.18	1.0
30706.0	22.41	32.39	1.13	18.27	8.0	1403.97	3500.0	44.35	1.0
30764.0	22.36	32.38	1.13	18.59	8.0	1372.62	3500.0	49.92	1.0
30819.0	22.29	32.44	1.14	18.69	8.0	1334.52	3500.0	51.44	1.0
30879.0	22.24	32.38	1.14	18.71	8.0	1526.1	3500.0	49.87	1.0
30938.0	22.41	32.44	1.14	18.64	8.0	1319.96	3500.0	49.28	1.0
30992.0	22.31	32.38	1.14	18.52	8.0	1455.89	3500.0	48.34	1.0
31050.0	22.35	32.44	1.14	18.08	8.0	1707.46	3500.0	46.84	1.0
31106.0	22.19	32.37	1.14	17.75	8.0	1570.85	3500.0	44.16	1.0
31164.0	22.47	32.61	1.14	17.41	8.0	1562.83	3500.0	40.43	1.0
31218.0	22.35	32.5	1.14	17.32	8.0	1819.95	3500.0	37.01	1.0
31282.0	22.22	32.39	1.14	17.44	8.0	1624.61	3500.0	37.73	1.0
31337.0	22.24	32.45	1.14	17.48	8.0	1494.77	3500.0	39.97	1.0
31400.0	22.02	32.16	1.14	17.93	8.0	1686.34	3500.0	42.81	1.0
31459.0	21.81	31.97	1.14	18.14	8.0	1552.31	3500.0	46.84	1.0
31519.0	21.78	32.01	1.14	18.54	8.0	1529.83	3500.0	45.94	1.0
31578.0	22.05	32.15	1.14	18.75	8.0	1554.57	3500.0	51.89	1.0
31638.0	22.02	32.15	1.14	18.89	8.0	1431.57	3500.0	50.15	1.0
31698.0	22.02	32.17	1.14	18.87	8.0	1265.29	3500.0	53.29	1.0
31757.0	22.05	32.26	1.14	18.76	8.0	1481.92	3500.0	50.43	1.0
31817.0	21.76	32.06	1.13	18.94	8.0	1535.0	3500.0	51.28	1.0
31873.0	21.87	32.05	1.13	18.76	8.0	1383.89	3500.0	52.59	1.0
31930.0	22.01	32.09	1.13	18.46	8.0	1617.95	3500.0	50.17	1.0
31991.0	21.9	32.16	1.14	17.96	8.0	1569.37	3500.0	46.97	1.0
32055.0	22.07	32.24	1.13	17.2	8.0	1541.47	3500.0	39.78	1.0
32118.0	22.25	32.34	1.14	16.9	8.0	1646.9	3500.0	35.21	1.0
32179.0	22.18	32.33	1.14	16.76	8.0	1509.36	3500.0	34.34	1.0
32237.0	22.1	32.25	1.14	16.58	8.0	1420.05	3500.0	30.06	1.0
32297.0	21.68	31.95	1.13	17.07	8.0	1703.0	3500.0	33.53	1.0
32350.0	21.51	31.79	1.13	17.24	8.0	1524.08	3500.0	37.97	1.0
32410.0	21.65	31.81	1.13	16.94	8.0	1389.53	3500.0	36.66	1.0
32468.0	21.43	30.9	1.13	16.96	8.0	1670.19	3500.0	34.97	1.0
32529.0	21.5	31.29	1.13	16.86	8.0	1597.27	3500.0	33.49	1.0
32584.0	21.59	31.46	1.14	16.55	8.0	1456.17	3500.0	32.45	1.0
32633.0	21.71	31.77	1.14	16.34	8.0	1307.3	3500.0	30.85	1.0
32697.0	22.04	32.09	1.14	16.09	8.0	1525.32	3500.0	26.14	1.0
32752.0	22.19	32.18	1.14	16.2	8.0	1613.25	3500.0	24.42	1.0
32809.0	22.11	32.23	1.14	16.48	8.0	1326.73	3500.0	30.18	1.0
32871.0	22.21	32.31	1.14	16.89	8.0	1511.79	3500.0	33.97	1.0
32923.0	22.01	32.19	1.14	16.8	8.0	1515.92	3500.0	33.89	1.0
32984.0	22.02	32.25	1.14	16.87	8.0	1370.49	3500.0	32.1	1.0
33039.0	22.13	32.28	1.13	17.24	8.0	1526.41	3500.0	35.92	1.0
33102.0	21.89	32.25	1.14	17.12	8.0	1477.69	3500.0	36.15	1.0
33163.0	21.93	32.23	1.14	16.83	8.0	1398.08	3500.0	33.81	1.0
33221.0	22.12	32.28	1.14	16.92	8.0	1339.76	3500.0	33.93	1.0
33275.0	22.15	32.29	1.14	16.95	8.0	1260.19	3500.0	36.16	1.0
33337.0	22.18	32.34	1.14	16.72	8.0	1405.68	3500.0	34.84	1.0
33391.0	22.13	32.23	1.14	16.45	8.0	1368.49	3500.0	32.48	1.0
33449.0	22.26	32.43	1.13	16.34	8.0	1378.93	3500.0	27.47	1.0
33505.0	22.15	32.39	1.13	16.13	8.0	1626.02	3500.0	26.19	1.0
33562.0	22.06	32.32	1.14	16.02	8.0	1397.69	3500.0	25.54	1.0
33624.0	21.91	32.13	1.14	15.86	8.0	1298.14	3500.0	24.48	1.0
33681.0	22.09	32.25	1.14	15.8	8.0	1742.57	3500.0	20.46	1.0
33742.0	22.17	32.25	1.13	15.72	8.0	1659.48	3500.0	21.72	1.0
33800.0	22.13	32.24	1.14	15.8	8.0	1578.28	3500.0	22.87	1.0
33855.0	22.13	32.25	1.14	15.98	8.0	1435.96	3500.0	24.52	1.0
33910.0	22.1	32.29	1.13	16.25	8.0	1341.08	3500.0	26.47	1.0
33968.0	22.13	32.18	1.14	16.17	8.0	1656.73	3500.0	26.97	1.0
34023.0	22.16	32.21	1.14	16.24	8.0	1556.66	3500.0	27.5	1.0
34081.0	22.23	32.29	1.13	16.88	8.0	1348.92	3500.0	32.74	1.0
34136.0	22.22	32.29	1.13	17.24	8.0	1280.74	3500.0	37.85	1.0
34200.0	22.1	32.3	1.14	17.28	8.0	1689.0	3500.0	38.48	1.0
34260.0	22.21	32.37	1.13	17.09	8.0	1619.7	3500.0	36.15	1.0
34315.0	22.26	32.36	1.13	16.8	8.0	1478.12	3500.0	34.11	1.0
34373.0	22.23	32.4	1.13	16.72	8.0	1589.83	3500.0	33.51	1.0
34438.0	22.09	32.26	1.14	16.52	8.0	1462.56	3500.0	29.07	1.0
34492.0	22.28	32.45	1.13	17.16	8.0	1615.68	3500.0	33.68	1.0
34550.0	22.28	32.41	1.14	17.6	8.0	1569.53	3500.0	41.89	1.0
34611.0	22.31	32.41	1.14	17.66	8.0	1536.26	3500.0	40.65	1.0
34671.0	22.32	32.24	1.14	17.67	8.0	1396.39	3500.0	42.61	1.0
34729.0	22.51	32.52	1.13	17.35	8.0	1229.51	3500.0	37.95	1.0
34785.0	22.31	32.45	1.14	17.1	8.0	1452.93	3500.0	36.18	1.0
34848.0	22.28	32.44	1.14	16.5	8.0	1525.01	3500.0	31.35	1.0
34904.0	22.04	32.25	1.14	16.23	8.0	1498.65	3500.0	29.0	1.0
34958.0	22.17	32.38	1.14	16.49	8.0	1376.78	3500.0	25.94	1.0
35016.0	22.14	32.37	1.14	16.85	8.0	1691.09	3500.0	34.57	1.0
35077.0	22.17	32.34	1.13	16.98	8.0	1769.08	3500.0	35.65	1.0
35135.0	22.15	32.3	1.14	17.14	8.0	1512.55	3500.0	36.77	1.0
35184.0	22.19	32.29	1.14	17.48	8.0	1681.24	3500.0	38.92	1.0
35248.0	22.26	32.36	1.14	17.25	8.0	1778.3	3500.0	38.79	1.0
35306.0	22.13	32.32	1.14	17.53	8.0	1638.81	3500.0	40.48	1.0
35361.0	22.26	32.31	1.14	17.76	8.0	1504.21	3500.0	41.88	1.0
35425.0	22.24	32.3	1.14	17.52	8.0	1660.76	3500.0	42.32	1.0
35480.0	22.29	32.25	1.14	17.02	8.0	1639.17	3500.0	39.41	1.0
35537.0	22.2	32.2	1.14	16.91	8.0	1563.8	3500.0	34.88	1.0
35593.0	22.31	32.23	1.13	16.99	8.0	1665.37	3500.0	35.78	1.0
35656.0	22.36	32.3	1.14	17.12	8.0	1718.02	3500.0	35.77	1.0
35715.0	22.2	32.28	1.14	17.71	8.0	1520.99	3500.0	42.44	1.0
35775.0	22.26	32.31	1.14	17.82	8.0	1435.68	3500.0	43.21	1.0
35824.0	22.23	32.29	1.14	17.86	8.0	1528.58	3500.0	41.95	1.0
35889.0	22.14	32.22	1.14	17.45	8.0	1412.56	3500.0	41.05	1.0
35943.0	22.06	32.19	1.14	16.92	8.0	1413.23	3500.0	39.1	1.0
36003.0	22.17	32.22	1.14	16.26	8.0	1338.45	3500.0	33.3	1.0
36062.0	22.17	32.25	1.14	15.97	8.0	1604.62	3500.0	25.1	1.0
36117.0	22.23	32.25	1.14	15.7	8.0	1648.17	3500.0	21.6	1.0
36174.0	21.99	32.12	1.14	15.93	8.0	1515.3	3500.0	23.23	1.0
36233.0	22.2	32.31	1.14	16.41	8.0	1851.17	3500.0	29.66	1.0
36293.0	22.04	32.35	1.14	16.8	8.0	1768.03	3500.0	31.97	1.0
36346.0	22.19	32.33	1.14	16.84	8.0	1501.2	3500.0	32.4	1.0
36416.0	22.18	32.31	1.14	16.7	8.0	1826.37	3500.0	31.52	1.0
36470.0	22.23	32.34	1.14	16.59	8.0	1764.29	3500.0	30.58	1.0
36535.0	22.15	32.34	1.14	16.62	8.0	1502.4	3500.0	32.28	1.0
36589.0	21.85	32.05	1.13	16.85	8.0	1545.12	3500.0	35.19	1.0
36647.0	21.92	32.1	1.13	16.7	8.0	1727.71	3500.0	32.34	1.0
36711.0	21.96	32.18	1.14	16.61	8.0	1469.87	3500.0	32.08	1.0
36772.0	22.06	32.19	1.14	16.5	8.0	1609.61	3500.0	29.93	1.0
36830.0	22.28	32.31	1.14	16.49	8.0	1779.57	3500.0	31.0	1.0
36885.0	22.24	32.32	1.14	16.48	8.0	1647.27	3500.0	29.01	1.0
36943.0	22.35	32.36	1.14	16.26	8.0	1517.14	3500.0	27.5	1.0
37002.0	22.43	32.32	1.13	16.12	8.0	1710.38	3500.0	24.14	1.0
37062.0	22.34	32.23	1.13	15.93	8.0	1578.78	3500.0	25.28	1.0
37121.0	22.33	32.23	1.13	15.89	8.0	1418.44	3500.0	22.36	1.0
37186.0	22.18	32.03	1.14	15.63	8.0	1534.84	3500.0	20.94	1.0
37238.0	22.35	32.19	1.13	15.61	8.0	1712.33	3500.0	20.73	1.0
37300.0	22.34	32.22	1.13	15.58	8.0	1578.28	3500.0	18.42	1.0
37358.0	22.35	32.22	1.14	15.51	8.0	1568.38	3500.0	17.91	1.0
37407.0	22.35	32.25	1.14	15.5	8.0	1758.71	3500.0	17.29	1.0
37471.0	22.34	32.27	1.14	15.66	8.0	1545.44	3500.0	21.7	1.0
37534.0	22.34	32.22	1.14	15.74	8.0	1730.7	3500.0	22.8	1.0
37590.0	22.06	32.08	1.14	15.69	8.0	1752.34	3500.0	20.19	1.0
37653.0	22.27	32.2	1.14	16.37	8.0	1679.54	3500.0	24.93	1.0
37711.0	22.35	32.31	1.14	17.14	8.0	1695.68	3500.0	37.18	1.0
37767.0	22.31	32.34	1.14	17.25	8.0	1862.66	3500.0	35.54	1.0
37824.0	22.34	32.43	1.14	17.36	8.0	1657.46	3500.0	39.5	1.0
37885.0	22.41	32.41	1.14	17.14	8.0	1530.46	3500.0	37.1	1.0
37949.0	22.29	32.34	1.14	16.98	8.0	1853.68	3500.0	33.57	1.0
38007.0	21.93	31.98	1.13	17.49	8.0	1670.94	3500.0	40.59	1.0
38071.0	22.01	31.98	1.13	17.21	8.0	1623.38	3500.0	36.3	1.0
38126.0	22.02	31.96	1.13	17.11	8.0	1888.22	3500.0	37.11	1.0
38183.0	22.05	31.95	1.14	16.85	8.0	1706.1	3500.0	33.78	1.0
38239.0	22.22	32.02	1.13	16.67	8.0	1577.29	3500.0	32.15	1.0
38297.0	22.27	32.11	1.13	16.38	8.0	1659.29	3500.0	31.02	1.0
38354.0	22.23	32.21	1.13	16.22	8.0	1731.1	3500.0	28.05	1.0
38416.0	22.23	32.08	1.14	16.16	8.0	1636.66	3500.0	25.38	1.0
38473.0	22.24	32.15	1.14	16.61	8.0	1440.92	3500.0	31.03	1.0
38535.0	22.24	32.2	1.14	17.02	8.0	1488.39	3500.0	34.97	1.0
38592.0	22.2	32.03	1.14	16.9	8.0	1568.87	3500.0	32.67	1.0
38647.0	22.35	32.15	1.13	17.03	8.0	1627.25	3500.0	34.66	1.0
38711.0	22.29	32.08	1.13	17.13	8.0	1393.66	3500.0	37.43	1.0
38766.0	22.26	32.09	1.13	17.03	8.0	1335.71	3500.0	35.71	1.0
38824.0	22.12	32.03	1.13	16.6	8.0	1519.6	3500.0	32.35	1.0
38885.0	22.28	32.2	1.13	16.25	8.0	1509.66	3500.0	30.03	1.0
38939.0	22.31	32.23	1.13	15.9	8.0	1505.57	3500.0	27.1	1.0
39004.0	22.26	32.14	1.13	15.62	8.0	1200.29	3500.0	21.59	1.0
39058.0	21.85	31.77	1.13	15.95	8.0	1626.9	3500.0	23.92	1.0
39122.0	21.94	31.81	1.13	16.15	8.0	1588.14	3500.0	24.49	1.0
39180.0	22.06	31.95	1.13	16.32	8.0	1761.39	3500.0	26.74	1.0
39241.0	22.12	31.96	1.13	16.28	8.0	1645.46	3500.0	29.46	1.0
39299.0	22.13	32.09	1.13	16.03	8.0	1568.87	3500.0	25.91	1.0
39359.0	22.17	32.15	1.13	16.03	8.0	1432.66	3500.0	24.31	1.0
39417.0	22.24	32.24	1.13	16.05	8.0	1464.7	3500.0	23.91	1.0
39473.0	22.29	32.22	1.13	16.18	8.0	1433.9	3500.0	26.83	1.0
39536.0	22.32	32.31	1.13	16.18	8.0	1668.71	3500.0	26.16	1.0
39591.0	22.25	32.27	1.13	16.33	8.0	1601.88	3500.0	28.41	1.0
39655.0	22.2	32.14	1.13	16.04	8.0	1441.06	3500.0	26.73	1.0
39710.0	22.29	32.25	1.13	15.75	8.0	1692.43	3500.0	24.28	1.0
39774.0	22.34	32.22	1.13	15.58	8.0	1513.32	3500.0	21.13	1.0
39838.0	22.35	32.27	1.14	15.41	8.0	1813.57	3500.0	16.96	1.0
39892.0	22.24	32.06	1.14	15.49	8.0	1753.16	3500.0	19.0	1.0
39951.0	22.37	32.33	1.14	15.47	8.0	1487.8	3500.0	17.79	1.0
40006.0	22.25	32.18	1.13	15.51	8.0	1521.76	3500.0	19.61	1.0
40076.0	22.18	32.15	1.13	15.57	8.0	1741.96	3500.0	20.71	1.0
40133.0	22.31	32.16	1.13	15.58	8.0	1476.67	3500.0	20.61	1.0
40188.0	22.34	32.1	1.13	15.55	8.0	1640.06	3500.0	21.34	1.0
40252.0	22.37	32.09	1.13	15.63	8.0	1874.77	3500.0	19.04	1.0
40310.0	22.41	32.14	1.14	15.55	8.0	1613.94	3500.0	18.62	1.0
40369.0	22.56	32.19	1.13	15.39	8.0	1811.81	3500.0	19.05	1.0
40429.0	22.39	32.17	1.13	15.15	8.0	1756.85	3500.0	16.49	1.0
40481.0	22.4	32.15	1.13	14.96	8.0	1552.47	3500.0	13.03	1.0
40548.0	22.41	32.13	1.13	14.85	8.0	1587.81	3500.0	9.76	1.0
40605.0	21.85	31.76	1.12	15.26	8.0	1405.02	3500.0	15.4	1.0
40660.0	21.67	31.57	1.12	15.43	8.0	1560.06	3500.0	19.88	1.0
40718.0	21.8	31.72	1.13	15.29	8.0	1668.89	3500.0	16.28	1.0
40776.0	21.92	31.9	1.13	15.41	8.0	1730.9	3500.0	16.6	1.0
40837.0	22.15	32.04	1.13	15.43	8.0	1600.51	3500.0	18.36	1.0
40895.0	21.91	31.87	1.13	16.3	8.0	1633.63	3500.0	26.54	1.0
40950.0	21.59	31.65	1.13	16.8	8.0	1805.27	3500.0	31.49	1.0
41014.0	21.99	31.83	1.12	16.8	8.0	1589.66	3500.0	31.79	1.0
41069.0	22.11	31.95	1.13	16.71	8.0	1454.62	3500.0	31.01	1.0
41133.0	22.15	31.96	1.13	16.38	8.0	1691.28	3500.0	29.34	1.0
41191.0	22.14	32.01	1.13	16.08	8.0	1509.81	3500.0	26.66	1.0
41251.0	22.34	32.17	1.13	15.86	8.0	1517.76	3500.0	23.26	1.0
41310.0	22.18	32.05	1.13	15.85	8.0	1590.67	3500.0	23.46	1.0
41364.0	22.12	32.07	1.14	15.82	8.0	1446.62	3500.0	22.25	1.0
41428.0	22.24	32.1	1.13	15.74	8.0	1586.63	3500.0	22.49	1.0
41483.0	22.34	32.19	1.13	15.71	8.0	1598.3	3500.0	20.11	1.0
41538.0	22.36	32.07	1.13	15.88	8.0	1527.65	3500.0	22.27	1.0
41596.0	22.3	31.98	1.14	16.51	8.0	1428.16	3500.0	29.21	1.0
41657.0	22.34	32.03	1.13	16.85	8.0	1621.62	3500.0	34.19	1.0
41714.0	22.38	32.13	1.13	17.22	8.0	1589.83	3500.0	37.15	1.0
41776.0	22.43	31.97	1.14	17.32	8.0	1481.63	3500.0	36.06	1.0
41833.0	22.27	32.02	1.14	17.39	8.0	1481.77	3500.0	38.05	1.0
41900.0	22.5	32.18	1.14	17.29	8.0	1490.76	3500.0	39.5	1.0
41952.0	22.29	32.19	1.14	17.35	8.0	1499.25	3500.0	39.15	1.0
42012.0	22.33	32.21	1.14	17.7	8.0	1491.8	3500.0	41.42	1.0
42067.0	22.25	32.25	1.14	17.48	8.0	1345.53	3500.0	39.95	1.0
42137.0	22.49	32.34	1.14	16.88	8.0	1659.29	3500.0	35.63	1.0
42195.0	22.36	32.28	1.14	17.07	8.0	1616.21	3500.0	36.41	1.0
42256.0	22.2	32.24	1.14	17.11	8.0	1647.08	3500.0	37.43	1.0
42308.0	22.39	32.34	1.13	17.16	8.0	1617.43	3500.0	34.32	1.0
42369.0	22.38	32.17	1.13	16.87	8.0	1545.6	3500.0	35.63	1.0
42427.0	22.34	32.15	1.13	16.61	8.0	1737.92	3500.0	31.13	1.0
42485.0	22.33	32.11	1.14	16.52	8.0	1519.6	3500.0	31.35	1.0
42546.0	22.33	32.09	1.14	16.37	8.0	1374.63	3500.0	30.41	1.0
42609.0	22.24	32.03	1.13	16.19	8.0	1781.05	3500.0	25.73	1.0
42670.0	22.22	32.0	1.14	16.04	8.0	1696.07	3500.0	24.75	1.0
42728.0	22.33	32.07	1.13	16.09	8.0	1422.34	3500.0	24.05	1.0
42792.0	22.26	32.05	1.13	15.91	8.0	1645.1	3500.0	24.75	1.0
42853.0	22.28	32.0	1.13	16.22	8.0	1546.87	3500.0	26.79	1.0
42907.0	22.32	31.84	1.14	16.72	8.0	1463.41	3500.0	28.82	1.0
42966.0	22.29	31.94	1.14	17.08	8.0	1622.67	3500.0	36.43	1.0
43029.0	22.34	32.03	1.14	17.26	8.0	1719.99	3500.0	37.73	1.0
43089.0	22.32	31.95	1.14	17.88	8.0	1638.27	3500.0	40.64	1.0
43148.0	22.4	32.1	1.14	18.1	9.0	1544.32	3500.0	45.74	1.0
43197.0	22.49	32.13	1.14	18.01	8.0	1813.57	3500.0	44.04	1.0
43260.0	22.41	32.14	1.14	17.76	8.0	1629.9	3500.0	42.97	1.0
43319.0	22.36	32.08	1.14	17.24	8.0	1655.99	3500.0	38.82	1.0
43373.0	22.35	32.07	1.14	16.79	8.0	1759.74	3500.0	35.37	1.0
43438.0	22.34	32.1	1.14	16.7	8.0	1519.45	3500.0	32.88	1.0
43493.0	22.35	32.12	1.14	16.66	8.0	1419.11	3500.0	30.88	1.0
43550.0	22.4	32.13	1.14	16.48	8.0	1748.05	3500.0	29.22	1.0
43606.0	22.33	32.06	1.14	16.43	8.0	1611.86	3500.0	28.03	1.0
43669.0	22.28	32.1	1.14	16.49	8.0	1784.02	3500.0	28.4	1.0
43727.0	22.25	32.06	1.15	16.43	8.0	1637.02	3500.0	28.3	1.0
43783.0	22.35	32.1	1.14	16.99	8.0	1713.31	3500.0	31.59	1.0
43846.0	22.43	32.08	1.14	17.39	8.0	1693.58	3500.0	40.18	1.0
43905.0	22.39	32.07	1.15	17.61	8.0	1692.43	3500.0	40.99	1.0
43970.0	22.34	32.0	1.14	17.34	8.0	1557.47	3500.0	39.16	1.0
44023.0	22.43	32.13	1.14	17.37	8.0	1645.46	3500.0	38.92	1.0
44078.0	22.45	32.08	1.14	16.58	8.0	1631.14	3500.0	35.58	1.0
44147.0	22.34	32.02	1.14	16.3	8.0	1458.43	3500.0	30.5	1.0
44203.0	22.34	32.05	1.13	16.06	8.0	1305.03	3500.0	27.64	1.0
44266.0	22.34	32.06	1.13	15.96	8.0	1817.08	3500.0	23.34	1.0
44324.0	22.35	32.11	1.13	16.58	8.0	1667.41	3500.0	29.09	1.0
44385.0	22.2	31.96	1.13	17.05	8.0	1587.81	3500.0	33.81	1.0
44443.0	22.5	32.04	1.14	16.93	8.0	1680.11	3500.0	33.52	1.0
44500.0	22.44	32.09	1.14	16.58	8.0	1654.17	3500.0	30.47	1.0
44561.0	22.38	32.09	1.14	16.29	8.0	1638.99	3500.0	28.6	1.0
44625.0	22.46	32.14	1.14	16.1	8.0	1383.38	3500.0	24.66	1.0
44680.0	22.5	32.15	1.14	15.9	8.0	1618.3	3500.0	25.39	1.0
44744.0	22.48	32.11	1.13	15.9	8.0	1575.46	3500.0	23.2	1.0
44798.0	22.51	32.1	1.14	16.19	8.0	1428.71	3500.0	24.69	1.0
44863.0	22.58	32.11	1.13	16.57	8.0	1659.66	3500.0	29.48	1.0
44921.0	22.46	32.11	1.14	16.7	8.0	1692.62	3500.0	30.86	1.0
44982.0	22.33	32.05	1.14	17.14	8.0	1626.19	3500.0	35.03	1.0
45040.0	22.36	32.01	1.14	17.01	8.0	1372.37	3500.0	35.96	1.0
45094.0	22.46	32.12	1.13	16.73	8.0	1693.0	3500.0	34.21	1.0
45158.0	22.46	32.1	1.14	16.35	8.0	1571.01	3500.0	29.94	1.0
45213.0	22.51	32.09	1.14	16.28	8.0	1571.67	3500.0	27.52	1.0
45277.0	22.45	32.12	1.14	16.32	8.0	1690.9	3500.0	28.08	1.0
45330.0	22.45	32.15	1.13	16.65	8.0	1642.04	3500.0	32.13	1.0
45395.0	22.34	32.13	1.14	16.94	8.0	1560.71	3500.0	33.94	1.0
45449.0	22.14	32.0	1.14	16.83	8.0	1503.16	3500.0	34.57	1.0
45509.0	22.36	32.09	1.14	16.52	8.0	1469.15	3500.0	32.37	1.0
45570.0	22.33	32.02	1.14	16.1	8.0	1410.04	3500.0	28.96	1.0
45628.0	22.27	32.04	1.14	15.85	8.0	1739.94	3500.0	24.59	1.0
45685.0	22.32	32.04	1.14	15.63	8.0	1695.68	3500.0	21.08	1.0
45746.0	22.39	32.08	1.14	15.69	8.0	1726.12	3500.0	19.32	1.0
45804.0	22.41	32.09	1.14	15.87	8.0	1616.38	3500.0	23.62	1.0
45862.0	22.38	32.06	1.14	16.03	8.0	1676.73	3500.0	25.58	1.0
45923.0	22.42	32.08	1.14	16.03	8.0	1689.57	3500.0	24.18	1.0
45981.0	22.4	32.12	1.14	16.09	8.0	1604.11	3500.0	24.0	1.0
46042.0	22.37	32.13	1.14	16.11	8.0	1458.43	3500.0	26.32	1.0
46100.0	22.43	32.13	1.14	16.03	8.0	1725.72	3500.0	26.05	1.0
46158.0	22.49	32.12	1.14	15.97	8.0	1626.37	3500.0	23.06	1.0
46219.0	22.44	32.09	1.14	16.06	8.0	1601.71	3500.0	25.87	1.0
46277.0	22.18	31.94	1.14	16.18	8.0	1710.96	3500.0	27.24	1.0
46338.0	22.23	31.94	1.14	16.14	8.0	1617.08	3500.0	25.45	1.0
46396.0	22.31	31.96	1.14	16.16	8.0	1330.5	3500.0	26.98	1.0
46456.0	22.25	31.95	1.14	16.0	8.0	1687.48	3500.0	24.21	1.0
46514.0	22.33	32.02	1.14	15.81	8.0	1596.08	3500.0	23.4	1.0
46563.0	22.36	32.0	1.14	15.92	8.0	1677.66	3500.0	21.6	1.0
46632.0	22.36	31.99	1.14	15.92	8.0	1690.52	3500.0	26.08	1.0
46691.0	22.25	31.99	1.14	15.84	8.0	1709.01	3500.0	22.25	1.0
46746.0	22.31	32.02	1.13	15.86	8.0	1573.48	3500.0	21.12	1.0
46803.0	22.42	32.02	1.13	15.92	8.0	1533.12	3500.0	23.15	1.0
46862.0	22.16	31.83	1.13	16.2	8.0	1736.31	3500.0	26.77	1.0
46922.0	21.97	31.68	1.13	16.42	8.0	1601.02	3500.0	31.0	1.0
46981.0	22.22	31.84	1.13	16.13	8.0	1493.73	3500.0	27.12	1.0
47041.0	22.24	31.96	1.13	15.96	8.0	1708.04	3500.0	23.54	1.0
47099.0	22.28	32.02	1.13	15.86	8.0	1511.49	3500.0	24.12	1.0
47160.0	22.32	31.9	1.13	15.65	8.0	1365.75	3500.0	22.27	1.0
47218.0	22.37	31.98	1.13	15.58	8.0	1675.42	3500.0	18.77	1.0
47279.0	22.43	32.0	1.13	15.6	8.0	1583.78	3500.0	21.45	1.0
47334.0	22.38	31.98	1.14	15.6	8.0	1435.82	3500.0	19.46	1.0
47397.0	22.39	32.03	1.14	15.47	8.0	1605.65	3500.0	19.83	1.0
47461.0	22.41	32.14	1.13	15.47	8.0	1503.61	3500.0	17.04	1.0
47516.0	22.35	32.05	1.14	16.21	8.0	1499.7	3500.0	24.77	1.0
47575.0	22.37	31.97	1.14	16.45	8.0	1541.15	3500.0	30.12	1.0
47635.0	22.5	32.04	1.13	16.59	8.0	1772.21	3500.0	31.17	1.0
47693.0	22.48	32.03	1.13	16.62	8.0	1573.32	3500.0	32.06	1.0
47754.0	22.28	31.84	1.14	16.25	8.0	1432.8	3500.0	29.48	1.0
47812.0	22.37	31.96	1.14	15.7	8.0	1726.32	3500.0	23.26	1.0
47866.0	22.47	32.08	1.13	15.52	8.0	1675.79	3500.0	20.9	1.0
47931.0	22.44	32.09	1.13	15.37	8.0	1428.3	3500.0	16.24	1.0
47985.0	22.42	32.16	1.13	15.25	8.0	1506.18	3500.0	15.02	1.0
48050.0	22.51	32.19	1.13	15.49	8.0	1591.34	3500.0	18.38	1.0
48104.0	22.47	32.06	1.13	15.59	8.0	1445.78	3500.0	19.51	1.0
48168.0	22.47	32.06	1.13	15.56	8.0	1625.14	3500.0	20.78	1.0
48226.0	22.43	31.91	1.14	15.38	8.0	1685.96	3500.0	16.76	1.0
48287.0	22.45	31.89	1.13	15.66	8.0	1734.71	3500.0	19.71	1.0
48339.0	22.52	31.94	1.14	15.86	8.0	1511.49	3500.0	23.52	1.0
48400.0	22.45	31.95	1.14	15.82	8.0	1440.51	3500.0	21.87	1.0
48458.0	22.43	32.07	1.14	15.58	8.0	1583.61	3500.0	21.51	1.0
48519.0	22.44	32.17	1.14	15.27	8.0	1456.45	3500.0	18.93	1.0
48577.0	22.34	32.08	1.14	15.13	8.0	1828.6	3500.0	13.55	1.0
48634.0	22.29	32.05	1.14	15.0	8.0	1645.64	3500.0	11.46	1.0
48696.0	22.38	32.1	1.14	14.88	8.0	1520.68	3500.0	12.39	1.0
48753.0	22.44	32.08	1.14	14.89	8.0	1847.29	3500.0	11.88	1.0
48812.0	22.19	32.03	1.14	14.98	8.0	1660.39	3500.0	13.4	1.0
48872.0	22.26	31.96	1.14	15.04	8.0	1540.04	3500.0	13.82	1.0
48930.0	22.34	32.0	1.13	15.1	8.0	1819.73	3500.0	13.72	1.0
48985.0	22.25	31.99	1.14	15.04	8.0	1767.41	3500.0	12.22	1.0
49049.0	22.35	31.96	1.14	14.94	8.0	1522.69	3500.0	13.5	1.0
49101.0	22.44	32.03	1.14	14.85	8.0	1867.76	3500.0	9.44	1.0
49162.0	22.45	32.05	1.14	14.95	8.0	1815.76	3500.0	12.0	1.0
49220.0	22.47	32.03	1.14	15.17	8.0	1561.04	3500.0	15.31	1.0
49284.0	22.45	32.07	1.13	15.33	8.0	1863.12	3500.0	14.45	1.0
49339.0	22.47	32.05	1.13	15.44	8.0	1811.59	3500.0	18.05	1.0
49397.0	22.51	32.06	1.13	15.48	8.0	1554.24	3500.0	19.76	1.0
49461.0	22.38	31.99	1.13	15.57	8.0	1904.28	3500.0	19.64	1.0
49516.0	21.82	31.66	1.13	15.94	8.0	1855.29	3500.0	22.46	1.0
49580.0	21.89	31.66	1.13	15.61	8.0	1600.0	3500.0	22.76	1.0
49638.0	21.88	31.75	1.14	15.36	8.0	1862.66	3500.0	18.32	1.0
49695.0	22.22	31.87	1.14	15.42	8.0	1665.93	3500.0	18.36	1.0
49757.0	22.22	31.85	1.13	15.71	8.0	1538.46	3500.0	21.08	1.0
49811.0	22.26	31.84	1.14	15.69	8.0	1433.21	3500.0	21.88	1.0
49869.0	22.34	31.91	1.13	15.66	8.0	1549.27	3500.0	21.39	1.0
49930.0	22.42	31.96	1.13	15.58	8.0	1454.9	3500.0	20.64	1.0
49988.0	22.35	31.9	1.13	15.6	8.0	1396.0	3500.0	20.04	1.0
50049.0	22.01	31.49	1.13	15.9	8.0	1273.56	3500.0	25.92	1.0
50107.0	22.15	31.64	1.14	15.71	8.0	1622.85	3500.0	22.54	1.0
50167.0	22.35	31.8	1.13	15.56	8.0	1551.03	3500.0	20.67	1.0
50226.0	22.32	31.85	1.13	15.86	8.0	1644.02	3500.0	22.66	1.0
50280.0	22.4	31.88	1.13	15.89	8.0	1508.45	3500.0	24.2	1.0
50335.0	22.47	31.96	1.13	15.92	8.0	1396.78	3500.0	22.55	1.0
50399.0	22.57	32.06	1.13	15.73	8.0	1624.78	3500.0	21.89	1.0
50457.0	22.43	31.98	1.13	15.69	8.0	1630.08	3500.0	21.93	1.0
50518.0	22.28	31.89	1.14	15.63	8.0	1557.63	3500.0	19.56	1.0
50576.0	22.42	31.92	1.14	15.6	8.0	1487.8	3500.0	20.72	1.0
50636.0	22.4	31.94	1.14	15.59	8.0	1758.5	3500.0	18.93	1.0
50695.0	22.36	32.0	1.14	15.48	8.0	1572.0	3500.0	18.37	1.0
50755.0	22.18	31.82	1.14	15.37	8.0	1433.62	3500.0	17.14	1.0
50813.0	22.3	31.87	1.14	15.26	8.0	1654.9	3500.0	16.82	1.0
50874.0	22.29	31.85	1.14	15.21	8.0	1606.34	3500.0	14.88	1.0
50931.0	22.22	31.87	1.14	15.2	8.0	1451.38	3500.0	14.1	1.0
50987.0	22.37	31.99	1.14	15.13	8.0	1653.26	3500.0	15.56	1.0
51045.0	22.26	31.87	1.14	15.24	8.0	1448.44	3500.0	15.93	1.0
51105.0	22.32	31.82	1.14	15.24	8.0	1403.31	3500.0	14.08	1.0
51164.0	22.29	31.94	1.14	15.26	8.0	1576.29	3500.0	14.68	1.0
51218.0	22.03	31.81	1.13	15.66	8.0	1460.56	3500.0	20.85	1.0
51276.0	21.95	31.66	1.14	15.54	8.0	1703.58	3500.0	20.86	1.0
51337.0	22.0	31.66	1.14	15.49	8.0	1646.36	3500.0	18.77	1.0
51395.0	21.82	31.39	1.13	15.76	8.0	1449.84	3500.0	21.86	1.0
51444.0	21.91	31.4	1.13	15.72	8.0	1545.91	3500.0	20.79	1.0
51500.0	22.07	31.45	1.13	15.43	8.0	1460.71	3500.0	18.93	1.0
51563.0	22.15	31.61	1.13	15.36	8.0	1706.87	3500.0	18.35	1.0
51621.0	22.28	31.75	1.14	15.27	8.0	1494.47	3500.0	15.4	1.0
51682.0	22.31	31.86	1.13	15.38	8.0	1344.45	3500.0	17.64	1.0
51740.0	22.27	31.89	1.13	15.44	8.0	1708.23	3500.0	19.34	1.0
51801.0	22.34	31.87	1.14	15.52	8.0	1614.47	3500.0	19.84	1.0
51855.0	22.37	31.84	1.13	15.59	8.0	1467.57	3500.0	18.01	1.0
51913.0	22.46	31.92	1.13	15.71	8.0	1508.3	3500.0	21.97	1.0
51969.0	22.35	31.83	1.13	15.85	8.0	1482.95	3500.0	21.22	1.0
52023.0	22.18	31.7	1.14	15.96	8.0	1328.73	3500.0	24.48	1.0
52087.0	22.24	31.74	1.14	15.98	8.0	1621.97	3500.0	26.05	1.0
52136.0	22.36	31.82	1.13	16.1	8.0	1553.12	3500.0	23.67	1.0
52206.0	21.89	31.54	1.13	17.13	8.0	1568.38	3500.0	32.4	1.0
52254.0	22.03	31.49	1.13	17.09	8.0	1420.45	3500.0	36.56	1.0
52324.0	22.36	31.76	1.13	16.92	8.0	1660.76	3500.0	35.6	1.0
52373.0	22.36	32.24	1.13	16.78	8.0	1616.38	3500.0	34.52	1.0
52443.0	22.38	32.05	1.13	16.25	8.0	1507.08	3500.0	30.04	1.0
52495.0	22.33	31.94	1.14	16.05	8.0	1625.31	3500.0	26.33	1.0
52561.0	21.81	31.53	1.13	16.33	8.0	1481.04	3500.0	27.59	1.0
52620.0	21.93	31.68	1.14	16.16	8.0	1427.89	3500.0	27.95	1.0
52680.0	21.66	31.45	1.13	16.25	8.0	1682.18	3500.0	26.7	1.0
52739.0	21.82	31.5	1.14	15.92	8.0	1481.63	3500.0	25.69	1.0
52799.0	22.04	31.56	1.14	15.64	8.0	1335.35	3500.0	23.05	1.0
52857.0	21.86	31.4	1.14	15.77	8.0	1556.82	3500.0	22.87	1.0
52918.0	21.81	31.34	1.13	15.97	8.0	1528.43	3500.0	25.23	1.0
52967.0	21.77	31.33	1.13	16.14	8.0	1408.98	3500.0	24.39	1.0
53030.0	21.84	31.24	1.13	17.07	8.0	1644.92	3500.0	35.44	1.0
53094.0	21.86	31.33	1.13	17.26	8.0	1587.13	3500.0	36.51	1.0
53154.0	22.06	31.47	1.14	17.6	8.0	1531.71	3500.0	39.67	1.0
53210.0	21.81	31.32	1.13	18.47	8.0	1403.84	3500.0	43.67	1.0
53273.0	22.03	31.43	1.13	18.5	8.0	1642.04	3500.0	47.8	1.0
53328.0	22.14	31.61	1.13	18.29	8.0	1563.8	3500.0	49.38	1.0
53392.0	22.07	31.65	1.13	17.89	8.0	1314.06	3500.0	43.77	1.0
53446.0	22.03	30.93	1.13	17.22	8.0	1563.64	3500.0	42.14	1.0
53511.0	22.22	31.27	1.13	16.65	8.0	1632.56	3500.0	33.53	1.0
53569.0	22.18	31.43	1.13	16.65	8.0	1467.85	3500.0	30.82	1.0
53635.0	21.93	31.45	1.13	17.46	7.0	1308.79	3500.0	33.09	1.0
53690.0	21.87	31.39	1.14	17.8	7.0	1379.69	3500.0	43.66	1.0
53753.0	22.03	31.59	1.13	17.56	8.0	1389.15	3500.0	40.31	1.0
53814.0	21.82	31.43	1.13	17.55	7.0	1449.14	3500.0	38.21	1.0
53869.0	21.59	31.26	1.13	17.45	8.0	1326.03	3500.0	41.85	1.0
53927.0	21.51	31.16	1.13	16.99	8.0	1342.04	3500.0	36.73	1.0
53982.0	21.41	31.1	1.12	16.7	9.0	1514.69	3500.0	33.22	1.0
54040.0	21.67	31.27	1.13	16.31	8.0	1637.91	3500.0	29.42	1.0
54100.0	21.91	31.44	1.13	15.95	8.0	1498.05	3500.0	27.1	1.0
54155.0	22.05	31.55	1.13	15.7	8.0	1350.14	3500.0	24.84	1.0
54219.0	22.31	31.73	1.13	15.46	8.0	1573.32	3500.0	20.09	1.0
54278.0	22.14	31.59	1.13	15.53	8.0	1575.46	3500.0	17.36	1.0
54332.0	21.9	31.41	1.13	15.66	8.0	1616.21	3500.0	21.81	1.0
54387.0	22.13	31.32	1.14	15.45	8.0	1504.36	3500.0	21.03	1.0
54441.0	22.29	31.59	1.13	15.31	8.0	1342.04	3500.0	18.32	1.0
54506.0	22.0	31.4	1.13	15.44	8.0	1512.1	3500.0	14.21	1.0
54560.0	21.44	31.09	1.13	15.63	8.0	1542.42	3500.0	19.48	1.0
54624.0	21.51	31.1	1.13	16.24	8.0	1449.0	3500.0	26.56	1.0
54682.0	21.66	31.2	1.13	16.26	8.0	1710.77	3500.0	26.55	1.0
54737.0	21.83	31.39	1.13	16.35	8.0	1598.64	3500.0	28.79	1.0
54798.0	22.08	31.48	1.13	16.28	8.0	1450.4	3500.0	26.96	1.0
54856.0	22.12	31.59	1.14	16.24	8.0	1506.78	3500.0	26.47	1.0
54917.0	21.89	31.54	1.14	16.37	8.0	1494.92	3500.0	28.56	1.0
54975.0	21.76	31.39	1.13	16.85	8.0	1513.32	3500.0	34.97	1.0
55035.0	22.01	31.59	1.13	16.63	8.0	1614.47	3500.0	33.76	1.0
55088.0	22.08	31.63	1.13	16.73	8.0	1589.99	3500.0	30.67	1.0
55148.0	22.3	31.79	1.13	16.82	8.0	1511.94	3500.0	33.84	1.0
55203.0	22.21	31.73	1.13	16.78	8.0	1361.04	3500.0	32.64	1.0
55267.0	22.32	31.76	1.14	16.49	8.0	1778.73	3500.0	31.53	1.0
55325.0	22.51	31.87	1.13	16.61	8.0	1586.8	3500.0	31.18	1.0
55386.0	22.45	31.87	1.13	16.4	8.0	1445.78	3500.0	29.71	1.0
55444.0	22.47	31.92	1.13	16.19	8.0	1691.86	3500.0	26.03	1.0
55504.0	22.06	31.6	1.13	16.48	8.0	1637.02	3500.0	27.41	1.0
55563.0	22.12	31.57	1.13	16.24	8.0	1479.87	3500.0	29.09	1.0
55617.0	22.13	31.63	1.13	16.05	8.0	1678.04	3500.0	26.46	1.0
55681.0	21.77	31.42	1.13	16.23	7.0	1476.96	3500.0	27.02	1.0
55739.0	21.73	31.26	1.14	16.26	8.0	1755.82	3500.0	26.73	1.0
55799.0	21.93	31.47	1.13	16.16	8.0	1703.58	3500.0	28.18	1.0
55858.0	22.06	31.49	1.13	15.87	8.0	1430.89	3500.0	24.27	1.0
55918.0	22.18	31.62	1.13	15.76	8.0	1526.72	3500.0	21.52	1.0
55971.0	22.36	31.87	1.13	15.7	8.0	1680.86	3500.0	21.77	1.0
56032.0	22.29	31.78	1.13	15.66	8.0	1541.78	3500.0	19.59	1.0
56086.0	22.17	31.77	1.13	15.76	8.0	1398.86	3500.0	18.98	1.0
56144.0	22.3	31.87	1.13	15.81	8.0	1535.0	3500.0	23.3	1.0
56200.0	21.79	31.32	1.13	16.2	8.0	1682.37	3500.0	25.33	1.0
56263.0	22.07	31.47	1.13	16.35	8.0	1452.22	3500.0	29.33	1.0
56318.0	21.99	31.5	1.13	16.68	8.0	1567.23	3500.0	28.75	1.0
56382.0	22.14	31.61	1.13	17.28	8.0	1374.26	3500.0	38.17	1.0
56437.0	22.19	31.63	1.13	17.37	8.0	1419.65	3500.0	39.82	1.0
56501.0	22.06	31.5	1.13	17.37	8.0	1448.58	3500.0	35.99	1.0
56561.0	21.91	31.38	1.14	17.34	8.0	1280.41	3500.0	41.1	1.0
56620.0	22.15	31.63	1.14	16.62	8.0	1640.96	3500.0	32.75	1.0
56680.0	22.14	31.53	1.13	16.57	8.0	1594.05	3500.0	31.01	1.0
56735.0	22.19	31.58	1.13	16.05	8.0	1449.42	3500.0	27.55	1.0
56799.0	22.3	31.52	1.13	15.77	8.0	1568.05	3500.0	23.32	1.0
56853.0	22.25	31.61	1.14	15.54	8.0	1564.62	3500.0	20.98	1.0
56918.0	22.23	31.78	1.13	15.77	8.0	1492.83	3500.0	21.35	1.0
56972.0	22.27	31.76	1.13	15.99	8.0	1402.66	3500.0	24.44	1.0
57036.0	22.35	31.77	1.13	15.83	8.0	1663.71	3500.0	23.77	1.0
57091.0	22.49	31.91	1.13	15.89	8.0	1594.22	3500.0	23.05	1.0
57149.0	22.43	31.89	1.14	16.0	8.0	1302.42	3500.0	25.45	1.0
57204.0	22.38	31.84	1.14	15.96	8.0	1588.98	3500.0	23.46	1.0
57268.0	22.36	31.86	1.14	15.86	8.0	1472.61	3500.0	23.69	1.0
57323.0	22.47	31.94	1.14	16.38	8.0	1547.99	3500.0	27.11	1.0
57380.0	22.39	31.8	1.14	16.61	8.0	1598.81	3500.0	31.89	1.0
57442.0	22.01	31.56	1.13	17.22	8.0	1790.62	3500.0	33.19	1.0
57499.0	22.02	31.54	1.13	17.14	8.0	1582.78	3500.0	36.04	1.0
57560.0	22.19	31.58	1.13	16.65	8.0	1442.86	3500.0	33.76	1.0
57618.0	22.17	31.63	1.14	16.28	8.0	1655.63	3500.0	29.11	1.0
57679.0	22.32	31.7	1.14	15.91	8.0	1644.56	3500.0	26.65	1.0
57737.0	22.39	31.81	1.14	15.74	8.0	1567.73	3500.0	22.75	1.0
57795.0	22.4	31.87	1.14	15.64	8.0	1746.83	3500.0	21.6	1.0
57856.0	22.33	31.65	1.14	15.67	8.0	1611.69	3500.0	19.83	1.0
57914.0	22.34	31.76	1.14	15.63	8.0	1494.77	3500.0	19.8	1.0
57974.0	22.42	31.76	1.14	15.64	8.0	1684.26	3500.0	19.33	1.0
58033.0	22.19	31.7	1.14	15.88	7.0	1475.51	3500.0	22.44	1.0
58093.0	21.97	31.52	1.13	15.93	8.0	1326.03	3500.0	25.52	1.0
58145.0	21.68	31.38	1.13	16.05	8.0	1718.02	3500.0	23.04	1.0
58206.0	21.7	31.47	1.13	15.77	7.0	1661.13	3500.0	24.36	1.0
58264.0	21.97	31.56	1.14	15.52	8.0	1378.68	3500.0	20.03	1.0
58331.0	22.01	31.55	1.13	15.64	8.0	1303.89	3500.0	17.84	1.0
58389.0	21.6	31.4	1.13	16.03	7.0	1530.77	3500.0	25.66	1.0
58443.0	21.6	31.33	1.13	15.91	8.0	1382.23	3500.0	23.32	1.0
58508.0	21.82	31.45	1.13	15.7	8.0	1720.78	3500.0	20.16	1.0
58562.0	21.34	31.12	1.13	15.82	8.0	1661.68	3500.0	22.13	1.0
58617.0	21.71	31.2	1.13	15.63	8.0	1522.69	3500.0	20.63	1.0
58675.0	21.94	31.46	1.13	15.45	8.0	1369.36	3500.0	19.52	1.0
58736.0	21.67	31.23	1.13	15.59	8.0	1649.26	3500.0	18.75	1.0
58793.0	21.79	31.26	1.13	15.44	9.0	1463.99	3500.0	18.53	1.0
58855.0	22.08	31.49	1.13	15.28	8.0	1445.5	3500.0	16.19	1.0
58912.0	22.22	31.68	1.13	15.13	8.0	1575.46	3500.0	13.55	1.0
58974.0	22.31	31.69	1.14	14.99	8.0	1426.26	3500.0	13.92	1.0
59026.0	22.33	31.75	1.13	15.12	8.0	1707.65	3500.0	11.5	1.0
59086.0	21.86	31.46	1.12	15.51	8.0	1637.91	3500.0	16.75	1.0
59150.0	21.74	31.3	1.12	15.58	8.0	1342.4	3500.0	18.98	1.0
59205.0	21.81	31.32	1.13	15.44	8.0	1532.65	3500.0	20.08	1.0
59264.0	21.63	31.21	1.13	15.91	8.0	1635.77	3500.0	23.05	1.0
59324.0	21.41	30.95	1.13	16.54	8.0	1493.43	3500.0	28.11	1.0
59382.0	21.84	31.2	1.13	16.32	8.0	1224.09	3500.0	27.22	1.0
59443.0	21.54	31.17	1.12	16.55	8.0	1557.63	3500.0	29.55	1.0
59501.0	21.67	31.24	1.13	16.29	8.0	1434.31	3500.0	26.91	1.0
59561.0	22.04	31.48	1.13	16.23	8.0	1527.65	3500.0	28.35	1.0
59614.0	22.02	31.43	1.13	16.14	8.0	1656.73	3500.0	24.8	1.0
59674.0	21.53	31.03	1.13	16.61	8.0	1780.63	3500.0	29.66	1.0
59732.0	21.78	31.39	1.13	16.51	8.0	1577.12	3500.0	29.39	1.0
59793.0	21.55	31.16	1.13	16.96	8.0	1447.46	3500.0	33.87	1.0
59851.0	21.31	30.97	1.13	17.34	8.0	1680.67	3500.0	38.79	1.0
59906.0	21.71	31.17	1.13	17.05	8.0	1624.08	3500.0	36.47	1.0
59964.0	21.98	31.44	1.13	16.63	8.0	1378.3	3500.0	31.16	1.0
60024.0	22.1	31.62	1.13	16.37	8.0	1286.12	3500.0	30.13	1.0
60083.0	22.2	31.63	1.13	16.3	6.0	1713.31	3500.0	25.86	1.0
60143.0	22.02	31.42	1.13	16.4	7.0	1632.39	3500.0	31.38	1.0
60201.0	22.05	31.5	1.13	16.29	8.0	1337.73	3500.0	28.87	1.0
60267.0	22.21	31.62	1.13	15.99	6.0	1550.71	3500.0	26.47	1.0
60320.0	22.33	31.74	1.14	15.73	7.0	1381.22	3500.0	22.41	1.0
60381.0	22.6	31.88	1.13	15.83	7.0	1423.28	3500.0	21.21	1.0
60435.0	22.34	31.77	1.13	15.89	7.0	1485.3	3500.0	23.79	1.0
60499.0	21.89	31.52	1.13	16.09	8.0	1326.61	3500.0	27.35	1.0
60554.0	22.06	31.55	1.14	15.99	8.0	1166.95	3500.0	25.76	1.0
60614.0	22.3	31.71	1.13	16.03	8.0	1365.13	3500.0	24.75	1.0
60673.0	21.75	31.38	1.13	16.18	8.0	1353.79	3500.0	25.2	1.0
60733.0	21.72	31.37	1.14	16.13	8.0	1473.04	3500.0	28.26	1.0
60788.0	21.65	31.43	1.14	15.72	8.0	1413.49	3500.0	25.38	1.0
60852.0	21.76	31.54	1.13	15.68	8.0	1748.66	3500.0	19.89	1.0
60910.0	21.81	31.37	1.13	15.74	8.0	1537.04	3500.0	20.86	1.0
60971.0	22.01	31.47	1.14	15.6	8.0	1391.72	3500.0	21.73	1.0
61029.0	22.05	31.51	1.14	15.49	8.0	1638.99	3500.0	17.74	1.0
61089.0	22.32	31.67	1.14	15.4	8.0	1587.3	3500.0	16.9	1.0
61148.0	22.29	31.61	1.14	15.4	8.0	1465.7	3500.0	15.87	1.0
61208.0	22.36	31.67	1.14	15.25	8.0	1661.13	3500.0	14.98	1.0
61266.0	22.38	31.73	1.13	15.42	8.0	1451.38	3500.0	17.56	1.0
61327.0	22.36	31.77	1.13	15.56	8.0	1303.21	3500.0	19.66	1.0
61385.0	22.4	31.82	1.13	15.79	8.0	1755.82	3500.0	21.31	1.0
61440.0	22.21	31.5	1.13	15.94	8.0	1676.54	3500.0	26.21	1.0
61498.0	22.35	31.68	1.13	15.86	8.0	1394.18	3500.0	22.11	1.0
61559.0	22.01	31.53	1.13	16.09	8.0	1615.16	3500.0	23.28	1.0
61617.0	21.73	31.32	1.13	16.34	8.0	1627.25	3500.0	26.28	1.0
61672.0	21.93	31.42	1.13	16.45	8.0	1533.43	3500.0	29.58	1.0
61726.0	22.07	31.49	1.14	16.43	8.0	1382.11	3500.0	28.77	1.0
61791.0	22.23	31.67	1.14	16.44	8.0	1730.3	3500.0	28.19	1.0
61849.0	22.19	31.62	1.13	16.76	8.0	1542.73	3500.0	32.37	1.0
61910.0	22.01	31.47	1.13	17.06	8.0	1395.35	3500.0	36.36	1.0
61967.0	22.11	31.6	1.13	16.68	8.0	1630.79	3500.0	32.8	1.0
62028.0	22.24	31.67	1.14	16.14	8.0	1567.56	3500.0	29.03	1.0
62083.0	22.25	31.63	1.14	15.83	8.0	1417.23	3500.0	25.94	1.0
62146.0	22.04	31.58	1.14	15.65	8.0	1514.85	3500.0	22.23	1.0
62201.0	21.67	31.34	1.13	15.92	8.0	1545.44	3500.0	19.99	1.0
62265.0	22.01	31.48	1.13	16.07	8.0	1423.28	3500.0	24.4	1.0
62325.0	22.19	31.48	1.14	16.02	8.0	1252.71	3500.0	25.74	1.0
62384.0	22.37	31.76	1.13	15.87	8.0	1680.3	3500.0	22.39	1.0
62439.0	22.45	31.73	1.13	16.04	8.0	1547.35	3500.0	24.96	1.0
62502.0	22.58	31.77	1.13	16.94	8.0	1535.47	3500.0	33.39	1.0
62558.0	22.55	31.72	1.13	16.94	8.0	1517.91	3500.0	36.16	1.0
62615.0	22.73	31.85	1.13	16.81	8.0	1539.57	3500.0	34.99	1.0
62675.0	22.62	31.87	1.14	16.75	8.0	1386.58	3500.0	34.06	1.0
62734.0	22.41	31.11	1.14	16.3	8.0	1789.98	3500.0	30.77	1.0
62798.0	22.45	31.52	1.14	15.84	8.0	1588.65	3500.0	24.38	1.0
62853.0	22.4	31.69	1.14	15.65	8.0	1448.58	3500.0	21.84	1.0
62917.0	22.42	31.7	1.14	15.41	8.0	1523.31	3500.0	18.7	1.0
62978.0	22.35	31.66	1.14	15.27	8.0	1693.58	3500.0	16.84	1.0
63035.0	22.49	31.77	1.13	15.4	8.0	1495.96	3500.0	18.03	1.0
63096.0	22.55	31.89	1.14	15.74	8.0	1424.91	3500.0	21.24	1.0
63151.0	22.37	31.84	1.15	15.98	8.0	1271.94	3500.0	23.79	1.0
63209.0	21.94	31.59	1.14	16.66	8.0	1586.46	3500.0	31.36	1.0
63269.0	21.8	31.39	1.13	16.77	8.0	1467.57	3500.0	33.31	1.0
63328.0	21.94	31.42	1.13	16.45	8.0	1334.64	3500.0	29.81	1.0
63388.0	22.09	31.57	1.14	15.99	8.0	1424.64	3500.0	27.4	1.0
63447.0	22.27	31.67	1.14	15.71	8.0	1586.97	3500.0	22.32	1.0
63507.0	22.3	31.69	1.14	15.47	8.0	1438.71	3500.0	19.96	1.0
63562.0	22.42	31.79	1.13	15.29	8.0	1280.41	3500.0	18.41	1.0
63620.0	22.22	31.71	1.14	15.26	8.0	1582.28	3500.0	15.41	1.0
63681.0	22.34	31.78	1.14	15.47	8.0	1474.49	3500.0	16.91	1.0
63738.0	22.37	31.84	1.13	16.16	8.0	1246.78	3500.0	26.19	1.0
63799.0	22.01	31.63	1.13	16.89	8.0	1621.62	3500.0	30.43	1.0
63857.0	21.83	31.43	1.13	17.45	8.0	1532.96	3500.0	40.34	1.0
63918.0	22.06	31.58	1.13	17.34	8.0	1429.39	3500.0	37.47	1.0
63976.0	22.27	31.68	1.13	17.0	8.0	1595.07	3500.0	34.87	1.0
64036.0	22.32	31.72	1.13	16.8	8.0	1544.32	3500.0	35.01	1.0
64095.0	22.34	31.61	1.14	16.84	8.0	1346.02	3500.0	32.59	1.0
64161.0	22.52	31.79	1.13	17.08	8.0	1176.19	3500.0	35.84	1.0
64216.0	22.2	31.66	1.13	17.53	8.0	1383.64	3500.0	38.57	1.0
64271.0	21.82	31.34	1.13	17.61	8.0	1406.47	3500.0	41.98	1.0
64334.0	21.62	31.24	1.13	17.23	8.0	1527.34	3500.0	37.28	1.0
64399.0	21.89	31.33	1.13	16.84	8.0	1373.0	3500.0	34.89	1.0
64453.0	21.98	31.48	1.13	16.45	8.0	1447.74	3500.0	31.8	1.0
64512.0	21.93	31.41	1.13	16.14	8.0	1658.56	3500.0	26.53	1.0
64566.0	22.19	31.6	1.13	15.86	8.0	1520.22	3500.0	24.54	1.0
64632.0	22.34	31.63	1.13	15.65	8.0	1373.25	3500.0	22.2	1.0
64685.0	22.34	31.72	1.14	15.7	8.0	1523.31	3500.0	21.46	1.0
64751.0	21.7	31.27	1.13	16.05	8.0	1548.47	3500.0	23.81	1.0
64800.0	21.86	31.27	1.13	15.75	8.0	1420.59	3500.0	22.94	1.0
64864.0	22.25	31.56	1.13	15.45	8.0	1572.0	3500.0	18.11	1.0
64919.0	22.34	31.56	1.13	15.27	8.0	1503.76	3500.0	16.33	1.0
64977.0	22.44	31.69	1.13	15.03	8.0	1488.98	3500.0	12.78	1.0
65041.0	22.14	31.52	1.13	15.18	8.0	1664.08	3500.0	16.1	1.0
65096.0	21.97	31.34	1.13	15.27	8.0	1522.07	3500.0	17.71	1.0
65157.0	21.99	31.36	1.13	15.14	9.0	1373.37	3500.0	16.79	1.0
65215.0	22.04	31.53	1.13	15.15	8.0	1547.99	3500.0	15.98	1.0
65275.0	22.32	31.69	1.13	15.01	8.0	1485.59	3500.0	14.23	1.0
65334.0	22.45	31.9	1.13	14.97	8.0	1409.24	3500.0	13.55	1.0
65388.0	22.35	31.68	1.13	14.92	8.0	1637.38	3500.0	13.07	1.0
65443.0	22.38	31.67	1.13	14.95	8.0	1578.61	3500.0	10.63	1.0
65507.0	22.41	31.85	1.13	15.08	8.0	1326.03	3500.0	13.84	1.0
65562.0	22.52	31.86	1.13	15.04	8.0	1471.02	3500.0	12.33	1.0
65620.0	22.39	31.78	1.14	15.08	8.0	1533.43	3500.0	12.95	1.0
65681.0	22.38	31.76	1.14	15.11	8.0	1511.94	3500.0	14.34	1.0
65736.0	22.44	31.8	1.13	15.25	8.0	1390.95	3500.0	16.04	1.0
65800.0	22.35	31.87	1.12	15.53	8.0	1621.62	3500.0	17.87	1.0
65849.0	22.13	31.63	1.13	15.71	8.0	1697.02	3500.0	21.27	1.0
65912.0	22.22	31.76	1.13	15.99	8.0	1605.48	3500.0	20.57	1.0
65971.0	22.25	31.66	1.13	16.22	8.0	1574.14	3500.0	28.08	1.0
66031.0	22.33	31.79	1.14	16.14	8.0	1552.47	3500.0	25.5	1.0
66086.0	22.37	31.76	1.13	16.25	8.0	1412.03	3500.0	28.44	1.0
66145.0	22.55	31.88	1.13	16.16	8.0	1418.71	3500.0	27.71	1.0
66205.0	22.12	31.59	1.13	16.27	8.0	1553.76	3500.0	25.27	1.0
66269.0	21.81	31.37	1.13	16.38	8.0	1513.62	3500.0	29.6	1.0
66324.0	22.17	31.65	1.13	16.23	8.0	1425.31	3500.0	27.72	1.0
66384.0	22.22	31.7	1.13	16.02	8.0	1254.39	3500.0	25.4	1.0
66449.0	22.24	31.72	1.13	16.06	8.0	1703.96	3500.0	25.26	1.0
66506.0	22.29	31.74	1.13	16.01	8.0	1495.81	3500.0	25.71	1.0
66567.0	22.44	31.81	1.13	15.97	8.0	1341.56	3500.0	24.97	1.0
66622.0	22.46	31.9	1.13	15.88	8.0	1290.1	3500.0	22.58	1.0
66685.0	22.49	31.92	1.13	15.68	8.0	1511.79	3500.0	22.68	1.0
66741.0	22.32	31.8	1.14	15.45	8.0	1359.8	3500.0	20.5	1.0
66804.0	22.17	31.75	1.13	15.56	8.0	1677.85	3500.0	17.22	1.0
66860.0	21.99	31.49	1.13	15.71	8.0	1612.9	3500.0	22.86	1.0
66923.0	22.13	31.63	1.13	15.47	8.0	1313.26	3500.0	17.71	1.0
66978.0	22.3	31.78	1.13	15.28	8.0	1515.15	3500.0	15.76	1.0
67037.0	21.87	31.47	1.13	15.68	8.0	1480.9	3500.0	21.59	1.0
67097.0	21.97	31.45	1.13	15.68	8.0	1314.64	3500.0	20.41	1.0
67158.0	22.24	31.63	1.13	15.56	8.0	1217.24	3500.0	19.32	1.0
67216.0	21.97	31.36	1.13	15.84	7.0	1461.99	3500.0	23.03	1.0
67276.0	21.79	31.25	1.13	16.17	7.0	1335.47	3500.0	25.56	1.0
67332.0	21.88	31.34	1.13	16.18	8.0	1351.35	3500.0	27.76	1.0
67390.0	21.58	31.21	1.12	16.56	8.0	1694.92	3500.0	29.57	1.0
67450.0	21.7	31.16	1.13	16.6	8.0	1618.82	3500.0	32.91	1.0
67509.0	21.89	31.29	1.13	16.47	8.0	1312.11	3500.0	28.35	1.0
67563.0	22.06	31.54	1.13	16.31	8.0	1149.25	3500.0	29.35	1.0
67624.0	21.93	31.58	1.14	16.19	8.0	1490.16	3500.0	27.2	1.0
67682.0	21.61	31.25	1.13	16.15	8.0	1403.44	3500.0	24.67	1.0
67737.0	21.66	31.3	1.13	16.07	8.0	1282.93	3500.0	26.78	1.0
67798.0	21.93	31.46	1.13	15.84	8.0	1434.31	3500.0	23.9	1.0
67853.0	21.72	31.42	1.13	15.84	8.0	1377.92	3500.0	21.88	1.0
67916.0	21.66	31.38	1.13	16.27	8.0	1307.53	3500.0	27.17	1.0
67977.0	21.52	31.25	1.13	16.23	9.0	1460.28	3500.0	29.63	1.0
68032.0	21.41	31.15	1.13	16.41	8.0	1352.08	3500.0	28.5	1.0
68096.0	21.16	30.99	1.13	16.46	8.0	1097.45	3500.0	28.0	1.0
68153.0	21.68	31.35	1.12	16.45	8.0	1097.45	3500.0	28.0	1.0
68216.0	22.2	31.74	1.13	16.33	8.0	1268.61	3500.0	27.76	1.0
68272.0	22.22	31.79	1.13	16.07	8.0	1512.1	3500.0	25.49	1.0
68326.0	22.28	31.9	1.14	15.91	8.0	1347.95	3500.0	24.23	1.0
68390.0	21.85	31.39	1.14	16.19	8.0	1312.8	3500.0	27.4	1.0
68445.0	22.09	31.66	1.14	15.93	8.0	1232.54	3500.0	26.38	1.0
68506.0	21.68	31.34	1.14	15.95	8.0	1426.94	3500.0	23.27	1.0
68563.0	21.41	31.12	1.14	16.07	8.0	1458.01	3500.0	25.7	1.0
68624.0	21.64	31.19	1.13	16.03	8.0	1520.06	3500.0	27.34	1.0
68688.0	22.02	31.42	1.13	15.87	8.0	1248.34	3500.0	23.91	1.0
68743.0	22.26	31.55	1.13	15.58	8.0	1408.72	3500.0	22.07	1.0
68801.0	22.27	31.51	1.13	15.54	8.0	1627.25	3500.0	17.64	1.0
68861.0	22.05	31.11	1.13	15.61	8.0	1480.75	3500.0	22.75	1.0
68917.0	22.3	31.39	1.13	15.38	8.0	1320.42	3500.0	20.37	1.0
68980.0	22.25	31.45	1.13	15.31	8.0	1367.61	3500.0	16.38	1.0
69029.0	21.87	31.12	1.13	15.48	8.0	1210.85	3500.0	19.43	1.0
69091.0	21.66	31.02	1.14	15.45	8.0	1420.19	3500.0	18.28	1.0
69148.0	21.25	30.76	1.14	15.56	8.0	1653.8	3500.0	19.63	1.0
69210.0	21.31	30.81	1.14	15.72	8.0	1513.93	3500.0	21.51	1.0
69267.0	21.57	30.95	1.13	15.67	8.0	1210.26	3500.0	21.67	1.0
69328.0	21.94	31.19	1.13	15.55	8.0	1363.64	3500.0	20.33	1.0
69383.0	21.66	31.07	1.12	15.62	8.0	1323.45	3500.0	21.51	1.0
69443.0	21.94	31.26	1.13	15.37	8.0	1163.51	3500.0	20.23	1.0
69505.0	22.21	31.45	1.13	15.26	8.0	1044.86	3500.0	18.08	1.0
69559.0	21.94	31.45	1.13	15.5	8.0	900.68	3500.0	15.55	1.0
69622.0	22.0	31.27	1.13	15.66	8.0	1529.36	3500.0	20.99	1.0
69678.0	21.66	31.05	1.13	15.81	8.0	1371.62	3500.0	22.26	1.0
69732.0	21.73	31.13	1.13	15.79	8.0	1488.98	3500.0	24.04	1.0
69796.0	22.06	31.46	1.14	15.4	7.0	1436.78	3500.0	19.96	1.0
69860.0	21.8	31.26	1.13	15.64	5.0	1492.83	3500.0	21.12	1.0
69920.0	21.61	31.0	1.13	15.75	2.0	1327.43	3500.0	22.99	1.0
69976.0	21.94	31.33	1.13	15.41	0.0	1458.01	3500.0	20.85	1.0
70033.0	22.24	31.55	1.14	15.2	0.0	1686.15	3500.0	16.8	1.0
70088.0	21.94	31.38	1.13	15.67	0.0	1552.47	3500.0	17.94	1.0
70152.0	21.91	31.23	1.13	15.95	0.0	1252.92	3500.0	23.39	1.0
70212.0	21.98	31.36	1.13	15.97	0.0	1094.73	3500.0	25.78	1.0
70273.0	22.24	31.67	1.14	15.78	0.0	1133.62	3500.0	23.5	1.0
70328.0	22.11	31.23	1.13	15.96	0.0	1006.44	3500.0	25.57	1.0
70384.0	22.02	31.25	1.13	15.95	0.0	1006.44	3500.0	25.57	1.0
70441.0	21.62	31.13	1.13	16.14	0.0	1006.44	3500.0	25.57	1.0
70505.0	21.87	31.43	1.12	15.89	0.0	1006.44	3500.0	25.57	1.0
70562.0	21.55	31.33	1.12	15.8	0.0	1006.44	3500.0	25.57	1.0
70619.0	21.92	31.6	1.13	15.31	0.0	1006.44	3500.0	25.57	1.0
70676.0	22.17	31.69	1.13	15.03	0.0	1006.44	3500.0	25.57	1.0
70733.0	22.26	31.74	1.13	14.89	0.0	1006.44	3500.0	25.57	1.0
70796.0	22.37	31.75	1.13	14.78	0.0	1006.44	3500.0	25.57	1.0
70853.0	22.43	31.77	1.13	14.68	0.0	1006.44	3500.0	25.57	1.0
70910.0	22.36	31.8	1.13	14.64	0.0	1006.44	3500.0	25.57	1.0
70973.0	22.33	31.77	1.13	14.59	0.0	1006.44	3500.0	25.57	1.0
71024.0	22.34	31.76	1.13	14.53	0.0	0.0	3500.0	25.57	0.0
71085.0	22.4	31.75	1.13	14.56	0.0	0.0	3500.0	25.57	0.0
71140.0	22.44	31.78	1.13	14.58	0.0	0.0	3500.0	25.57	0.0
71201.0	22.35	31.51	1.14	14.57	0.0	0.0	3500.0	25.57	0.0
71262.0	22.37	31.6	1.13	14.64	0.0	0.0	3500.0	25.57	0.0
71317.0	22.46	31.64	1.13	14.66	0.0	0.0	3500.0	25.57	0.0
71377.0	22.49	31.7	1.13	14.63	0.0	0.0	3500.0	25.57	0.0
71438.0	22.4	31.68	1.13	14.63	0.0	0.0	3500.0	25.57	0.0
71493.0	22.44	31.75	1.13	14.61	0.0	0.0	3500.0	25.57	0.0
71548.0	22.47	31.76	1.13	14.59	0.0	0.0	3500.0	25.57	0.0
71609.0	22.47	31.74	1.13	14.61	0.0	0.0	3500.0	25.57	0.0
71664.0	22.51	31.81	1.13	14.6	0.0	0.0	3500.0	25.57	0.0
71719.0	22.48	31.81	1.13	14.58	0.0	0.0	3500.0	25.57	0.0
71780.0	22.48	31.82	1.13	14.55	0.0	0.0	3500.0	25.57	0.0
71835.0	22.48	31.84	1.13	14.53	0.0	0.0	3500.0	25.57	0.0
71890.0	22.46	31.8	1.13	14.52	0.0	0.0	3500.0	25.57	0.0
71946.0	22.44	31.84	1.13	14.5	0.0	0.0	3500.0	25.57	0.0
72006.0	22.37	31.79	1.13	14.53	0.0	0.0	3500.0	25.57	0.0
72061.0	22.36	31.75	1.13	14.45	0.0	0.0	3500.0	25.57	0.0
72122.0	22.34	31.77	1.13	14.41	0.0	0.0	3500.0	25.57	0.0
72183.0	22.34	31.81	1.13	14.37	0.0	0.0	3500.0	25.57	0.0
72239.0	22.4	31.79	1.13	14.37	0.0	0.0	3500.0	25.57	0.0
72294.0	22.36	31.82	1.13	14.45	0.0	0.0	3500.0	25.57	0.0
72354.0	22.29	31.64	1.13	14.51	0.0	0.0	3500.0	25.57	0.0
72410.0	22.24	31.69	1.13	14.55	0.0	0.0	3500.0	25.57	0.0
72465.0	22.28	31.85	1.13	14.53	0.0	0.0	3500.0	25.57	0.0
72525.0	22.3	31.65	1.13	14.51	0.0	0.0	3500.0	25.57	0.0
72581.0	22.38	31.64	1.13	14.6	0.0	0.0	3500.0	25.57	0.0
72641.0	22.19	31.58	1.13	14.65	0.0	0.0	3500.0	25.57	0.0
72696.0	22.31	31.64	1.13	14.69	0.0	0.0	3500.0	25.57	0.0
72752.0	22.26	31.62	1.13	14.72	0.0	0.0	3500.0	25.57	0.0
72818.0	22.16	31.64	1.13	14.57	0.0	0.0	3500.0	25.57	0.0
72872.0	22.27	31.7	1.13	14.44	0.0	0.0	3500.0	25.57	0.0
72928.0	22.37	31.74	1.13	14.35	0.0	0.0	3500.0	25.57	0.0
72989.0	22.42	31.78	1.13	14.33	0.0	0.0	3500.0	25.57	0.0
73044.0	22.39	31.79	1.13	14.26	0.0	0.0	3500.0	25.57	0.0
73105.0	22.46	31.86	1.13	14.24	0.0	0.0	3500.0	25.57	0.0
73160.0	22.27	31.7	1.13	14.24	0.0	0.0	3500.0	25.57	0.0
73221.0	22.3	31.71	1.13	14.22	0.0	0.0	3500.0	25.57	0.0
73276.0	22.27	31.71	1.13	14.27	0.0	0.0	3500.0	25.57	0.0

================================Data log ends here================================