Log created on 1-5-2018__17.17.49
tes 9

Time	MAT	CHT	MAP	AFR	TPS	RPM	CCM	Cons	State
5658.0	22.09	41.82	1.13	20.0	0.0	0.0	3400.0	0.0	0.0
5723.0	21.98	41.87	1.13	20.0	0.0	0.0	3400.0	0.0	0.0
5776.0	22.05	41.83	1.13	20.0	0.0	0.0	3400.0	0.0	0.0
5840.0	22.1	41.8	1.13	20.0	0.0	0.0	3400.0	0.0	0.0
5900.0	22.08	41.8	1.13	20.0	0.0	0.0	3400.0	0.0	0.0
5959.0	22.06	41.77	1.13	20.0	0.0	0.0	3400.0	0.0	0.0
6018.0	22.1	41.79	1.13	20.0	0.0	0.0	3400.0	0.0	0.0
6077.0	22.08	41.82	1.13	20.0	0.0	0.0	3400.0	0.0	0.0
6136.0	22.13	41.8	1.13	20.0	0.0	0.0	3400.0	0.0	0.0
6195.0	22.08	41.8	1.13	20.0	0.0	0.0	3400.0	0.0	0.0
6259.0	22.09	41.83	1.13	20.0	0.0	0.0	3400.0	0.0	0.0
6330.0	22.07	41.81	1.13	20.0	0.0	0.0	3400.0	0.0	0.0
6388.0	22.05	41.82	1.13	20.0	0.0	0.0	3400.0	0.0	0.0
6453.0	22.08	41.81	1.13	20.0	0.0	0.0	3400.0	0.0	0.0
6517.0	22.02	41.8	1.13	20.0	0.0	0.0	3400.0	0.0	0.0
6587.0	22.05	41.82	1.13	20.0	0.0	0.0	3400.0	0.0	0.0
6651.0	21.97	41.81	1.13	20.0	0.0	0.0	3400.0	0.0	0.0
6711.0	21.96	41.8	1.13	20.0	0.0	0.0	3400.0	0.0	0.0
6775.0	21.88	41.7	1.14	20.0	0.0	0.0	3400.0	0.0	0.0
6829.0	22.0	41.73	1.13	20.0	0.0	0.0	3400.0	0.0	0.0
6893.0	22.02	41.74	1.13	20.0	0.0	0.0	3400.0	0.0	0.0
6952.0	21.94	41.77	1.13	20.0	0.0	0.0	3400.0	0.0	0.0
7017.0	21.96	41.8	1.13	20.0	0.0	0.0	3400.0	0.0	0.0
7076.0	22.02	41.8	1.13	20.0	0.0	0.0	3400.0	0.0	0.0
7135.0	21.75	41.62	1.14	20.0	0.0	0.0	3400.0	0.0	0.0
7194.0	21.88	41.7	1.13	20.0	0.0	0.0	3400.0	0.0	0.0
7259.0	21.98	41.73	1.14	20.0	0.0	0.0	3400.0	0.0	0.0
7312.0	21.96	41.74	1.13	20.0	0.0	0.0	3400.0	0.0	0.0
7371.0	22.0	41.78	1.13	20.0	0.0	0.0	3400.0	0.0	0.0
7431.0	21.88	41.8	1.13	20.0	0.0	0.0	3400.0	0.0	0.0
7490.0	21.94	41.81	1.13	20.0	0.0	0.0	3400.0	0.0	0.0
7548.0	21.98	41.87	1.13	20.0	0.0	0.0	3400.0	0.0	0.0
7608.0	21.88	41.87	1.13	20.0	0.0	0.0	3400.0	0.0	0.0
7672.0	21.98	41.87	1.13	20.0	0.0	0.0	3400.0	0.0	0.0
7732.0	21.94	41.88	1.13	20.0	0.0	0.0	3400.0	0.0	0.0
7790.0	21.94	41.86	1.13	20.0	0.0	0.0	3400.0	0.0	0.0
7849.0	21.98	41.86	1.13	20.0	0.0	0.0	3400.0	0.0	0.0
7909.0	22.05	41.86	1.13	20.0	0.0	0.0	3400.0	0.0	0.0
7967.0	22.03	41.83	1.13	20.0	0.0	0.0	3400.0	0.0	0.0
8027.0	22.04	41.81	1.13	20.0	0.0	0.0	3400.0	0.0	0.0
8086.0	21.78	41.62	1.13	20.0	0.0	0.0	3400.0	0.0	0.0
8145.0	21.99	41.67	1.14	20.0	0.0	0.0	3400.0	0.0	0.0
8204.0	22.0	41.74	1.13	20.0	0.0	0.0	3400.0	0.0	0.0
8263.0	22.19	41.75	1.13	20.0	0.0	0.0	3400.0	0.0	0.0
8328.0	22.06	41.75	1.13	20.0	0.0	0.0	3400.0	0.0	0.0
8382.0	22.13	41.73	1.13	20.0	0.0	0.0	3400.0	0.0	0.0
8445.0	22.11	41.68	1.13	20.0	0.0	0.0	3400.0	0.0	0.0
8500.0	22.04	41.61	1.13	20.0	0.0	0.0	3400.0	0.0	0.0
8559.0	21.97	41.69	1.13	20.0	0.0	0.0	3400.0	0.0	0.0
8617.0	22.09	41.73	1.13	20.0	0.0	0.0	3400.0	0.0	0.0
8672.0	22.07	41.73	1.13	20.0	0.0	0.0	3400.0	0.0	0.0
8736.0	22.03	41.75	1.13	20.0	0.0	0.0	3400.0	0.0	0.0
8790.0	21.98	41.78	1.13	20.0	0.0	0.0	3400.0	0.0	0.0
8854.0	22.0	41.82	1.13	20.0	0.0	0.0	3400.0	0.0	0.0
8913.0	22.1	41.78	1.13	20.0	0.0	0.0	3400.0	0.0	0.0
8972.0	22.08	41.79	1.13	20.0	0.0	0.0	3400.0	0.0	0.0
9036.0	22.06	41.77	1.13	20.0	0.0	0.0	3400.0	0.0	0.0
9101.0	22.09	41.73	1.13	20.0	0.0	0.0	3400.0	0.0	0.0
9155.0	22.1	41.73	1.13	20.0	0.0	0.0	3400.0	0.0	0.0
9220.0	22.07	41.82	1.13	20.0	0.0	0.0	3400.0	0.0	0.0
9273.0	22.11	41.91	1.13	20.0	0.0	0.0	3400.0	0.0	0.0
9337.0	22.03	41.92	1.13	20.0	0.0	0.0	3400.0	0.0	0.0
9392.0	21.96	41.9	1.13	20.0	0.0	0.0	3400.0	0.0	0.0
9456.0	21.96	41.9	1.13	20.0	0.0	0.0	3400.0	0.0	0.0
9515.0	22.03	41.9	1.13	20.0	0.0	0.0	3400.0	0.0	0.0
9579.0	21.97	41.91	1.13	20.0	0.0	0.0	3400.0	0.0	0.0
9633.0	22.02	41.91	1.13	20.0	0.0	0.0	3400.0	0.0	0.0
9698.0	22.06	41.91	1.13	20.0	0.0	0.0	3400.0	0.0	0.0
9756.0	22.01	41.92	1.13	20.0	0.0	0.0	3400.0	0.0	0.0
9816.0	22.11	41.93	1.13	20.0	0.0	0.0	3400.0	0.0	0.0
9875.0	22.1	41.88	1.13	20.0	0.0	0.0	3400.0	0.0	0.0
9928.0	22.13	41.82	1.13	20.0	0.0	0.0	3400.0	0.0	0.0
9998.0	22.17	41.82	1.13	20.0	0.0	0.0	3400.0	0.0	0.0
10058.0	22.13	41.89	1.13	20.0	0.0	0.0	3400.0	0.0	0.0
10118.0	22.07	41.89	1.13	20.0	0.0	0.0	3400.0	0.0	0.0
10177.0	21.99	41.91	1.13	20.0	0.0	0.0	3400.0	0.0	0.0
10231.0	22.0	41.89	1.13	20.0	0.0	0.0	3400.0	0.0	0.0
10291.0	22.08	41.91	1.13	20.0	0.0	0.0	3400.0	0.0	0.0
10356.0	22.04	41.9	1.13	20.0	0.0	0.0	3400.0	0.0	0.0
10416.0	22.15	41.88	1.14	20.0	0.0	0.0	3400.0	0.0	0.0
10475.0	22.08	41.85	1.14	20.0	0.0	0.0	3400.0	0.0	0.0
10535.0	21.97	41.82	1.13	20.0	0.0	0.0	3400.0	0.0	0.0
10595.0	21.94	41.85	1.13	20.0	0.0	0.0	3400.0	0.0	0.0
10654.0	21.94	41.83	1.13	20.0	0.0	0.0	3400.0	0.0	0.0
10714.0	21.96	41.85	1.13	20.0	0.0	0.0	3400.0	0.0	0.0
10779.0	22.05	41.82	1.13	20.0	0.0	0.0	3400.0	0.0	0.0
10833.0	21.99	41.88	1.13	20.0	0.0	0.0	3400.0	0.0	0.0
10893.0	22.04	41.9	1.13	20.0	0.0	0.0	3400.0	0.0	0.0
10952.0	22.03	41.88	1.13	20.0	0.0	0.0	3400.0	0.0	0.0
11012.0	22.09	41.93	1.14	20.0	0.0	0.0	3400.0	0.0	0.0
11072.0	22.0	41.89	1.13	20.0	0.0	0.0	3400.0	0.0	0.0
11131.0	22.06	41.88	1.13	20.0	0.0	0.0	3400.0	0.0	0.0
11191.0	22.06	41.88	1.13	20.0	0.0	0.0	3400.0	0.0	0.0
11250.0	22.02	41.88	1.13	20.0	0.0	0.0	3400.0	0.0	0.0
11311.0	22.09	41.89	1.13	20.0	0.0	0.0	3400.0	0.0	0.0
11370.0	22.0	41.89	1.13	20.0	0.0	0.0	3400.0	0.0	0.0
11429.0	21.96	41.91	1.13	20.0	0.0	0.0	3400.0	0.0	0.0
11484.0	22.01	41.87	1.13	20.0	0.0	0.0	3400.0	0.0	0.0
11543.0	22.02	41.85	1.13	20.0	0.0	0.0	3400.0	0.0	0.0
11602.0	21.99	41.85	1.13	20.0	0.0	0.0	3400.0	0.0	0.0
11668.0	22.01	41.83	1.13	20.0	0.0	0.0	3400.0	0.0	0.0
11739.0	21.98	41.68	1.13	20.0	0.0	0.0	3400.0	0.0	0.0
11803.0	22.06	41.78	1.13	20.0	0.0	0.0	3400.0	0.0	0.0
11864.0	22.05	41.81	1.13	20.0	0.0	0.0	3400.0	0.0	0.0
11923.0	22.04	41.79	1.13	20.0	0.0	0.0	3400.0	0.0	0.0
11982.0	22.04	41.83	1.13	20.0	0.0	0.0	3400.0	0.0	0.0
12037.0	21.95	41.84	1.13	20.0	0.0	0.0	3400.0	0.0	0.0
12102.0	22.02	41.82	1.13	20.0	0.0	0.0	3400.0	0.0	0.0
12156.0	22.13	41.79	1.13	20.0	0.0	0.0	3400.0	0.0	0.0
12221.0	22.02	41.8	1.13	20.0	0.0	0.0	3400.0	0.0	0.0
12275.0	21.93	41.67	1.13	20.0	0.0	0.0	3400.0	0.0	0.0
12341.0	22.07	41.77	1.13	20.0	0.0	0.0	3400.0	0.0	0.0
12395.0	22.03	41.76	1.13	20.0	0.0	0.0	3400.0	0.0	0.0
12454.0	21.92	41.74	1.13	20.0	0.0	0.0	3400.0	0.0	0.0
12525.0	21.98	41.75	1.13	20.0	0.0	0.0	3400.0	0.0	0.0
12584.0	21.98	41.79	1.13	20.0	0.0	0.0	3400.0	0.0	0.0
12639.0	22.01	41.76	1.13	20.0	0.0	0.0	3400.0	0.0	0.0
12698.0	21.99	41.77	1.13	20.0	0.0	0.0	3400.0	0.0	0.0
12758.0	22.01	41.74	1.13	20.0	0.0	0.0	3400.0	0.0	0.0
12812.0	21.95	41.73	1.13	20.0	0.0	0.0	3400.0	0.0	0.0
12871.0	22.05	41.74	1.13	20.0	0.0	0.0	3400.0	0.0	0.0
12932.0	22.06	41.72	1.13	20.0	0.0	0.0	3400.0	0.0	0.0
12991.0	22.0	41.81	1.13	20.0	0.0	0.0	3400.0	0.0	0.0
13056.0	21.94	41.81	1.13	20.0	0.0	0.0	3400.0	0.0	0.0
13116.0	22.02	41.76	1.13	20.0	0.0	0.0	3400.0	0.0	0.0
13175.0	21.97	41.76	1.13	20.0	0.0	0.0	3400.0	0.0	0.0
13241.0	21.82	41.67	1.13	20.0	0.0	0.0	3400.0	0.0	0.0
13300.0	21.98	41.63	1.14	20.0	0.0	0.0	3400.0	0.0	0.0
13360.0	21.92	41.65	1.13	20.0	0.0	0.0	3400.0	0.0	0.0
13419.0	21.87	41.63	1.13	20.0	1.0	0.0	3400.0	0.0	0.0
13479.0	21.78	41.61	1.13	20.0	3.0	0.0	3400.0	0.0	0.0
13539.0	21.71	41.58	1.13	20.0	4.0	0.0	3400.0	0.0	0.0
13599.0	21.57	41.49	1.13	20.0	6.0	0.0	3400.0	0.0	0.0
13659.0	21.56	41.64	1.13	20.0	8.0	0.0	3400.0	0.0	0.0
13719.0	21.77	41.68	1.13	20.0	9.0	0.0	3400.0	0.0	0.0
13773.0	21.82	41.72	1.13	20.0	10.0	0.0	3400.0	0.0	0.0
13834.0	21.88	41.65	1.13	20.0	11.0	0.0	3400.0	0.0	0.0
13894.0	21.9	41.59	1.13	20.0	11.0	0.0	3400.0	0.0	0.0
13955.0	21.71	41.49	1.13	20.0	11.0	0.0	3400.0	0.0	0.0
14015.0	21.76	41.57	1.13	20.0	11.0	0.0	3400.0	0.0	0.0
14075.0	21.8	41.6	1.13	20.0	11.0	0.0	3400.0	0.0	0.0
14136.0	21.71	41.39	1.14	20.0	11.0	0.0	3400.0	0.0	0.0
14191.0	21.79	41.4	1.13	20.0	11.0	0.0	3400.0	0.0	0.0
14252.0	21.83	41.58	1.13	20.0	11.0	0.0	3400.0	0.0	0.0
14306.0	21.85	41.56	1.13	20.0	11.0	0.0	3400.0	0.0	0.0
14366.0	21.95	41.62	1.13	20.0	11.0	0.0	3400.0	0.0	0.0
14427.0	21.88	41.63	1.13	20.0	11.0	0.0	3400.0	0.0	0.0
14482.0	21.86	41.81	1.13	20.0	11.0	0.0	3400.0	0.0	0.0
14542.0	21.9	41.59	1.13	20.0	10.0	0.0	3400.0	0.0	0.0
14603.0	21.84	41.58	1.13	20.0	10.0	0.0	3400.0	0.0	0.0
14669.0	21.9	41.64	1.13	20.0	10.0	0.0	3400.0	0.0	0.0
14724.0	21.96	41.63	1.13	20.0	10.0	0.0	3400.0	0.0	0.0
14784.0	22.03	41.8	1.13	20.0	9.0	0.0	3400.0	0.0	0.0
14843.0	22.02	41.87	1.13	20.0	9.0	0.0	3400.0	0.0	0.0
14904.0	22.02	41.88	1.13	20.0	9.0	0.0	3400.0	0.0	0.0
14963.0	21.98	41.79	1.13	20.0	9.0	0.0	3400.0	0.0	0.0
15024.0	21.94	41.66	1.13	20.0	9.0	0.0	3400.0	0.0	0.0
15083.0	21.98	41.65	1.13	20.0	9.0	0.0	3400.0	0.0	0.0
15149.0	21.94	41.67	1.13	20.0	9.0	0.0	3400.0	0.0	0.0
15203.0	21.97	41.66	1.13	20.0	9.0	0.0	3400.0	0.0	0.0
15268.0	21.93	41.74	1.13	20.0	9.0	0.0	3400.0	0.0	0.0
15328.0	22.02	41.76	1.13	20.0	9.0	0.0	3400.0	0.0	0.0
15382.0	22.02	41.71	1.13	20.0	9.0	0.0	3400.0	0.0	0.0
15448.0	21.98	41.73	1.13	20.0	9.0	0.0	3400.0	0.0	0.0
15507.0	22.03	41.73	1.13	20.0	9.0	0.0	3400.0	0.0	0.0
15562.0	22.02	41.66	1.13	20.0	9.0	0.0	3400.0	0.0	0.0
15627.0	22.09	41.72	1.14	20.0	9.0	0.0	3400.0	0.0	0.0
15681.0	21.98	41.67	1.13	20.0	9.0	0.0	3400.0	0.0	0.0
15741.0	21.97	41.67	1.14	20.0	9.0	0.0	3400.0	0.0	0.0
15796.0	21.95	41.64	1.13	20.0	9.0	0.0	3400.0	0.0	0.0
15855.0	21.85	41.56	1.13	20.0	9.0	0.0	3400.0	0.0	0.0
15916.0	22.07	41.69	1.13	20.0	9.0	0.0	3400.0	0.0	0.0
15980.0	22.07	41.83	1.13	20.0	9.0	0.0	3400.0	0.0	0.0
16029.0	22.01	41.75	1.13	20.0	9.0	0.0	3400.0	0.0	0.0
16090.0	21.97	41.73	1.13	20.0	9.0	0.0	3400.0	0.0	0.0
16149.0	21.98	41.65	1.13	20.0	9.0	0.0	3400.0	0.0	0.0
16208.0	22.01	41.64	1.13	20.0	9.0	0.0	3400.0	0.0	0.0
16269.0	22.03	41.69	1.13	20.0	9.0	0.0	3400.0	0.0	0.0
16328.0	21.95	41.67	1.13	20.0	9.0	0.0	3400.0	0.0	0.0
16389.0	22.0	41.66	1.13	20.0	9.0	0.0	3400.0	0.0	0.0
16443.0	22.0	41.62	1.13	20.0	9.0	0.0	3400.0	0.0	0.0
16502.0	21.96	41.62	1.13	20.0	9.0	0.0	3400.0	0.0	0.0
16563.0	21.89	41.58	1.13	20.0	9.0	0.0	3400.0	0.0	0.0
16622.0	22.02	41.66	1.13	20.0	9.0	0.0	3400.0	0.0	0.0
16676.0	21.98	41.61	1.13	20.0	9.0	0.0	3400.0	0.0	0.0
16742.0	22.05	41.62	1.13	20.0	9.0	0.0	3400.0	0.0	0.0
16801.0	21.98	41.63	1.13	20.0	9.0	0.0	3400.0	0.0	0.0
16862.0	21.96	41.61	1.13	20.0	9.0	0.0	3400.0	0.0	0.0
16921.0	22.05	41.68	1.13	20.0	9.0	0.0	3400.0	0.0	0.0
16980.0	22.02	41.72	1.14	20.0	9.0	0.0	3400.0	0.0	0.0
17044.0	22.14	41.82	1.14	20.0	9.0	0.0	3400.0	0.0	2.0
17102.0	21.95	41.71	1.14	20.0	5.0	912.58	3400.0	0.0	2.0
17164.0	21.45	41.4	1.14	20.0	4.0	912.58	3400.0	0.0	2.0
17220.0	21.85	41.7	1.14	20.0	0.0	912.58	3400.0	0.0	2.0
17282.0	21.83	41.58	1.14	20.0	1.0	912.58	3400.0	0.0	2.0
17343.0	21.88	41.75	1.14	19.97	2.0	912.58	3400.0	0.0	2.0
17399.0	21.83	41.61	1.14	19.95	2.0	912.58	3400.0	0.0	2.0
17466.0	21.7	41.55	1.13	19.59	5.0	912.58	3400.0	0.0	2.0
17522.0	21.65	41.44	1.13	19.31	6.0	912.58	3400.0	0.0	2.0
17584.0	21.73	41.47	1.13	19.08	8.0	912.58	3400.0	0.0	2.0
17640.0	21.79	41.56	1.13	18.85	8.0	912.58	3400.0	0.0	2.0
17701.0	21.72	41.38	1.14	18.35	9.0	912.58	3400.0	0.0	2.0
17764.0	21.87	41.63	1.14	18.09	9.0	912.58	3400.0	0.0	2.0
17819.0	21.75	41.47	1.14	17.93	9.0	912.58	3400.0	0.0	2.0
17882.0	21.84	41.55	1.14	17.93	9.0	912.58	3400.0	0.0	2.0
17937.0	21.88	41.74	1.13	18.06	9.0	912.58	3400.0	0.0	2.0
17998.0	21.8	41.61	1.13	18.02	9.0	912.58	3400.0	0.0	2.0
18059.0	21.72	41.73	1.13	18.08	9.0	0.0	3400.0	0.0	0.0
18119.0	21.67	41.65	1.13	18.1	9.0	0.0	3400.0	0.0	0.0
18179.0	21.7	41.62	1.13	18.2	9.0	0.0	3400.0	0.0	0.0
18239.0	21.71	41.61	1.13	18.2	9.0	0.0	3400.0	0.0	0.0
18298.0	21.77	41.6	1.13	18.24	9.0	0.0	3400.0	0.0	0.0
18359.0	21.77	41.58	1.13	18.31	9.0	0.0	3400.0	0.0	0.0
18419.0	21.79	41.56	1.13	18.23	9.0	0.0	3400.0	0.0	0.0
18473.0	21.81	41.54	1.13	18.11	9.0	0.0	3400.0	0.0	0.0
18539.0	21.79	41.55	1.13	18.16	9.0	0.0	3400.0	0.0	0.0
18593.0	21.92	41.51	1.13	18.12	9.0	0.0	3400.0	0.0	0.0
18654.0	21.92	41.52	1.13	18.03	9.0	0.0	3400.0	0.0	0.0
18713.0	21.95	41.57	1.13	17.81	9.0	0.0	3400.0	0.0	0.0
18774.0	22.04	41.6	1.13	17.8	9.0	0.0	3400.0	0.0	0.0
18833.0	22.12	41.69	1.14	17.68	9.0	0.0	3400.0	0.0	0.0
18888.0	22.02	41.68	1.14	17.58	9.0	0.0	3400.0	0.0	0.0
18953.0	21.99	41.74	1.14	17.35	9.0	0.0	3400.0	0.0	0.0
19008.0	21.89	41.75	1.14	17.32	9.0	0.0	3400.0	0.0	0.0
19067.0	21.78	41.7	1.14	17.3	9.0	0.0	3400.0	0.0	0.0
19123.0	21.85	41.66	1.14	17.23	9.0	0.0	3400.0	0.0	0.0
19182.0	21.86	41.72	1.14	17.23	9.0	0.0	3400.0	0.0	0.0
19243.0	21.91	41.77	1.14	17.19	9.0	0.0	3400.0	0.0	0.0
19297.0	21.89	41.67	1.14	17.28	9.0	0.0	3400.0	0.0	0.0
19357.0	21.86	41.63	1.14	17.16	9.0	0.0	3400.0	0.0	0.0
19417.0	21.84	41.58	1.13	17.22	9.0	0.0	3400.0	0.0	0.0
19477.0	21.85	41.59	1.13	17.27	9.0	0.0	3400.0	0.0	0.0
19537.0	21.77	41.57	1.13	17.3	9.0	0.0	3400.0	0.0	0.0
19592.0	21.76	41.52	1.13	17.31	9.0	0.0	3400.0	0.0	0.0
19652.0	21.81	41.53	1.13	17.2	9.0	0.0	3400.0	0.0	0.0
19706.0	21.85	41.51	1.13	17.15	9.0	0.0	3400.0	0.0	0.0
19772.0	21.81	41.51	1.13	17.15	9.0	0.0	3400.0	0.0	0.0
19821.0	21.88	41.51	1.13	17.16	9.0	0.0	3400.0	0.0	0.0
19887.0	21.88	41.51	1.13	16.93	9.0	0.0	3400.0	0.0	0.0
19941.0	21.86	41.5	1.13	16.78	9.0	0.0	3400.0	0.0	0.0
20000.0	21.85	41.49	1.13	16.67	9.0	0.0	3400.0	0.0	0.0
20061.0	21.89	41.5	1.13	16.6	9.0	0.0	3400.0	0.0	0.0
20121.0	21.9	41.51	1.13	16.74	9.0	0.0	3400.0	0.0	0.0
20180.0	21.99	41.5	1.13	16.65	9.0	0.0	3400.0	0.0	0.0
20246.0	21.85	41.5	1.13	16.77	9.0	0.0	3400.0	0.0	0.0
20306.0	21.99	41.53	1.13	16.77	9.0	0.0	3400.0	0.0	0.0
20361.0	21.92	41.52	1.13	16.81	9.0	0.0	3400.0	0.0	0.0
20421.0	21.99	41.52	1.13	16.66	9.0	0.0	3400.0	0.0	0.0
20481.0	21.95	41.57	1.13	16.64	9.0	0.0	3400.0	0.0	0.0
20541.0	21.9	41.66	1.13	16.57	9.0	0.0	3400.0	0.0	0.0
20606.0	21.94	41.74	1.14	16.48	9.0	0.0	3400.0	0.0	0.0
20666.0	21.96	41.66	1.14	16.38	9.0	0.0	3400.0	0.0	0.0
20726.0	22.01	41.65	1.14	16.28	9.0	0.0	3400.0	0.0	0.0
20781.0	22.08	41.63	1.14	16.18	9.0	0.0	3400.0	0.0	0.0
20841.0	21.94	41.58	1.14	16.15	9.0	0.0	3400.0	0.0	0.0
20900.0	21.83	41.55	1.14	16.03	9.0	0.0	3400.0	0.0	0.0
20956.0	21.71	41.55	1.13	16.03	9.0	0.0	3400.0	0.0	0.0
21015.0	21.77	41.52	1.13	15.96	9.0	0.0	3400.0	0.0	0.0
21075.0	21.76	41.51	1.13	16.03	9.0	0.0	3400.0	0.0	0.0
21130.0	21.77	41.52	1.13	16.25	9.0	0.0	3400.0	0.0	0.0
21190.0	22.01	41.52	1.13	16.33	9.0	0.0	3400.0	0.0	0.0
21250.0	21.96	41.56	1.13	16.3	9.0	0.0	3400.0	0.0	0.0
21305.0	22.01	41.55	1.13	16.32	9.0	0.0	3400.0	0.0	0.0
21364.0	21.92	41.56	1.13	16.4	9.0	0.0	3400.0	0.0	0.0
21425.0	21.89	41.55	1.13	16.37	9.0	0.0	3400.0	0.0	0.0
21479.0	21.8	41.52	1.13	16.41	9.0	0.0	3400.0	0.0	0.0
21544.0	21.9	41.54	1.13	16.34	9.0	0.0	3400.0	0.0	0.0
21599.0	21.84	41.53	1.13	16.33	9.0	0.0	3400.0	0.0	0.0
21659.0	21.77	41.52	1.13	16.23	9.0	0.0	3400.0	0.0	0.0
21720.0	21.94	41.53	1.13	16.17	9.0	0.0	3400.0	0.0	0.0
21779.0	21.82	41.48	1.13	16.16	9.0	0.0	3400.0	0.0	0.0
21839.0	21.89	41.51	1.13	16.18	9.0	0.0	3400.0	0.0	0.0
21899.0	21.93	41.52	1.13	16.12	9.0	0.0	3400.0	0.0	0.0
21954.0	21.95	41.52	1.13	16.01	9.0	0.0	3400.0	0.0	0.0
22013.0	21.98	41.52	1.13	15.92	9.0	0.0	3400.0	0.0	0.0
22074.0	21.96	41.48	1.13	15.8	9.0	0.0	3400.0	0.0	0.0
22133.0	22.0	41.55	1.13	15.56	9.0	0.0	3400.0	0.0	0.0
22194.0	21.85	41.53	1.13	15.39	9.0	0.0	3400.0	0.0	0.0
22254.0	21.85	41.52	1.14	15.33	9.0	0.0	3400.0	0.0	0.0
22313.0	21.92	41.49	1.14	15.33	9.0	0.0	3400.0	0.0	0.0
22368.0	21.85	41.48	1.14	15.58	9.0	0.0	3400.0	0.0	0.0
22433.0	21.88	41.52	1.13	15.6	9.0	0.0	3400.0	0.0	0.0
22489.0	21.87	41.51	1.13	15.74	9.0	0.0	3400.0	0.0	0.0
22548.0	21.85	41.52	1.13	15.77	9.0	0.0	3400.0	0.0	0.0
22603.0	21.85	41.5	1.13	15.76	9.0	0.0	3400.0	0.0	0.0
22663.0	21.92	41.49	1.13	15.67	9.0	0.0	3400.0	0.0	0.0
22717.0	21.93	41.48	1.13	15.66	9.0	0.0	3400.0	0.0	0.0
22777.0	21.93	41.48	1.13	15.59	9.0	0.0	3400.0	0.0	0.0
22838.0	22.0	41.5	1.13	15.52	9.0	0.0	3400.0	0.0	0.0
22897.0	21.98	41.48	1.13	15.5	9.0	0.0	3400.0	0.0	0.0
22958.0	21.98	41.48	1.13	15.43	9.0	0.0	3400.0	0.0	0.0
23017.0	22.03	41.5	1.13	15.37	9.0	0.0	3400.0	0.0	0.0
23072.0	21.92	41.46	1.13	15.62	9.0	0.0	3400.0	0.0	0.0
23138.0	21.97	41.45	1.13	15.79	9.0	0.0	3400.0	0.0	0.0
23192.0	21.94	41.43	1.13	16.02	9.0	0.0	3400.0	0.0	0.0
23246.0	21.93	41.52	1.13	16.02	9.0	0.0	3400.0	0.0	0.0
23310.0	22.16	41.63	1.14	15.82	8.0	0.0	3400.0	0.0	0.0
23364.0	21.83	41.49	1.13	16.18	4.0	0.0	3400.0	0.0	0.0
23425.0	21.74	41.33	1.13	16.12	4.0	0.0	3400.0	0.0	0.0
23479.0	21.81	41.43	1.13	15.98	5.0	0.0	3400.0	0.0	0.0
23539.0	21.9	41.51	1.13	15.79	5.0	0.0	3400.0	0.0	2.0
23599.0	21.76	41.53	1.13	15.69	6.0	0.0	3400.0	0.0	2.0
23654.0	21.67	41.28	1.13	15.53	8.0	0.0	3400.0	0.0	2.0
23719.0	21.69	41.39	1.13	15.49	8.0	0.0	3400.0	0.0	2.0
23780.0	21.71	41.39	1.13	15.45	9.0	0.0	3400.0	0.0	2.0
23834.0	21.71	41.32	1.13	15.37	9.0	0.0	3400.0	0.0	2.0
23895.0	21.68	41.43	1.13	15.4	9.0	0.0	3400.0	0.0	2.0
23955.0	21.85	41.63	1.13	15.46	9.0	0.0	3400.0	0.0	2.0
24015.0	21.79	41.58	1.13	15.48	9.0	0.0	3400.0	0.0	0.0
24075.0	21.87	41.53	1.13	15.47	9.0	0.0	3400.0	0.0	0.0
24130.0	21.89	41.61	1.13	15.48	9.0	0.0	3400.0	0.0	0.0
24189.0	21.88	41.69	1.13	15.43	9.0	0.0	3400.0	0.0	0.0
24244.0	21.92	41.68	1.13	15.4	9.0	0.0	3400.0	0.0	0.0
24304.0	21.93	41.69	1.13	15.5	9.0	0.0	3400.0	0.0	0.0
24365.0	22.0	41.73	1.13	15.59	9.0	0.0	3400.0	0.0	0.0
24419.0	21.86	41.79	1.13	15.64	9.0	0.0	3400.0	0.0	0.0
24479.0	21.86	41.77	1.13	15.57	9.0	0.0	3400.0	0.0	0.0
24534.0	21.72	41.4	1.13	15.53	9.0	0.0	3400.0	0.0	0.0
24599.0	21.72	41.44	1.13	15.58	9.0	0.0	3400.0	0.0	0.0
24653.0	21.62	41.23	1.13	15.53	9.0	0.0	3400.0	0.0	0.0
24714.0	21.61	41.19	1.13	15.49	9.0	0.0	3400.0	0.0	0.0
24773.0	21.7	41.16	1.13	15.46	9.0	0.0	3400.0	0.0	0.0
24828.0	21.68	41.15	1.13	15.49	9.0	0.0	3400.0	0.0	0.0
24888.0	21.56	41.16	1.13	15.42	9.0	0.0	3400.0	0.0	0.0
24943.0	21.67	41.22	1.13	15.39	9.0	0.0	3400.0	0.0	0.0
25003.0	21.68	41.26	1.13	15.38	9.0	0.0	3400.0	0.0	0.0
25063.0	21.58	41.27	1.13	15.39	9.0	0.0	3400.0	0.0	0.0
25122.0	21.7	41.27	1.13	15.43	9.0	0.0	3400.0	0.0	0.0
25178.0	21.73	41.29	1.13	15.41	9.0	0.0	3400.0	0.0	0.0
25232.0	21.72	41.28	1.13	15.37	9.0	0.0	3400.0	0.0	0.0
25292.0	21.67	41.3	1.13	15.41	9.0	0.0	3400.0	0.0	0.0
25352.0	21.66	41.32	1.13	15.38	9.0	0.0	3400.0	0.0	0.0
25406.0	21.71	41.31	1.13	15.39	9.0	0.0	3400.0	0.0	0.0
25472.0	21.71	41.3	1.13	15.39	9.0	0.0	3400.0	0.0	0.0
25532.0	21.79	41.34	1.13	15.43	9.0	0.0	3400.0	0.0	0.0
25592.0	21.71	41.34	1.13	15.57	9.0	0.0	3400.0	0.0	0.0
25652.0	21.68	41.32	1.13	15.55	9.0	0.0	3400.0	0.0	0.0
25712.0	21.62	41.35	1.13	15.53	9.0	0.0	3400.0	0.0	0.0
25766.0	21.57	41.35	1.13	15.55	9.0	0.0	3400.0	0.0	0.0
25827.0	21.62	41.33	1.13	15.49	9.0	0.0	3400.0	0.0	0.0
25886.0	21.64	41.33	1.13	15.47	9.0	0.0	3400.0	0.0	0.0
25947.0	21.71	41.33	1.13	15.47	9.0	0.0	3400.0	0.0	0.0
26001.0	21.75	41.31	1.13	15.49	9.0	0.0	3400.0	0.0	0.0
26061.0	21.73	41.31	1.13	15.5	9.0	0.0	3400.0	0.0	0.0
26116.0	21.75	41.39	1.13	15.56	9.0	0.0	3400.0	0.0	0.0
26176.0	21.79	41.4	1.13	15.57	9.0	0.0	3400.0	0.0	0.0
26235.0	21.76	41.42	1.13	15.53	9.0	0.0	3400.0	0.0	0.0
26291.0	21.67	41.42	1.13	15.54	9.0	0.0	3400.0	0.0	0.0
26356.0	21.67	41.41	1.13	15.51	9.0	0.0	3400.0	0.0	0.0
26411.0	21.64	41.42	1.13	15.51	9.0	0.0	3400.0	0.0	0.0
26470.0	21.69	41.4	1.13	15.47	9.0	0.0	3400.0	0.0	0.0
26525.0	21.73	41.39	1.13	15.68	9.0	0.0	3400.0	0.0	0.0
26585.0	21.76	41.49	1.13	15.73	9.0	0.0	3400.0	0.0	0.0
26650.0	21.74	41.44	1.13	15.8	9.0	0.0	3400.0	0.0	0.0
26711.0	21.74	41.43	1.13	15.76	9.0	0.0	3400.0	0.0	0.0
26765.0	21.76	41.45	1.13	15.72	9.0	0.0	3400.0	0.0	0.0
26825.0	21.76	41.43	1.13	15.68	9.0	0.0	3400.0	0.0	0.0
26885.0	21.8	41.38	1.13	15.65	9.0	0.0	3400.0	0.0	0.0
26945.0	21.85	41.43	1.13	15.63	9.0	0.0	3400.0	0.0	0.0
27002.0	21.99	41.58	1.14	15.55	5.0	0.0	3400.0	0.0	2.0
27061.0	21.83	41.4	1.14	15.53	1.0	740.7	3400.0	0.0	2.0
27120.0	21.92	41.47	1.14	15.48	3.0	1266.57	3400.0	0.0	2.0
27184.0	21.95	41.46	1.14	15.36	2.0	1366.49	3400.0	0.0	2.0
27243.0	22.03	41.58	1.14	15.41	2.0	1300.95	3400.0	0.0	2.0
27297.0	21.99	41.6	1.14	15.56	0.0	1201.25	3400.0	0.0	2.0
27362.0	22.15	41.72	1.13	15.65	0.0	1063.53	3400.0	0.0	2.0
27422.0	21.96	41.64	1.13	15.71	0.0	1134.56	3400.0	0.0	2.0
27482.0	22.0	41.62	1.14	15.97	0.0	1122.92	3400.0	0.0	2.0
27535.0	22.0	41.54	1.14	16.24	0.0	894.67	3400.0	0.0	2.0
27596.0	22.09	41.61	1.14	16.6	0.0	894.67	3400.0	0.0	2.0
27653.0	22.03	41.18	1.14	16.66	2.0	894.67	3400.0	0.0	2.0
27708.0	21.87	41.24	1.14	17.08	2.0	894.67	3400.0	0.0	2.0
27764.0	21.96	41.42	1.14	17.34	2.0	894.67	3400.0	0.0	2.0
27826.0	21.81	41.2	1.14	17.57	5.0	894.67	3400.0	0.0	2.0
27888.0	21.7	41.15	1.13	17.77	6.0	894.67	3400.0	0.0	2.0
27950.0	21.72	41.19	1.13	17.65	7.0	894.67	3400.0	0.0	2.0
28006.0	21.76	41.31	1.13	17.36	8.0	0.0	3400.0	0.0	0.0
28071.0	21.78	41.32	1.13	17.27	9.0	0.0	3400.0	0.0	0.0
28131.0	21.84	41.33	1.13	17.15	9.0	0.0	3400.0	0.0	0.0
28186.0	21.87	41.3	1.13	17.03	9.0	0.0	3400.0	0.0	0.0
28246.0	21.91	41.34	1.13	16.77	9.0	0.0	3400.0	0.0	0.0
28301.0	22.02	41.32	1.13	16.64	9.0	0.0	3400.0	0.0	0.0
28360.0	21.98	41.44	1.13	16.56	9.0	0.0	3400.0	0.0	0.0
28421.0	21.9	41.46	1.13	16.48	9.0	0.0	3400.0	0.0	0.0
28486.0	21.99	41.5	1.14	16.75	9.0	0.0	3400.0	0.0	0.0
28540.0	21.94	41.49	1.14	16.88	9.0	0.0	3400.0	0.0	0.0
28600.0	21.9	41.44	1.14	16.94	9.0	0.0	3400.0	0.0	0.0
28660.0	21.89	41.44	1.14	16.92	9.0	0.0	3400.0	0.0	0.0
28721.0	21.83	41.4	1.13	16.75	9.0	0.0	3400.0	0.0	0.0
28780.0	21.77	41.38	1.13	16.63	9.0	0.0	3400.0	0.0	0.0
28840.0	21.79	41.39	1.13	16.45	9.0	0.0	3400.0	0.0	0.0
28906.0	21.85	41.36	1.13	16.28	9.0	0.0	3400.0	0.0	0.0
28960.0	21.77	41.35	1.13	16.45	9.0	0.0	3400.0	0.0	0.0
29021.0	21.77	41.39	1.13	16.67	9.0	0.0	3400.0	0.0	0.0
29080.0	21.78	41.37	1.13	16.74	9.0	0.0	3400.0	0.0	0.0
29140.0	21.76	41.37	1.13	16.85	9.0	0.0	3400.0	0.0	0.0
29195.0	21.8	41.35	1.13	16.82	9.0	0.0	3400.0	0.0	0.0
29255.0	21.81	41.37	1.13	16.79	9.0	0.0	3400.0	0.0	0.0
29309.0	21.77	41.35	1.13	16.76	9.0	0.0	3400.0	0.0	0.0
29370.0	21.81	41.36	1.13	16.69	9.0	0.0	3400.0	0.0	0.0
29429.0	21.89	41.38	1.13	16.68	9.0	0.0	3400.0	0.0	0.0
29485.0	21.87	41.38	1.13	16.66	9.0	0.0	3400.0	0.0	0.0
29544.0	21.79	41.38	1.13	16.56	9.0	0.0	3400.0	0.0	0.0
29599.0	21.86	41.37	1.13	16.6	9.0	0.0	3400.0	0.0	0.0
29665.0	21.91	41.35	1.13	16.59	9.0	0.0	3400.0	0.0	0.0
29724.0	21.9	41.36	1.13	16.4	9.0	0.0	3400.0	0.0	0.0
29785.0	21.92	41.34	1.13	16.3	9.0	0.0	3400.0	0.0	0.0
29844.0	21.87	41.34	1.13	16.23	9.0	0.0	3400.0	0.0	0.0
29899.0	21.81	41.34	1.13	16.25	9.0	0.0	3400.0	0.0	0.0
29959.0	21.78	41.33	1.13	16.17	9.0	0.0	3400.0	0.0	0.0
30024.0	21.81	41.31	1.13	16.13	9.0	0.0	3400.0	0.0	0.0
30080.0	21.84	41.35	1.13	16.15	9.0	0.0	3400.0	0.0	0.0
30139.0	21.86	41.34	1.13	16.03	9.0	0.0	3400.0	0.0	0.0
30199.0	21.88	41.37	1.13	16.26	9.0	0.0	3400.0	0.0	0.0
30254.0	21.93	41.34	1.13	16.5	9.0	0.0	3400.0	0.0	0.0
30314.0	21.95	41.3	1.13	16.71	9.0	0.0	3400.0	0.0	0.0
30373.0	21.97	41.28	1.13	16.79	9.0	0.0	3400.0	0.0	0.0
30434.0	21.99	41.24	1.13	16.7	9.0	0.0	3400.0	0.0	0.0
30488.0	21.99	41.34	1.13	16.43	9.0	0.0	3400.0	0.0	0.0
30548.0	21.85	41.44	1.13	16.39	9.0	0.0	3400.0	0.0	0.0
30608.0	21.87	41.47	1.13	16.26	9.0	0.0	3400.0	0.0	0.0
30668.0	21.83	41.48	1.14	16.37	9.0	0.0	3400.0	0.0	0.0
30729.0	21.84	41.43	1.14	16.47	9.0	0.0	3400.0	0.0	0.0
30783.0	21.85	41.37	1.14	16.47	9.0	0.0	3400.0	0.0	0.0
30849.0	21.8	41.4	1.13	16.43	9.0	0.0	3400.0	0.0	0.0
30903.0	21.77	41.37	1.13	16.49	9.0	0.0	3400.0	0.0	0.0
30963.0	21.84	41.35	1.13	16.53	9.0	0.0	3400.0	0.0	0.0
31023.0	21.85	41.39	1.13	16.69	9.0	0.0	3400.0	0.0	0.0
31077.0	21.8	41.37	1.13	16.77	9.0	0.0	3400.0	0.0	0.0
31142.0	21.9	41.35	1.13	16.82	9.0	0.0	3400.0	0.0	0.0
31198.0	21.84	41.38	1.13	16.56	9.0	0.0	3400.0	0.0	0.0
31257.0	21.84	41.38	1.13	16.4	9.0	0.0	3400.0	0.0	0.0
31318.0	21.86	41.4	1.13	16.28	9.0	0.0	3400.0	0.0	0.0
31378.0	21.76	41.35	1.13	16.27	9.0	0.0	3400.0	0.0	0.0
31437.0	21.83	41.34	1.13	16.24	9.0	0.0	3400.0	0.0	0.0
31492.0	21.81	41.36	1.13	16.25	9.0	0.0	3400.0	0.0	0.0
31552.0	21.84	41.37	1.13	16.28	9.0	0.0	3400.0	0.0	0.0
31618.0	21.76	41.37	1.13	16.3	9.0	0.0	3400.0	0.0	0.0
31672.0	21.77	41.37	1.13	16.36	9.0	0.0	3400.0	0.0	0.0
31732.0	21.76	41.39	1.13	16.46	9.0	0.0	3400.0	0.0	0.0
31793.0	21.73	41.38	1.13	16.47	9.0	0.0	3400.0	0.0	0.0
31847.0	21.73	41.36	1.13	16.46	9.0	0.0	3400.0	0.0	0.0
31906.0	21.78	41.37	1.13	16.34	9.0	0.0	3400.0	0.0	0.0
31962.0	21.76	41.39	1.13	16.12	9.0	0.0	3400.0	0.0	0.0
32027.0	21.78	41.36	1.13	15.92	9.0	0.0	3400.0	0.0	0.0
32081.0	21.8	41.35	1.13	15.89	9.0	0.0	3400.0	0.0	0.0
32152.0	21.8	41.35	1.13	15.99	9.0	0.0	3400.0	0.0	0.0
32206.0	21.88	41.33	1.13	16.15	9.0	0.0	3400.0	0.0	0.0
32272.0	22.02	41.35	1.13	16.18	9.0	0.0	3400.0	0.0	0.0
32327.0	21.91	41.39	1.13	16.28	9.0	0.0	3400.0	0.0	0.0
32387.0	21.95	41.43	1.13	16.2	9.0	0.0	3400.0	0.0	0.0
32452.0	22.0	41.36	1.13	16.16	9.0	0.0	3400.0	0.0	0.0
32513.0	21.95	41.28	1.13	16.14	9.0	0.0	3400.0	0.0	0.0
32572.0	21.88	41.29	1.13	16.11	9.0	0.0	3400.0	0.0	0.0
32626.0	21.82	41.24	1.13	16.07	9.0	0.0	3400.0	0.0	0.0
32687.0	21.79	41.28	1.13	16.19	9.0	0.0	3400.0	0.0	0.0
32747.0	21.78	41.34	1.13	16.22	9.0	0.0	3400.0	0.0	0.0
32806.0	21.78	41.26	1.13	16.27	9.0	0.0	3400.0	0.0	0.0
32867.0	21.75	41.27	1.13	16.22	9.0	0.0	3400.0	0.0	0.0
32927.0	21.86	41.29	1.13	16.06	9.0	0.0	3400.0	0.0	0.0
32982.0	21.93	41.28	1.13	16.0	9.0	0.0	3400.0	0.0	0.0
33047.0	21.85	41.31	1.13	16.03	9.0	0.0	3400.0	0.0	0.0
33101.0	21.79	41.28	1.13	16.02	9.0	0.0	3400.0	0.0	0.0
33162.0	21.78	41.26	1.13	16.18	9.0	0.0	3400.0	0.0	0.0
33221.0	21.83	41.27	1.13	16.17	9.0	0.0	3400.0	0.0	0.0
33276.0	21.86	41.27	1.13	16.16	9.0	0.0	3400.0	0.0	0.0
33336.0	21.87	41.28	1.13	16.12	9.0	0.0	3400.0	0.0	0.0
33396.0	21.82	41.23	1.13	16.12	9.0	0.0	3400.0	0.0	0.0
33456.0	21.93	41.28	1.13	16.07	9.0	0.0	3400.0	0.0	0.0
33511.0	21.94	41.3	1.13	16.05	9.0	0.0	3400.0	0.0	0.0
33570.0	21.94	41.35	1.13	16.04	9.0	0.0	3400.0	0.0	0.0
33631.0	21.95	41.37	1.13	16.07	9.0	0.0	3400.0	0.0	0.0
33690.0	22.04	41.38	1.13	16.16	9.0	0.0	3400.0	0.0	0.0
33751.0	21.98	41.3	1.13	16.21	9.0	0.0	3400.0	0.0	0.0
33805.0	21.97	41.24	1.13	16.26	9.0	0.0	3400.0	0.0	0.0
33865.0	21.94	41.24	1.13	16.27	9.0	0.0	3400.0	0.0	0.0
33920.0	21.97	41.22	1.13	16.23	9.0	0.0	3400.0	0.0	0.0
33980.0	22.01	41.18	1.13	16.16	9.0	0.0	3400.0	0.0	0.0
34039.0	21.93	41.19	1.13	16.13	9.0	0.0	3400.0	0.0	0.0
34100.0	21.97	41.21	1.13	16.1	9.0	0.0	3400.0	0.0	0.0
34160.0	21.9	41.2	1.13	16.24	9.0	0.0	3400.0	0.0	0.0
34220.0	21.87	41.24	1.14	16.14	9.0	0.0	3400.0	0.0	0.0
34280.0	21.9	41.33	1.14	16.19	9.0	0.0	3400.0	0.0	0.0
34340.0	21.92	41.37	1.14	16.22	9.0	0.0	3400.0	0.0	0.0
34395.0	21.84	41.3	1.13	16.32	9.0	0.0	3400.0	0.0	0.0
34460.0	21.84	41.27	1.13	16.3	9.0	0.0	3400.0	0.0	0.0
34520.0	21.87	41.26	1.13	16.24	9.0	0.0	3400.0	0.0	0.0
34575.0	21.84	41.2	1.13	16.33	9.0	0.0	3400.0	0.0	0.0
34640.0	21.9	41.21	1.13	16.07	9.0	0.0	3400.0	0.0	0.0
34700.0	21.88	41.23	1.13	16.01	9.0	0.0	3400.0	0.0	0.0
34760.0	21.85	41.2	1.13	15.96	9.0	0.0	3400.0	0.0	0.0
34820.0	21.92	41.2	1.13	15.86	9.0	0.0	3400.0	0.0	0.0
34880.0	21.91	41.25	1.13	15.87	9.0	0.0	3400.0	0.0	0.0
34934.0	21.98	41.3	1.13	15.85	9.0	0.0	3400.0	0.0	0.0
34995.0	21.96	41.37	1.13	15.83	9.0	0.0	3400.0	0.0	0.0
35049.0	21.91	41.3	1.13	15.85	9.0	0.0	3400.0	0.0	0.0
35103.0	21.88	41.32	1.13	15.77	9.0	0.0	3400.0	0.0	0.0
35164.0	21.94	41.36	1.13	15.55	9.0	0.0	3400.0	0.0	0.0
35224.0	21.96	41.36	1.13	15.43	9.0	0.0	3400.0	0.0	0.0
35278.0	21.88	41.35	1.13	15.5	9.0	0.0	3400.0	0.0	0.0
35338.0	21.91	41.35	1.13	15.42	9.0	0.0	3400.0	0.0	0.0
35398.0	21.88	41.33	1.13	15.56	9.0	0.0	3400.0	0.0	0.0
35459.0	21.99	41.27	1.13	15.62	9.0	0.0	3400.0	0.0	0.0
35518.0	21.89	41.24	1.13	15.6	9.0	0.0	3400.0	0.0	0.0
35573.0	21.84	41.2	1.13	15.64	9.0	0.0	3400.0	0.0	0.0
35633.0	21.82	41.18	1.13	15.59	9.0	0.0	3400.0	0.0	0.0
35693.0	21.87	41.17	1.13	15.53	9.0	0.0	3400.0	0.0	0.0
35752.0	21.98	41.17	1.13	15.51	9.0	0.0	3400.0	0.0	0.0
35813.0	21.9	41.18	1.13	15.5	9.0	0.0	3400.0	0.0	0.0
35867.0	21.96	41.16	1.13	15.45	9.0	0.0	3400.0	0.0	0.0
35933.0	21.98	41.17	1.13	15.42	9.0	0.0	3400.0	0.0	0.0
35987.0	21.85	41.21	1.13	15.43	9.0	0.0	3400.0	0.0	0.0
36047.0	21.86	41.2	1.13	15.45	9.0	0.0	3400.0	0.0	0.0
36108.0	21.8	41.15	1.14	15.66	9.0	0.0	3400.0	0.0	0.0
36167.0	21.83	41.15	1.13	15.89	9.0	0.0	3400.0	0.0	0.0
36222.0	21.77	41.15	1.13	15.94	9.0	0.0	3400.0	0.0	0.0
36282.0	21.87	41.17	1.13	15.89	9.0	0.0	3400.0	0.0	0.0
36342.0	21.87	41.23	1.13	15.79	9.0	0.0	3400.0	0.0	0.0
36397.0	21.87	41.26	1.13	15.76	9.0	0.0	3400.0	0.0	0.0
36462.0	21.92	41.25	1.13	15.8	9.0	0.0	3400.0	0.0	0.0
36511.0	22.01	41.28	1.13	15.82	9.0	0.0	3400.0	0.0	0.0
36571.0	22.1	41.29	1.13	15.72	9.0	0.0	3400.0	0.0	0.0
36631.0	21.94	41.28	1.13	15.71	9.0	0.0	3400.0	0.0	0.0
36691.0	22.0	41.32	1.13	15.64	9.0	0.0	3400.0	0.0	0.0
36746.0	22.06	41.35	1.13	15.67	9.0	0.0	3400.0	0.0	0.0
36806.0	22.08	41.36	1.13	15.67	9.0	0.0	3400.0	0.0	0.0
36866.0	22.09	41.32	1.13	15.84	9.0	0.0	3400.0	0.0	0.0
36926.0	22.01	41.32	1.13	15.97	9.0	0.0	3400.0	0.0	0.0
36985.0	21.98	41.31	1.13	16.04	9.0	0.0	3400.0	0.0	0.0
37046.0	22.07	41.29	1.13	16.05	9.0	0.0	3400.0	0.0	0.0
37100.0	22.04	41.28	1.13	15.74	9.0	0.0	3400.0	0.0	0.0
37166.0	22.03	41.26	1.13	15.53	9.0	0.0	3400.0	0.0	0.0
37220.0	21.97	41.27	1.13	15.45	9.0	0.0	3400.0	0.0	0.0
37280.0	21.83	41.28	1.13	15.36	9.0	0.0	3400.0	0.0	0.0
37341.0	21.84	41.33	1.13	15.66	4.0	0.0	3400.0	0.0	0.0
37395.0	21.42	41.04	1.13	16.21	2.0	0.0	3400.0	0.0	0.0
37455.0	21.47	40.89	1.13	16.25	4.0	0.0	3400.0	0.0	0.0
37510.0	21.35	40.87	1.13	16.43	6.0	0.0	3400.0	0.0	0.0
37575.0	21.35	40.76	1.13	16.12	5.0	0.0	3400.0	0.0	0.0
37635.0	21.66	40.94	1.13	15.8	5.0	0.0	3400.0	0.0	0.0
37690.0	21.55	41.01	1.13	15.84	6.0	0.0	3400.0	0.0	0.0
37749.0	21.6	41.15	1.13	15.8	7.0	0.0	3400.0	0.0	0.0
37805.0	21.68	41.18	1.13	15.91	7.0	0.0	3400.0	0.0	0.0
37864.0	21.71	41.16	1.13	15.84	8.0	0.0	3400.0	0.0	0.0
37919.0	21.78	41.22	1.13	15.92	9.0	0.0	3400.0	0.0	0.0
37984.0	21.57	41.06	1.13	16.02	9.0	0.0	3400.0	0.0	0.0
38039.0	21.56	41.13	1.13	15.9	9.0	0.0	3400.0	0.0	0.0
38105.0	21.55	40.92	1.14	15.68	9.0	0.0	3400.0	0.0	0.0
38159.0	21.6	41.0	1.13	15.49	9.0	0.0	3400.0	0.0	0.0
38218.0	21.65	41.01	1.13	15.41	9.0	0.0	3400.0	0.0	0.0
38279.0	21.84	41.04	1.13	15.46	9.0	0.0	3400.0	0.0	0.0
38333.0	21.74	40.95	1.13	15.74	9.0	0.0	3400.0	0.0	0.0
38393.0	21.78	41.01	1.13	15.98	9.0	0.0	3400.0	0.0	0.0
38453.0	21.73	41.04	1.13	16.07	9.0	0.0	3400.0	0.0	0.0
38513.0	21.62	41.08	1.13	16.11	9.0	0.0	3400.0	0.0	0.0
38567.0	21.77	41.1	1.13	16.01	8.0	0.0	3400.0	0.0	0.0
38628.0	21.77	41.16	1.13	16.02	6.0	0.0	3400.0	0.0	0.0
38687.0	21.82	41.16	1.13	15.97	7.0	0.0	3400.0	0.0	0.0
38748.0	21.75	41.21	1.13	16.06	8.0	0.0	3400.0	0.0	0.0
38808.0	21.71	41.18	1.13	15.96	8.0	0.0	3400.0	0.0	0.0
38862.0	21.82	41.16	1.13	15.94	8.0	0.0	3400.0	0.0	0.0
38923.0	21.72	41.06	1.13	15.88	8.0	0.0	3400.0	0.0	0.0
38977.0	21.76	41.0	1.13	15.82	9.0	0.0	3400.0	0.0	0.0
39036.0	21.79	41.07	1.13	15.93	9.0	0.0	3400.0	0.0	0.0
39092.0	21.8	41.05	1.13	16.15	9.0	0.0	3400.0	0.0	0.0
39151.0	21.73	41.05	1.13	16.33	7.0	0.0	3400.0	0.0	0.0
39205.0	21.53	41.09	1.13	16.66	0.0	0.0	3400.0	0.0	0.0
39266.0	21.57	40.93	1.13	16.56	0.0	0.0	3400.0	0.0	0.0
39320.0	21.71	41.08	1.13	16.13	0.0	0.0	3400.0	0.0	0.0
39386.0	21.74	41.13	1.13	15.81	0.0	0.0	3400.0	0.0	0.0
39440.0	21.89	41.29	1.13	15.69	0.0	0.0	3400.0	0.0	0.0
39499.0	22.0	41.26	1.13	15.53	0.0	0.0	3400.0	0.0	0.0
39554.0	22.03	41.24	1.13	15.59	0.0	0.0	3400.0	0.0	0.0
39614.0	21.99	41.26	1.13	15.73	2.0	0.0	3400.0	0.0	0.0
39674.0	21.54	40.93	1.14	15.99	5.0	0.0	3400.0	0.0	0.0
39734.0	21.34	40.78	1.14	16.02	6.0	0.0	3400.0	0.0	0.0
39788.0	21.52	40.88	1.13	15.96	7.0	0.0	3400.0	0.0	0.0
39848.0	21.64	40.96	1.13	15.94	4.0	0.0	3400.0	0.0	0.0
39908.0	21.22	40.75	1.13	16.33	0.0	0.0	3400.0	0.0	0.0
39968.0	21.36	40.83	1.13	16.39	4.0	0.0	3400.0	0.0	0.0
40029.0	21.3	40.84	1.13	16.31	6.0	0.0	3400.0	0.0	0.0
40088.0	21.26	40.68	1.13	16.17	7.0	0.0	3400.0	0.0	0.0
40148.0	21.29	40.77	1.13	15.95	8.0	0.0	3400.0	0.0	0.0
40208.0	21.58	40.9	1.13	15.79	8.0	0.0	3400.0	0.0	0.0
40263.0	21.5	40.91	1.13	15.91	0.0	0.0	3400.0	0.0	0.0
40323.0	21.41	40.89	1.13	15.97	2.0	0.0	3400.0	0.0	0.0
40382.0	21.59	41.0	1.13	15.74	0.0	0.0	3400.0	0.0	0.0
40442.0	21.72	41.11	1.13	15.59	0.0	0.0	3400.0	0.0	0.0
40497.0	21.62	40.88	1.13	15.67	3.0	0.0	3400.0	0.0	0.0
40557.0	21.61	40.77	1.13	15.86	6.0	0.0	3400.0	0.0	0.0
40611.0	21.67	40.91	1.13	16.02	6.0	0.0	3400.0	0.0	0.0
40671.0	21.83	41.0	1.13	15.98	7.0	0.0	3400.0	0.0	0.0
40726.0	21.76	41.03	1.13	15.92	8.0	0.0	3400.0	0.0	0.0
40785.0	21.61	40.89	1.13	15.69	9.0	0.0	3400.0	0.0	0.0
40846.0	21.69	41.0	1.14	15.68	9.0	0.0	3400.0	0.0	0.0
40900.0	21.73	41.09	1.14	15.62	9.0	0.0	3400.0	0.0	0.0
40961.0	21.72	41.14	1.14	15.55	9.0	0.0	3400.0	0.0	0.0
41020.0	21.81	41.1	1.14	15.82	9.0	0.0	3400.0	0.0	0.0
41080.0	21.77	41.1	1.13	15.92	2.0	0.0	3400.0	0.0	0.0
41140.0	21.51	40.76	1.14	16.45	1.0	0.0	3400.0	0.0	0.0
41195.0	21.72	40.97	1.13	16.55	4.0	0.0	3400.0	0.0	0.0
41254.0	21.58	41.05	1.12	16.59	6.0	0.0	3400.0	0.0	0.0
41309.0	21.6	41.06	1.12	16.43	7.0	0.0	3400.0	0.0	0.0
41369.0	21.59	41.1	1.12	16.22	8.0	0.0	3400.0	0.0	0.0
41430.0	21.73	41.01	1.13	15.97	9.0	0.0	3400.0	0.0	0.0
41489.0	21.86	41.19	1.13	16.0	4.0	0.0	3400.0	0.0	0.0
41543.0	21.61	41.1	1.12	16.43	0.0	0.0	3400.0	0.0	0.0
41604.0	21.56	40.93	1.13	16.47	0.0	0.0	3400.0	0.0	0.0
41658.0	21.66	40.98	1.13	16.28	0.0	0.0	3400.0	0.0	0.0
41717.0	21.78	40.99	1.13	16.14	0.0	0.0	3400.0	0.0	0.0
41778.0	21.66	40.95	1.13	16.03	4.0	0.0	3400.0	0.0	0.0
41837.0	21.62	40.98	1.13	16.04	6.0	0.0	3400.0	0.0	0.0
41892.0	21.51	40.98	1.13	15.89	7.0	0.0	3400.0	0.0	0.0
41957.0	21.73	41.03	1.13	15.68	8.0	0.0	3400.0	0.0	0.0
42012.0	21.83	40.99	1.13	15.61	9.0	0.0	3400.0	0.0	0.0
42072.0	21.77	41.01	1.13	15.58	9.0	0.0	3400.0	0.0	0.0
42126.0	21.8	41.02	1.13	15.68	9.0	0.0	3400.0	0.0	0.0
42186.0	21.93	41.01	1.13	15.72	9.0	0.0	3400.0	0.0	0.0
42241.0	21.95	40.99	1.13	15.87	9.0	0.0	3400.0	0.0	0.0
42301.0	21.91	40.97	1.13	16.01	9.0	0.0	3400.0	0.0	0.0
42360.0	21.89	40.98	1.13	16.2	9.0	0.0	3400.0	0.0	0.0
42421.0	21.78	40.96	1.13	16.28	9.0	0.0	3400.0	0.0	0.0
42481.0	21.64	41.0	1.13	16.17	9.0	0.0	3400.0	0.0	0.0
42535.0	21.7	41.06	1.13	16.0	9.0	0.0	3400.0	0.0	0.0
42595.0	21.74	41.01	1.13	15.83	9.0	0.0	3400.0	0.0	0.0
42660.0	21.73	40.99	1.13	15.73	9.0	0.0	3400.0	0.0	0.0
42716.0	21.76	41.06	1.13	15.87	4.0	0.0	3400.0	0.0	0.0
42775.0	21.62	40.86	1.13	16.12	0.0	0.0	3400.0	0.0	0.0
42829.0	21.81	41.05	1.13	15.94	0.0	0.0	3400.0	0.0	0.0
42895.0	21.83	41.08	1.12	15.8	0.0	0.0	3400.0	0.0	0.0
42949.0	21.9	41.04	1.13	15.72	0.0	0.0	3400.0	0.0	0.0
43009.0	21.93	41.06	1.13	15.62	0.0	0.0	3400.0	0.0	0.0
43069.0	21.81	41.15	1.13	15.72	0.0	0.0	3400.0	0.0	0.0
43128.0	21.88	41.2	1.13	15.83	0.0	0.0	3400.0	0.0	0.0
43188.0	21.93	41.18	1.13	15.75	0.0	0.0	3400.0	0.0	0.0
43243.0	22.01	41.36	1.13	15.84	0.0	0.0	3400.0	0.0	0.0
43302.0	21.98	41.25	1.13	15.75	0.0	0.0	3400.0	0.0	0.0
43362.0	21.94	41.2	1.13	15.72	0.0	0.0	3400.0	0.0	0.0
43422.0	22.09	41.22	1.13	15.68	0.0	0.0	3400.0	0.0	0.0
43476.0	21.98	41.14	1.13	15.74	0.0	0.0	3400.0	0.0	0.0
43536.0	22.01	41.1	1.13	15.77	0.0	0.0	3400.0	0.0	0.0
43590.0	21.99	41.06	1.13	15.83	0.0	0.0	3400.0	0.0	0.0
43651.0	21.87	41.09	1.13	15.99	2.0	0.0	3400.0	0.0	0.0
43710.0	21.76	41.09	1.13	16.21	4.0	0.0	3400.0	0.0	0.0
43770.0	21.66	41.0	1.13	16.14	6.0	0.0	3400.0	0.0	0.0
43825.0	21.81	41.0	1.13	16.09	7.0	0.0	3400.0	0.0	0.0
43885.0	21.87	41.04	1.13	15.95	8.0	0.0	3400.0	0.0	0.0
43951.0	21.92	41.13	1.13	15.89	9.0	0.0	3400.0	0.0	0.0
44005.0	21.89	41.05	1.13	15.9	9.0	0.0	3400.0	0.0	0.0
44064.0	21.86	41.02	1.14	15.83	9.0	0.0	3400.0	0.0	0.0
44120.0	21.9	41.08	1.14	15.8	9.0	0.0	3400.0	0.0	0.0
44185.0	21.85	40.96	1.14	15.73	9.0	0.0	3400.0	0.0	0.0
44239.0	21.93	41.04	1.13	15.75	9.0	0.0	3400.0	0.0	0.0
44299.0	21.94	41.05	1.13	15.71	9.0	0.0	3400.0	0.0	0.0
44359.0	21.83	41.07	1.13	15.65	4.0	0.0	3400.0	0.0	0.0
44413.0	21.63	41.06	1.13	16.14	0.0	0.0	3400.0	0.0	0.0
44474.0	21.69	40.97	1.13	16.16	0.0	0.0	3400.0	0.0	0.0
44528.0	21.53	41.19	1.12	16.32	4.0	0.0	3400.0	0.0	0.0
44594.0	21.44	40.98	1.12	16.43	6.0	0.0	3400.0	0.0	0.0
44648.0	21.64	40.98	1.12	16.37	7.0	0.0	3400.0	0.0	0.0
44708.0	21.86	41.2	1.12	16.13	8.0	0.0	3400.0	0.0	0.0
44768.0	22.02	41.34	1.12	15.96	9.0	0.0	3400.0	0.0	0.0
44823.0	21.98	41.17	1.12	15.86	9.0	0.0	3400.0	0.0	0.0
44882.0	22.06	41.09	1.13	15.85	9.0	0.0	3400.0	0.0	0.0
44943.0	22.12	41.23	1.13	15.95	9.0	0.0	3400.0	0.0	0.0
45002.0	22.06	41.16	1.13	15.86	9.0	0.0	3400.0	0.0	0.0
45057.0	22.02	41.08	1.14	15.79	9.0	0.0	3400.0	0.0	0.0
45122.0	21.96	41.11	1.13	15.85	9.0	0.0	3400.0	0.0	0.0
45177.0	21.94	41.11	1.13	15.7	9.0	0.0	3400.0	0.0	0.0
45237.0	21.92	41.08	1.13	15.7	9.0	0.0	3400.0	0.0	0.0
45302.0	22.04	41.06	1.13	15.68	9.0	0.0	3400.0	0.0	0.0
45357.0	21.99	41.02	1.13	15.62	9.0	0.0	3400.0	0.0	0.0
45417.0	21.95	41.01	1.13	15.7	9.0	0.0	3400.0	0.0	0.0
45476.0	21.88	41.03	1.13	15.82	9.0	0.0	3400.0	0.0	0.0
45532.0	21.83	41.01	1.13	15.89	9.0	0.0	3400.0	0.0	0.0
45591.0	21.86	41.04	1.13	16.01	9.0	0.0	3400.0	0.0	0.0
45657.0	21.89	41.04	1.13	15.92	9.0	0.0	3400.0	0.0	0.0
45711.0	21.88	41.04	1.13	15.83	9.0	0.0	3400.0	0.0	0.0
45771.0	21.8	41.04	1.13	15.84	4.0	0.0	3400.0	0.0	0.0
45826.0	21.59	40.85	1.13	16.18	0.0	0.0	3400.0	0.0	0.0
45891.0	21.69	40.91	1.13	16.04	0.0	0.0	3400.0	0.0	0.0
45945.0	21.63	40.88	1.13	15.97	0.0	0.0	3400.0	0.0	0.0
46005.0	21.88	41.06	1.13	15.92	0.0	0.0	3400.0	0.0	0.0
46065.0	22.0	41.24	1.13	15.81	0.0	0.0	3400.0	0.0	0.0
46125.0	21.98	41.24	1.13	15.82	2.0	0.0	3400.0	0.0	0.0
46179.0	21.92	41.2	1.12	16.01	5.0	0.0	3400.0	0.0	0.0
46239.0	21.82	41.28	1.13	16.09	6.0	0.0	3400.0	0.0	0.0
46300.0	21.85	41.32	1.12	16.11	8.0	0.0	3400.0	0.0	0.0
46354.0	21.84	41.19	1.13	16.01	8.0	0.0	3400.0	0.0	0.0
46419.0	21.93	41.37	1.13	15.92	9.0	0.0	3400.0	0.0	0.0
46474.0	21.98	41.43	1.13	15.85	9.0	0.0	3400.0	0.0	0.0
46534.0	22.07	41.41	1.13	15.84	9.0	0.0	3400.0	0.0	0.0
46588.0	22.14	41.41	1.13	15.82	9.0	0.0	3400.0	0.0	0.0
46654.0	22.1	41.33	1.13	15.91	9.0	0.0	3400.0	0.0	0.0
46708.0	21.99	41.3	1.13	15.96	9.0	0.0	3400.0	0.0	0.0
46769.0	21.83	41.24	1.12	16.18	0.0	0.0	3400.0	0.0	0.0
46823.0	21.56	40.86	1.12	16.36	0.0	0.0	3400.0	0.0	0.0
46882.0	21.73	40.93	1.13	16.17	0.0	0.0	3400.0	0.0	0.0
46937.0	21.72	40.91	1.13	16.03	0.0	0.0	3400.0	0.0	0.0
46997.0	21.84	41.03	1.13	15.85	0.0	0.0	3400.0	0.0	0.0
47056.0	21.9	41.03	1.13	15.72	0.0	0.0	3400.0	0.0	0.0
47116.0	21.97	41.12	1.13	15.67	0.0	0.0	3400.0	0.0	0.0
47176.0	21.73	40.93	1.13	15.53	0.0	0.0	3400.0	0.0	0.0
47236.0	21.8	40.97	1.13	15.45	0.0	0.0	3400.0	0.0	0.0
47296.0	21.92	41.04	1.13	15.38	0.0	0.0	3400.0	0.0	0.0
47355.0	21.97	41.05	1.13	15.41	0.0	0.0	3400.0	0.0	0.0
47415.0	21.97	41.05	1.13	15.79	0.0	0.0	3400.0	0.0	0.0
47480.0	21.88	41.05	1.13	15.91	0.0	0.0	3400.0	0.0	0.0
47540.0	21.87	41.11	1.13	16.0	0.0	0.0	3400.0	0.0	0.0
47600.0	21.85	41.21	1.13	16.08	0.0	0.0	3400.0	0.0	0.0
47660.0	21.79	41.18	1.13	15.83	0.0	0.0	3400.0	0.0	0.0
47714.0	21.83	41.24	1.13	15.71	0.0	0.0	3400.0	0.0	0.0
47779.0	21.91	41.14	1.13	15.61	0.0	0.0	3400.0	0.0	0.0
47839.0	21.89	41.09	1.13	15.57	0.0	0.0	3400.0	0.0	0.0
47893.0	22.0	41.07	1.13	15.63	0.0	0.0	3400.0	0.0	0.0
47953.0	21.89	41.04	1.13	15.82	2.0	0.0	3400.0	0.0	0.0
48013.0	21.65	40.86	1.13	15.95	5.0	0.0	3400.0	0.0	0.0
48073.0	21.45	40.71	1.13	16.06	6.0	0.0	3400.0	0.0	0.0
48128.0	21.51	40.6	1.13	15.98	2.0	0.0	3400.0	0.0	0.0
48188.0	21.39	40.63	1.13	16.25	0.0	0.0	3400.0	0.0	0.0
48242.0	21.48	40.7	1.14	16.11	0.0	0.0	3400.0	0.0	0.0
48308.0	21.44	40.72	1.13	15.83	0.0	0.0	3400.0	0.0	0.0
48362.0	21.58	40.73	1.13	15.76	0.0	0.0	3400.0	0.0	0.0
48421.0	21.73	41.01	1.13	15.69	0.0	0.0	3400.0	0.0	0.0
48476.0	21.71	41.0	1.13	15.61	0.0	0.0	3400.0	0.0	0.0
48535.0	21.76	40.99	1.13	15.55	0.0	0.0	3400.0	0.0	0.0
48589.0	21.86	41.03	1.13	15.52	0.0	0.0	3400.0	0.0	0.0
48655.0	21.95	41.07	1.13	15.85	0.0	0.0	3400.0	0.0	0.0
48709.0	22.0	41.09	1.13	15.98	0.0	0.0	3400.0	0.0	0.0
48775.0	22.09	41.17	1.13	16.12	0.0	0.0	3400.0	0.0	0.0
48829.0	21.99	41.13	1.13	16.15	0.0	0.0	3400.0	0.0	0.0
48888.0	21.97	41.2	1.13	16.14	0.0	0.0	3400.0	0.0	0.0
48944.0	21.9	41.11	1.13	16.18	0.0	0.0	3400.0	0.0	0.0
49003.0	22.0	41.12	1.13	16.09	0.0	0.0	3400.0	0.0	0.0
49062.0	22.05	41.06	1.13	16.11	0.0	0.0	3400.0	0.0	0.0
49123.0	22.02	41.03	1.13	15.9	0.0	0.0	3400.0	0.0	0.0
49177.0	21.92	40.98	1.13	15.76	0.0	0.0	3400.0	0.0	0.0
49236.0	21.75	40.93	1.13	15.62	0.0	0.0	3400.0	0.0	0.0
49291.0	21.71	41.0	1.13	15.58	0.0	0.0	3400.0	0.0	0.0
49351.0	21.88	41.21	1.14	15.55	0.0	0.0	3400.0	0.0	0.0
49405.0	21.81	41.24	1.13	15.57	0.0	0.0	3400.0	0.0	0.0
49465.0	21.85	41.17	1.13	15.64	0.0	0.0	3400.0	0.0	0.0
49519.0	21.95	41.1	1.13	15.52	0.0	0.0	3400.0	0.0	0.0
49585.0	21.96	41.05	1.13	15.68	0.0	0.0	3400.0	0.0	0.0
49639.0	21.94	41.07	1.13	15.66	0.0	0.0	3400.0	0.0	0.0
49698.0	21.88	41.04	1.13	15.65	0.0	0.0	3400.0	0.0	0.0
49753.0	21.79	40.98	1.13	15.68	0.0	0.0	3400.0	0.0	0.0
49808.0	21.56	40.94	1.13	15.74	0.0	0.0	3400.0	0.0	0.0
49867.0	21.88	41.11	1.13	15.73	0.0	0.0	3400.0	0.0	0.0
49927.0	21.88	41.15	1.13	15.76	0.0	0.0	3400.0	0.0	0.0
49987.0	21.78	41.04	1.13	15.66	0.0	0.0	3400.0	0.0	0.0
50041.0	21.8	41.03	1.13	15.73	0.0	0.0	3400.0	0.0	0.0
50101.0	21.84	41.04	1.13	15.8	0.0	0.0	3400.0	0.0	0.0
50155.0	21.85	41.05	1.13	15.88	0.0	0.0	3400.0	0.0	0.0
50215.0	21.88	41.09	1.13	15.85	0.0	0.0	3400.0	0.0	0.0
50270.0	21.9	41.22	1.13	15.84	0.0	0.0	3400.0	0.0	0.0
50329.0	21.94	41.13	1.13	15.75	0.0	0.0	3400.0	0.0	0.0
50388.0	21.92	41.18	1.13	15.58	0.0	0.0	3400.0	0.0	0.0
50444.0	21.9	41.1	1.13	15.51	0.0	0.0	3400.0	0.0	0.0
50503.0	21.92	41.01	1.13	15.51	0.0	0.0	3400.0	0.0	0.0
50563.0	21.92	41.05	1.13	15.48	0.0	0.0	3400.0	0.0	0.0
50617.0	21.84	41.0	1.13	15.53	0.0	0.0	3400.0	0.0	0.0
50677.0	21.91	40.97	1.13	15.52	0.0	0.0	3400.0	0.0	0.0
50737.0	21.84	40.92	1.13	15.62	0.0	0.0	3400.0	0.0	0.0
50796.0	22.08	41.16	1.13	15.77	0.0	0.0	3400.0	0.0	0.0
50851.0	22.07	41.24	1.13	15.97	0.0	0.0	3400.0	0.0	0.0
50916.0	22.05	41.15	1.13	16.0	0.0	0.0	3400.0	0.0	0.0
50970.0	21.94	41.08	1.13	16.07	0.0	0.0	3400.0	0.0	0.0
51031.0	21.78	41.07	1.13	16.03	0.0	0.0	3400.0	0.0	0.0
51085.0	21.86	41.05	1.13	16.19	0.0	0.0	3400.0	0.0	0.0
51144.0	21.8	41.09	1.13	16.26	0.0	0.0	3400.0	0.0	0.0
51205.0	21.78	41.14	1.13	16.33	0.0	0.0	3400.0	0.0	0.0
51264.0	21.77	41.19	1.13	16.32	0.0	0.0	3400.0	0.0	0.0
51318.0	21.81	40.99	1.13	16.26	0.0	0.0	3400.0	0.0	0.0
51379.0	21.96	41.07	1.13	16.15	0.0	0.0	3400.0	0.0	0.0
51438.0	21.95	41.06	1.13	16.08	0.0	0.0	3400.0	0.0	0.0
51497.0	21.91	41.02	1.13	16.06	0.0	0.0	3400.0	0.0	0.0
51552.0	21.86	41.01	1.13	16.06	0.0	0.0	3400.0	0.0	0.0
51612.0	21.85	40.96	1.13	16.09	0.0	0.0	3400.0	0.0	0.0
51660.0	21.83	41.05	1.13	16.14	0.0	0.0	3400.0	0.0	0.0
51721.0	21.88	41.17	1.13	16.07	0.0	0.0	3400.0	0.0	0.0
51775.0	21.84	41.18	1.13	16.15	0.0	0.0	3400.0	0.0	0.0
51841.0	21.92	41.29	1.13	16.11	0.0	0.0	3400.0	0.0	0.0
51895.0	21.84	41.25	1.13	16.2	0.0	0.0	3400.0	0.0	0.0
51954.0	21.91	41.16	1.13	16.16	0.0	0.0	3400.0	0.0	0.0
52015.0	21.96	41.06	1.13	16.18	0.0	0.0	3400.0	0.0	0.0
52074.0	22.03	41.04	1.13	15.98	0.0	0.0	3400.0	0.0	0.0
52128.0	21.99	41.01	1.13	15.83	0.0	0.0	3400.0	0.0	0.0
52194.0	21.93	40.9	1.13	15.7	0.0	0.0	3400.0	0.0	0.0
52253.0	21.87	40.9	1.14	15.61	0.0	0.0	3400.0	0.0	0.0
52314.0	21.84	40.86	1.13	15.72	0.0	0.0	3400.0	0.0	0.0
52378.0	21.98	41.06	1.14	15.86	0.0	0.0	3400.0	0.0	0.0
52444.0	22.01	41.11	1.13	15.86	0.0	0.0	3400.0	0.0	0.0
52503.0	21.92	41.07	1.13	15.95	0.0	0.0	3400.0	0.0	0.0
52569.0	21.87	41.01	1.13	15.82	0.0	0.0	3400.0	0.0	0.0
52628.0	21.82	40.95	1.13	15.76	0.0	0.0	3400.0	0.0	0.0
52694.0	21.72	41.06	1.13	15.7	0.0	0.0	3400.0	0.0	0.0
52759.0	21.72	40.99	1.13	15.64	0.0	0.0	3400.0	0.0	0.0
52818.0	21.92	41.14	1.14	15.64	0.0	0.0	3400.0	0.0	0.0
52884.0	21.97	41.15	1.13	15.68	0.0	0.0	3400.0	0.0	0.0
52943.0	21.91	41.07	1.13	15.62	0.0	0.0	3400.0	0.0	0.0
53004.0	21.84	41.06	1.13	15.62	0.0	0.0	3400.0	0.0	0.0
53068.0	21.84	41.0	1.13	15.69	0.0	0.0	3400.0	0.0	0.0
53123.0	21.78	40.97	1.13	15.71	0.0	0.0	3400.0	0.0	0.0
53188.0	21.78	40.9	1.13	15.77	0.0	0.0	3400.0	0.0	0.0
53242.0	21.81	40.81	1.13	15.87	0.0	0.0	3400.0	0.0	0.0
53302.0	21.87	41.06	1.13	16.05	0.0	0.0	3400.0	0.0	0.0
53362.0	21.95	41.02	1.13	16.17	0.0	0.0	3400.0	0.0	0.0
53422.0	21.93	40.99	1.13	16.18	0.0	0.0	3400.0	0.0	0.0
53487.0	21.89	40.96	1.13	16.1	0.0	0.0	3400.0	0.0	0.0
53553.0	21.9	40.94	1.13	16.15	0.0	0.0	3400.0	0.0	0.0
53612.0	21.78	40.89	1.13	16.12	0.0	0.0	3400.0	0.0	0.0
53678.0	21.73	40.86	1.14	16.12	0.0	0.0	3400.0	0.0	0.0
53737.0	21.88	41.1	1.14	16.16	0.0	0.0	3400.0	0.0	0.0
53803.0	21.78	41.15	1.13	16.12	0.0	0.0	3400.0	0.0	0.0
53868.0	21.87	41.06	1.13	16.08	0.0	0.0	3400.0	0.0	0.0
53933.0	21.98	41.01	1.13	16.04	0.0	0.0	3400.0	0.0	0.0
53993.0	21.85	40.99	1.13	16.0	0.0	0.0	3400.0	0.0	0.0
54052.0	21.84	40.95	1.13	16.05	0.0	0.0	3400.0	0.0	0.0

================================Data log ends here================================