Log created on 1-5-2018__19.9.9
tes11

Time	MAT	CHT	MAP	AFR	TPS	RPM	CCM	Cons	State
41352.0	21.14	23.73	1.13	20.0	12.0	0.0	3600.0	0.0	0.0
41407.0	21.12	23.79	1.13	20.0	12.0	0.0	3600.0	0.0	0.0
41467.0	21.31	23.95	1.13	20.0	12.0	0.0	3600.0	0.0	0.0
41533.0	20.98	23.72	1.13	20.0	12.0	0.0	3600.0	0.0	0.0
41588.0	21.04	23.72	1.13	20.0	12.0	0.0	3600.0	0.0	0.0
41660.0	21.15	23.79	1.13	20.0	12.0	0.0	3600.0	0.0	0.0
41725.0	20.97	23.7	1.14	20.0	12.0	0.0	3600.0	0.0	0.0
41786.0	20.88	23.66	1.13	20.0	12.0	0.0	3600.0	0.0	0.0
41841.0	20.89	23.58	1.13	20.0	12.0	0.0	3600.0	0.0	0.0
41902.0	20.84	23.65	1.13	20.0	12.0	0.0	3600.0	0.0	0.0
41962.0	20.83	23.65	1.13	20.0	12.0	0.0	3600.0	0.0	0.0
42022.0	20.85	23.67	1.13	20.0	12.0	0.0	3600.0	0.0	0.0
42083.0	21.07	23.79	1.14	20.0	12.0	0.0	3600.0	0.0	0.0
42143.0	21.05	23.77	1.13	20.0	12.0	0.0	3600.0	0.0	0.0
42199.0	21.02	23.71	1.13	20.0	12.0	0.0	3600.0	0.0	0.0
42258.0	21.05	23.7	1.13	20.0	12.0	0.0	3600.0	0.0	0.0
42318.0	21.05	23.82	1.14	20.0	12.0	0.0	3600.0	0.0	0.0
42374.0	21.13	23.82	1.13	20.0	12.0	0.0	3600.0	0.0	0.0
42434.0	21.12	23.75	1.13	20.0	12.0	0.0	3600.0	0.0	0.0
42494.0	21.08	23.75	1.13	20.0	9.0	0.0	3600.0	0.0	0.0
42554.0	20.2	23.2	1.13	20.0	0.0	0.0	3600.0	0.0	0.0
42614.0	20.36	23.27	1.12	20.0	0.0	0.0	3600.0	0.0	0.0
42679.0	20.64	23.4	1.13	20.0	0.0	0.0	3600.0	0.0	0.0
42744.0	20.81	23.65	1.13	20.0	0.0	0.0	3600.0	0.0	0.0
42799.0	20.85	23.68	1.13	20.0	0.0	0.0	3600.0	0.0	0.0
42858.0	20.85	23.66	1.13	20.0	0.0	0.0	3600.0	0.0	0.0
42917.0	20.93	23.72	1.13	20.0	0.0	0.0	3600.0	0.0	0.0
42983.0	20.93	23.75	1.13	20.0	0.0	0.0	3600.0	0.0	0.0
43042.0	21.0	23.9	1.12	20.0	0.0	0.0	3600.0	0.0	0.0
43103.0	21.01	23.84	1.12	20.0	0.0	0.0	3600.0	0.0	0.0
43167.0	21.01	23.77	1.14	20.0	0.0	0.0	3600.0	0.0	0.0
43222.0	20.96	23.67	1.13	20.0	0.0	0.0	3600.0	0.0	0.0
43282.0	20.77	23.63	1.13	20.0	3.0	0.0	3600.0	0.0	0.0
43341.0	20.77	23.55	1.13	20.0	6.0	0.0	3600.0	0.0	0.0
43402.0	20.68	23.54	1.13	20.0	10.0	0.0	3600.0	0.0	0.0
43462.0	20.31	23.39	1.13	20.0	12.0	0.0	3600.0	0.0	0.0
43523.0	20.58	23.6	1.12	20.0	12.0	0.0	3600.0	0.0	0.0
43577.0	20.47	23.4	1.13	20.0	12.0	0.0	3600.0	0.0	0.0
43637.0	20.86	23.56	1.13	20.0	12.0	0.0	3600.0	0.0	0.0
43704.0	20.93	23.6	1.13	20.0	12.0	0.0	3600.0	0.0	0.0
43769.0	20.97	23.62	1.13	20.0	12.0	0.0	3600.0	0.0	0.0
43825.0	21.13	23.69	1.13	20.0	12.0	0.0	3600.0	0.0	0.0
43879.0	21.06	23.76	1.13	20.0	12.0	0.0	3600.0	0.0	0.0
43945.0	21.18	23.71	1.13	20.0	12.0	0.0	3600.0	0.0	0.0
44006.0	21.11	23.71	1.13	20.0	12.0	0.0	3600.0	0.0	0.0
44060.0	20.98	23.79	1.13	20.0	12.0	0.0	3600.0	0.0	0.0
44121.0	21.2	23.83	1.13	20.0	11.0	0.0	3600.0	0.0	0.0
44181.0	21.21	23.84	1.13	20.0	9.0	0.0	3600.0	0.0	0.0
44247.0	21.02	23.59	1.13	20.0	6.0	0.0	3600.0	0.0	0.0
44301.0	21.23	23.77	1.14	20.0	5.0	0.0	3600.0	0.0	0.0
44360.0	21.09	23.39	1.14	20.0	4.0	0.0	3600.0	0.0	0.0
44421.0	21.02	23.49	1.14	20.0	3.0	0.0	3600.0	0.0	0.0
44480.0	20.94	23.53	1.13	20.0	3.0	0.0	3600.0	0.0	0.0
44540.0	20.92	23.58	1.13	20.0	3.0	0.0	3600.0	0.0	0.0
44600.0	21.14	23.69	1.13	20.0	3.0	0.0	3600.0	0.0	0.0
44654.0	21.28	23.79	1.13	20.0	3.0	0.0	3600.0	0.0	0.0
44720.0	21.35	23.96	1.13	20.0	2.0	0.0	3600.0	0.0	0.0
44774.0	21.21	23.8	1.14	20.0	3.0	0.0	3600.0	0.0	0.0
44834.0	21.28	23.82	1.13	20.0	4.0	0.0	3600.0	0.0	0.0
44899.0	21.17	23.77	1.13	20.0	5.0	0.0	3600.0	0.0	0.0
44959.0	21.17	23.6	1.13	20.0	5.0	0.0	3600.0	0.0	0.0
45014.0	21.08	23.71	1.14	20.0	6.0	0.0	3600.0	0.0	0.0
45078.0	20.98	23.71	1.14	20.0	6.0	0.0	3600.0	0.0	0.0
45144.0	20.88	23.64	1.13	20.0	5.0	0.0	3600.0	0.0	0.0
45198.0	20.76	23.62	1.13	20.0	6.0	0.0	3600.0	0.0	0.0
45263.0	20.83	23.63	1.13	20.0	6.0	0.0	3600.0	0.0	0.0
45313.0	20.89	23.6	1.13	20.0	6.0	0.0	3600.0	0.0	0.0
45378.0	20.97	23.79	1.13	20.0	6.0	0.0	3600.0	0.0	0.0
45437.0	20.99	23.82	1.13	20.0	6.0	0.0	3600.0	0.0	0.0
45492.0	20.61	23.69	1.13	20.0	6.0	0.0	3600.0	0.0	0.0
45557.0	20.95	23.61	1.14	20.0	6.0	0.0	3600.0	0.0	0.0
45617.0	20.83	23.57	1.13	20.0	6.0	0.0	3600.0	0.0	0.0
45677.0	21.0	23.64	1.13	20.0	6.0	0.0	3600.0	0.0	0.0
45736.0	21.08	23.72	1.13	20.0	6.0	0.0	3600.0	0.0	0.0
45797.0	20.88	23.74	1.13	20.0	6.0	0.0	3600.0	0.0	0.0
45861.0	20.97	23.67	1.13	20.0	6.0	0.0	3600.0	0.0	0.0
45916.0	20.81	23.6	1.13	20.0	6.0	0.0	3600.0	0.0	0.0
45976.0	20.99	23.6	1.13	20.0	6.0	0.0	3600.0	0.0	0.0
46035.0	20.97	23.74	1.13	20.0	6.0	0.0	3600.0	0.0	0.0
46090.0	21.11	23.83	1.13	20.0	6.0	0.0	3600.0	0.0	0.0
46150.0	20.92	23.78	1.13	20.0	6.0	0.0	3600.0	0.0	0.0
46210.0	20.86	23.71	1.13	20.0	6.0	0.0	3600.0	0.0	0.0
46270.0	20.79	23.71	1.13	20.0	6.0	0.0	3600.0	0.0	0.0
46324.0	20.89	23.67	1.13	20.0	6.0	0.0	3600.0	0.0	0.0
46384.0	20.99	23.75	1.13	20.0	6.0	0.0	3600.0	0.0	0.0
46444.0	21.09	23.81	1.13	20.0	6.0	0.0	3600.0	0.0	0.0
46503.0	21.03	23.81	1.14	20.0	6.0	0.0	3600.0	0.0	0.0
46558.0	20.84	23.67	1.13	20.0	6.0	0.0	3600.0	0.0	0.0
46623.0	20.95	23.66	1.13	20.0	6.0	0.0	3600.0	0.0	0.0
46678.0	21.01	23.63	1.13	20.0	6.0	0.0	3600.0	0.0	0.0
46737.0	21.04	23.81	1.13	20.0	6.0	0.0	3600.0	0.0	0.0
46797.0	21.01	23.81	1.13	20.0	6.0	0.0	3600.0	0.0	0.0
46857.0	21.04	23.76	1.13	20.0	6.0	0.0	3600.0	0.0	0.0
46917.0	21.06	23.74	1.13	20.0	6.0	0.0	3600.0	0.0	0.0
46977.0	20.94	23.65	1.13	20.0	6.0	0.0	3600.0	0.0	0.0
47036.0	21.01	23.72	1.13	20.0	6.0	0.0	3600.0	0.0	0.0
47090.0	20.82	23.64	1.13	20.0	6.0	0.0	3600.0	0.0	0.0
47151.0	20.95	23.87	1.13	20.0	6.0	0.0	3600.0	0.0	0.0
47205.0	20.81	23.73	1.15	20.0	6.0	0.0	3600.0	0.0	0.0
47270.0	20.8	23.69	1.14	20.0	6.0	0.0	3600.0	0.0	0.0
47330.0	20.75	23.66	1.13	20.0	6.0	0.0	3600.0	0.0	0.0
47389.0	20.84	23.75	1.13	20.0	6.0	0.0	3600.0	0.0	0.0
47450.0	20.91	23.85	1.14	20.0	6.0	0.0	3600.0	0.0	0.0
47504.0	21.09	23.76	1.14	20.0	6.0	0.0	3600.0	0.0	0.0
47563.0	20.98	23.72	1.13	20.0	6.0	0.0	3600.0	0.0	0.0
47624.0	20.96	23.77	1.13	20.0	7.0	0.0	3600.0	0.0	0.0
47678.0	20.79	23.65	1.13	20.0	9.0	NaN	1.12	20.0	9.0
47750.0	20.52	23.58	1.12	20.0	12.0	0.0	3600.0	0.0	0.0
47810.0	20.68	23.63	1.12	20.0	12.0	0.0	3600.0	0.0	0.0
47864.0	20.73	23.7	1.13	20.0	12.0	0.0	3600.0	0.0	0.0
47925.0	20.46	23.51	1.13	20.0	12.0	0.0	3600.0	0.0	0.0
47985.0	20.76	23.62	1.12	20.0	12.0	0.0	3600.0	0.0	0.0
48046.0	20.64	23.6	1.13	20.0	12.0	0.0	3600.0	0.0	0.0
48106.0	20.71	23.73	1.13	20.0	12.0	0.0	3600.0	0.0	0.0
48166.0	20.63	23.71	1.13	20.0	12.0	0.0	3600.0	0.0	0.0
48227.0	20.52	23.65	1.13	20.0	12.0	0.0	3600.0	0.0	0.0
48287.0	20.64	23.77	1.13	20.0	12.0	0.0	3600.0	0.0	0.0
48343.0	20.92	23.79	1.13	20.0	12.0	0.0	3600.0	0.0	0.0
48408.0	20.99	23.63	1.13	20.0	9.0	0.0	3600.0	0.0	0.0
48468.0	20.7	23.49	1.13	20.0	4.0	0.0	3600.0	0.0	0.0
48523.0	20.54	23.26	1.13	20.0	0.0	0.0	3600.0	0.0	0.0
48588.0	20.76	23.47	1.13	20.0	0.0	0.0	3600.0	0.0	0.0
48648.0	20.69	23.5	1.13	20.0	0.0	0.0	3600.0	0.0	0.0
48707.0	20.75	23.56	1.13	20.0	0.0	0.0	3600.0	0.0	0.0
48768.0	20.45	23.38	1.13	20.0	0.0	0.0	3600.0	0.0	0.0
48827.0	20.73	23.64	1.13	20.0	0.0	0.0	3600.0	0.0	0.0
48892.0	20.64	23.63	1.13	20.0	0.0	0.0	3600.0	0.0	0.0
48952.0	20.6	23.63	1.13	20.0	0.0	0.0	3600.0	0.0	0.0
49011.0	20.87	23.68	1.13	20.0	0.0	0.0	3600.0	0.0	0.0
49071.0	20.96	23.76	1.13	20.0	0.0	0.0	3600.0	0.0	0.0
49131.0	20.96	23.61	1.13	20.0	0.0	0.0	3600.0	0.0	0.0
49190.0	20.94	23.59	1.13	20.0	0.0	0.0	3600.0	0.0	0.0
49250.0	20.77	23.68	1.13	20.0	0.0	0.0	3600.0	0.0	0.0
49310.0	20.57	23.6	1.13	20.0	4.0	0.0	3600.0	0.0	0.0
49370.0	20.53	23.55	1.13	20.0	11.0	0.0	3600.0	0.0	0.0
49430.0	20.64	23.53	1.13	20.0	12.0	0.0	3600.0	0.0	0.0
49490.0	20.81	23.55	1.12	20.0	12.0	0.0	3600.0	0.0	0.0
49557.0	20.77	23.6	1.12	20.0	12.0	0.0	3600.0	0.0	0.0
49623.0	20.87	23.66	1.13	20.0	12.0	0.0	3600.0	0.0	0.0
49678.0	20.95	23.78	1.13	20.0	12.0	0.0	3600.0	0.0	0.0
49743.0	21.06	23.87	1.12	20.0	12.0	0.0	3600.0	0.0	0.0
49799.0	20.91	23.44	1.13	20.0	12.0	0.0	3600.0	0.0	0.0
49859.0	20.9	23.6	1.13	20.0	12.0	0.0	3600.0	0.0	0.0
49920.0	21.02	23.78	1.13	20.0	12.0	0.0	3600.0	0.0	0.0
49985.0	20.97	23.76	1.13	20.0	9.0	0.0	3600.0	0.0	0.0
50044.0	20.56	23.53	1.12	20.0	2.0	0.0	3600.0	0.0	0.0
50099.0	20.38	23.32	1.13	20.0	0.0	0.0	3600.0	0.0	0.0
50164.0	20.63	23.51	1.13	20.0	0.0	0.0	3600.0	0.0	0.0
50224.0	20.53	23.53	1.12	20.0	0.0	0.0	3600.0	0.0	0.0
50284.0	20.61	23.55	1.12	20.0	1.0	0.0	3600.0	0.0	0.0
50343.0	20.49	23.53	1.11	20.0	12.0	0.0	3600.0	0.0	0.0
50399.0	20.49	23.34	1.12	20.0	12.0	0.0	3600.0	0.0	0.0
50459.0	20.77	23.56	1.12	20.0	12.0	0.0	3600.0	0.0	0.0
50526.0	20.84	23.59	1.13	20.0	12.0	0.0	3600.0	0.0	0.0
50586.0	21.03	23.75	1.12	20.0	12.0	0.0	3600.0	0.0	0.0
50646.0	21.06	23.74	1.12	20.0	12.0	0.0	3600.0	0.0	0.0
50701.0	20.97	23.76	1.13	20.0	12.0	0.0	3600.0	0.0	0.0
50767.0	21.17	23.79	1.13	20.0	12.0	0.0	3600.0	0.0	0.0
50822.0	21.15	23.74	1.13	20.0	12.0	0.0	3600.0	0.0	0.0
50888.0	21.17	23.74	1.13	20.0	12.0	0.0	3600.0	0.0	0.0
50949.0	21.28	23.81	1.13	20.0	12.0	0.0	3600.0	0.0	0.0
51009.0	20.96	23.75	1.13	20.0	12.0	0.0	3600.0	0.0	0.0
51063.0	20.9	23.69	1.13	20.0	12.0	0.0	3600.0	0.0	0.0
51124.0	20.94	23.73	1.13	20.0	12.0	0.0	3600.0	0.0	0.0
51184.0	21.11	23.8	1.13	20.0	12.0	0.0	3600.0	0.0	0.0
51245.0	20.91	23.73	1.13	20.0	12.0	0.0	3600.0	0.0	0.0
51300.0	20.88	23.69	1.13	20.0	12.0	0.0	3600.0	0.0	0.0
51360.0	20.9	23.74	1.13	20.0	12.0	0.0	3600.0	0.0	0.0
51421.0	21.1	23.81	1.14	20.0	12.0	0.0	3600.0	0.0	0.0
51476.0	20.96	23.73	1.13	20.0	12.0	0.0	3600.0	0.0	0.0
51536.0	21.09	23.71	1.13	20.0	12.0	0.0	3600.0	0.0	0.0
51591.0	20.95	23.65	1.13	20.0	12.0	0.0	3600.0	0.0	0.0
51651.0	20.7	23.42	1.14	20.0	12.0	0.0	3600.0	0.0	0.0
51706.0	20.99	23.62	1.13	20.0	12.0	0.0	3600.0	0.0	0.0
51767.0	21.04	23.65	1.13	20.0	12.0	0.0	3600.0	0.0	0.0
51827.0	20.95	23.68	1.13	20.0	12.0	0.0	3600.0	0.0	0.0
51893.0	21.01	23.8	1.14	20.0	12.0	0.0	3600.0	0.0	0.0
51948.0	21.0	23.79	1.13	20.0	12.0	0.0	3600.0	0.0	0.0
52008.0	20.97	23.73	1.13	20.0	12.0	0.0	3600.0	0.0	0.0
52063.0	20.97	23.73	1.13	20.0	12.0	0.0	3600.0	0.0	0.0
52123.0	21.12	23.82	1.13	20.0	12.0	0.0	3600.0	0.0	0.0
52184.0	21.16	23.78	1.13	20.0	12.0	0.0	3600.0	0.0	0.0
52239.0	21.04	23.71	1.13	20.0	12.0	0.0	3600.0	0.0	0.0
52299.0	21.06	23.69	1.13	20.0	12.0	0.0	3600.0	0.0	0.0
52360.0	21.04	23.8	1.13	20.0	12.0	0.0	3600.0	0.0	0.0
52414.0	21.12	23.81	1.13	20.0	12.0	0.0	3600.0	0.0	0.0
52474.0	21.15	23.75	1.13	20.0	12.0	0.0	3600.0	0.0	0.0
52536.0	21.15	23.72	1.13	20.0	12.0	0.0	3600.0	0.0	0.0
52595.0	21.13	23.8	1.13	20.0	12.0	0.0	3600.0	0.0	0.0
52651.0	21.17	23.79	1.13	20.0	12.0	0.0	3600.0	0.0	0.0
52711.0	20.88	23.74	1.13	20.0	12.0	0.0	3600.0	0.0	0.0
52766.0	20.84	23.69	1.13	20.0	12.0	0.0	3600.0	0.0	0.0
52827.0	20.85	23.81	1.13	20.0	12.0	0.0	3600.0	0.0	0.0
52892.0	20.96	23.76	1.13	20.0	12.0	0.0	3600.0	0.0	0.0
52947.0	20.92	23.7	1.13	20.0	12.0	0.0	3600.0	0.0	0.0
53002.0	20.94	23.7	1.13	20.0	12.0	0.0	3600.0	0.0	0.0
53068.0	20.96	23.81	1.13	20.0	12.0	0.0	3600.0	0.0	0.0
53123.0	20.96	23.75	1.13	20.0	12.0	0.0	3600.0	0.0	0.0
53183.0	20.97	23.71	1.13	20.0	12.0	0.0	3600.0	0.0	0.0
53243.0	20.92	23.74	1.13	20.0	12.0	0.0	3600.0	0.0	0.0
53310.0	21.04	23.83	1.13	20.0	12.0	0.0	3600.0	0.0	0.0
53370.0	20.96	23.77	1.13	20.0	12.0	0.0	3600.0	0.0	0.0
53425.0	20.9	23.72	1.13	20.0	12.0	0.0	3600.0	0.0	0.0
53485.0	21.03	23.78	1.13	20.0	12.0	0.0	3600.0	0.0	0.0
53535.0	21.18	23.84	1.13	20.0	12.0	0.0	3600.0	0.0	0.0
53601.0	21.14	23.76	1.13	20.0	12.0	0.0	3600.0	0.0	0.0
53656.0	21.08	23.78	1.13	20.0	12.0	0.0	3600.0	0.0	0.0
53716.0	21.08	23.79	1.13	20.0	12.0	0.0	3600.0	0.0	0.0
53777.0	21.15	23.86	1.13	20.0	12.0	0.0	3600.0	0.0	0.0
53842.0	20.89	23.29	1.14	20.0	12.0	0.0	3600.0	0.0	0.0
53903.0	21.13	23.46	1.14	20.0	12.0	0.0	3600.0	0.0	0.0
53958.0	21.19	23.6	1.14	20.0	12.0	0.0	3600.0	0.0	0.0
54019.0	21.25	23.74	1.13	20.0	12.0	0.0	3600.0	0.0	0.0
54079.0	21.12	23.71	1.13	20.0	12.0	0.0	3600.0	0.0	0.0
54133.0	21.1	23.67	1.13	20.0	12.0	0.0	3600.0	0.0	0.0
54194.0	21.11	23.75	1.14	20.0	12.0	0.0	3600.0	0.0	0.0
54249.0	20.98	23.78	1.13	20.0	12.0	0.0	3600.0	0.0	0.0
54309.0	21.08	23.75	1.13	20.0	12.0	0.0	3600.0	0.0	0.0
54370.0	21.15	23.72	1.13	20.0	12.0	0.0	3600.0	0.0	0.0
54425.0	20.95	23.8	1.13	20.0	12.0	0.0	3600.0	0.0	0.0
54484.0	21.06	23.88	1.13	20.0	12.0	0.0	3600.0	0.0	0.0
54545.0	21.11	23.82	1.13	20.0	12.0	0.0	3600.0	0.0	0.0
54600.0	21.06	23.75	1.13	20.0	12.0	0.0	3600.0	0.0	0.0
54666.0	21.0	23.72	1.13	20.0	12.0	0.0	3600.0	0.0	0.0
54726.0	21.06	23.78	1.13	20.0	12.0	0.0	3600.0	0.0	0.0
54787.0	21.12	23.84	1.13	20.0	12.0	0.0	3600.0	0.0	0.0
54842.0	21.07	23.77	1.13	20.0	12.0	0.0	3600.0	0.0	0.0
54902.0	21.11	23.73	1.13	20.0	12.0	0.0	3600.0	0.0	0.0
54963.0	21.03	23.78	1.13	20.0	12.0	0.0	3600.0	0.0	0.0
55017.0	21.21	23.86	1.13	20.0	12.0	0.0	3600.0	0.0	0.0
55077.0	21.17	23.79	1.13	20.0	12.0	0.0	3600.0	0.0	0.0
55133.0	21.1	23.72	1.13	20.0	12.0	0.0	3600.0	0.0	0.0
55193.0	21.25	23.81	1.13	20.0	12.0	0.0	3600.0	0.0	0.0
55254.0	21.25	23.78	1.13	20.0	12.0	0.0	3600.0	0.0	0.0
55320.0	21.15	23.72	1.13	20.0	12.0	0.0	3600.0	0.0	0.0
55374.0	21.01	23.7	1.13	20.0	12.0	0.0	3600.0	0.0	0.0
55435.0	21.13	23.83	1.14	20.0	12.0	0.0	3600.0	0.0	0.0
55495.0	21.16	23.85	1.13	20.0	12.0	0.0	3600.0	0.0	0.0
55556.0	20.9	23.51	1.13	20.0	12.0	0.0	3600.0	0.0	0.0
55616.0	20.92	23.65	1.13	20.0	12.0	0.0	3600.0	0.0	0.0
55676.0	21.0	23.75	1.13	20.0	12.0	0.0	3600.0	0.0	0.0
55737.0	21.0	23.72	1.13	20.0	12.0	0.0	3600.0	0.0	0.0
55792.0	20.9	23.71	1.13	20.0	12.0	0.0	3600.0	0.0	0.0
55853.0	20.89	23.69	1.13	20.0	12.0	0.0	3600.0	0.0	0.0
55913.0	20.94	23.79	1.13	20.0	12.0	0.0	3600.0	0.0	0.0
55973.0	20.92	23.74	1.13	20.0	12.0	0.0	3600.0	0.0	0.0
56034.0	20.91	23.72	1.13	20.0	12.0	0.0	3600.0	0.0	0.0
56094.0	21.07	23.7	1.13	20.0	12.0	0.0	3600.0	0.0	0.0
56148.0	21.06	23.77	1.13	20.0	12.0	0.0	3600.0	0.0	0.0
56209.0	20.98	23.75	1.13	20.0	12.0	0.0	3600.0	0.0	0.0
56264.0	21.04	23.69	1.13	20.0	12.0	0.0	3600.0	0.0	0.0
56325.0	20.95	23.68	1.13	20.0	12.0	0.0	3600.0	0.0	0.0
56385.0	21.01	23.78	1.13	20.0	12.0	0.0	3600.0	0.0	0.0
56445.0	21.01	23.84	1.14	20.0	12.0	0.0	3600.0	0.0	0.0
56501.0	20.95	23.75	1.13	20.0	12.0	0.0	3600.0	0.0	0.0
56561.0	21.08	23.73	1.13	20.0	12.0	0.0	3600.0	0.0	0.0
56615.0	21.04	23.78	1.13	20.0	12.0	0.0	3600.0	0.0	0.0
56676.0	21.07	23.87	1.14	20.0	12.0	0.0	3600.0	0.0	0.0
56736.0	21.26	23.92	1.13	20.0	12.0	0.0	3600.0	0.0	0.0
56797.0	21.02	23.75	1.13	20.0	12.0	0.0	3600.0	0.0	0.0
56857.0	21.08	23.75	1.13	20.0	12.0	0.0	3600.0	0.0	0.0
56918.0	21.2	23.84	1.13	20.0	12.0	0.0	3600.0	0.0	0.0
56973.0	20.94	23.58	1.13	20.0	12.0	0.0	3600.0	0.0	0.0
57033.0	20.98	23.61	1.13	20.0	12.0	0.0	3600.0	0.0	0.0
57094.0	21.03	23.72	1.13	20.0	12.0	0.0	3600.0	0.0	0.0
57159.0	21.11	23.82	1.13	20.0	12.0	0.0	3600.0	0.0	0.0
57214.0	21.01	23.74	1.13	20.0	12.0	0.0	3600.0	0.0	0.0
57274.0	20.94	23.74	1.13	20.0	12.0	0.0	3600.0	0.0	0.0
57334.0	20.92	23.75	1.13	20.0	12.0	0.0	3600.0	0.0	0.0
57395.0	21.02	23.85	1.13	20.0	12.0	0.0	3600.0	0.0	0.0
57450.0	21.09	23.82	1.13	20.0	12.0	0.0	3600.0	0.0	0.0
57510.0	21.01	23.79	1.13	20.0	12.0	0.0	3600.0	0.0	0.0
57566.0	20.91	23.74	1.13	20.0	12.0	0.0	3600.0	0.0	0.0
57626.0	21.0	23.82	1.14	20.0	12.0	0.0	3600.0	0.0	0.0
57687.0	20.95	23.88	1.13	20.0	12.0	0.0	3600.0	0.0	0.0
57741.0	20.86	23.79	1.13	20.0	12.0	0.0	3600.0	0.0	0.0
57801.0	20.77	23.81	1.13	20.0	12.0	0.0	3600.0	0.0	0.0
57868.0	20.93	23.9	1.13	20.0	12.0	0.0	3600.0	0.0	0.0
57928.0	21.05	23.86	1.13	20.0	12.0	0.0	3600.0	0.0	0.0
57982.0	20.95	23.76	1.13	20.0	12.0	0.0	3600.0	0.0	0.0
58043.0	20.92	23.74	1.13	20.0	12.0	0.0	3600.0	0.0	0.0
58103.0	21.12	23.82	1.13	20.0	12.0	0.0	3600.0	0.0	0.0
58159.0	21.06	23.81	1.13	20.0	12.0	0.0	3600.0	0.0	0.0

================================Data log ends here================================