Log created on 1-5-2018__17.32.30
11

Time	MAT	CHT	MAP	AFR	TPS	RPM	CCM	Cons	State
58705.0	21.69	33.88	1.13	15.0	10.0	0.0	3500.0	31.1	0.0
58761.0	21.65	33.77	1.13	14.86	10.0	0.0	3500.0	31.1	0.0
58822.0	21.84	33.93	1.13	14.87	10.0	0.0	3500.0	31.1	0.0
58884.0	21.77	33.86	1.13	14.9	10.0	0.0	3500.0	31.1	0.0
58945.0	21.77	33.9	1.13	14.9	10.0	0.0	3500.0	31.1	0.0
59006.0	21.48	33.77	1.13	14.92	10.0	0.0	3500.0	31.1	0.0
59068.0	21.72	33.88	1.13	14.9	10.0	0.0	3500.0	31.1	0.0
59123.0	21.7	33.88	1.13	14.95	10.0	0.0	3500.0	31.1	0.0
59180.0	21.81	33.93	1.13	14.9	10.0	0.0	3500.0	31.1	0.0
59241.0	21.81	33.73	1.14	14.8	10.0	0.0	3500.0	31.1	0.0
59296.0	21.86	34.0	1.13	14.83	10.0	0.0	3500.0	31.1	0.0
59353.0	21.74	33.96	1.13	14.81	10.0	0.0	3500.0	31.1	0.0
59408.0	21.73	33.98	1.13	14.8	10.0	0.0	3500.0	31.1	0.0
59469.0	21.72	33.97	1.14	14.75	10.0	0.0	3500.0	31.1	0.0
59531.0	21.79	34.08	1.13	14.78	10.0	0.0	3500.0	31.1	0.0
59592.0	21.68	33.93	1.13	14.81	10.0	0.0	3500.0	31.1	0.0
59649.0	21.76	33.99	1.13	14.83	10.0	0.0	3500.0	31.1	0.0
59704.0	21.74	34.01	1.13	14.83	10.0	0.0	3500.0	31.1	0.0
59759.0	21.73	33.99	1.13	14.81	10.0	0.0	3500.0	31.1	0.0
59821.0	21.61	33.8	1.14	14.75	10.0	0.0	3500.0	31.1	0.0
59882.0	21.8	34.0	1.13	14.81	10.0	0.0	3500.0	31.1	0.0
59943.0	21.69	33.93	1.13	14.81	10.0	0.0	3500.0	31.1	0.0
60000.0	21.71	33.93	1.13	14.83	10.0	0.0	3500.0	31.1	0.0
60055.0	21.7	33.83	1.14	14.78	10.0	0.0	3500.0	31.1	0.0
60116.0	21.82	34.04	1.13	14.83	10.0	0.0	3500.0	31.1	0.0
60173.0	21.63	33.92	1.13	14.84	10.0	0.0	3500.0	31.1	0.0
60228.0	21.71	33.98	1.13	14.83	10.0	0.0	3500.0	31.1	0.0
60284.0	21.74	33.99	1.13	14.7	10.0	0.0	3500.0	31.1	0.0
60345.0	21.68	33.98	1.13	14.71	10.0	0.0	3500.0	31.1	0.0
60401.0	21.57	33.87	1.13	14.69	10.0	0.0	3500.0	31.1	0.0
60456.0	21.77	34.07	1.13	14.72	10.0	0.0	3500.0	31.1	0.0
60518.0	21.64	33.99	1.13	14.7	10.0	0.0	3500.0	31.1	0.0
60574.0	21.66	34.01	1.13	14.66	10.0	0.0	3500.0	31.1	0.0
60630.0	21.74	33.97	1.14	14.63	10.0	0.0	3500.0	31.1	0.0
60691.0	21.82	34.1	1.13	14.66	10.0	0.0	3500.0	31.1	0.0
60747.0	21.65	33.99	1.13	14.72	10.0	0.0	3500.0	31.1	0.0
60809.0	21.81	34.1	1.13	14.75	10.0	0.0	3500.0	31.1	0.0
60869.0	21.76	34.03	1.13	14.74	10.0	0.0	3500.0	31.1	0.0
60931.0	21.74	34.03	1.13	14.71	10.0	0.0	3500.0	31.1	0.0
60992.0	21.61	33.82	1.13	14.73	10.0	0.0	3500.0	31.1	0.0
61053.0	21.69	34.0	1.13	14.71	10.0	0.0	3500.0	31.1	0.0
61110.0	21.67	34.04	1.13	14.72	10.0	0.0	3500.0	31.1	0.0
61165.0	21.7	34.06	1.13	14.71	10.0	0.0	3500.0	31.1	0.0
61227.0	21.63	33.98	1.14	14.77	10.0	0.0	3500.0	31.1	0.0
61288.0	21.73	34.02	1.13	14.78	10.0	0.0	3500.0	31.1	0.0
61349.0	21.76	34.01	1.14	14.82	10.0	0.0	3500.0	31.1	0.0
61400.0	21.83	34.16	1.13	14.81	10.0	0.0	3500.0	31.1	0.0
61461.0	21.81	34.11	1.13	14.72	10.0	0.0	3500.0	31.1	0.0
61516.0	21.82	34.2	1.13	14.68	10.0	0.0	3500.0	31.1	0.0
61578.0	21.66	34.09	1.13	14.65	10.0	0.0	3500.0	31.1	0.0
61634.0	21.75	34.17	1.13	14.63	10.0	0.0	3500.0	31.1	0.0
61696.0	21.7	34.14	1.13	14.69	10.0	0.0	3500.0	31.1	0.0
61746.0	21.72	34.25	1.13	14.74	10.0	0.0	3500.0	31.1	0.0
61807.0	21.59	34.11	1.13	14.76	10.0	0.0	3500.0	31.1	0.0
61869.0	21.74	34.2	1.13	14.76	10.0	0.0	3500.0	31.1	0.0
61924.0	21.74	34.21	1.13	14.77	10.0	0.0	3500.0	31.1	0.0
61980.0	21.78	34.21	1.13	14.74	10.0	0.0	3500.0	31.1	0.0
62042.0	21.74	34.18	1.13	14.66	10.0	0.0	3500.0	31.1	0.0
62097.0	21.82	34.24	1.13	14.75	10.0	0.0	3500.0	31.1	0.0
62153.0	21.71	34.19	1.13	14.75	10.0	0.0	3500.0	31.1	0.0
62209.0	21.74	34.18	1.13	14.81	10.0	0.0	3500.0	31.1	0.0
62270.0	21.57	34.08	1.13	14.76	10.0	0.0	3500.0	31.1	0.0
62326.0	21.75	34.3	1.13	14.84	10.0	0.0	3500.0	31.1	0.0
62388.0	21.68	34.18	1.13	14.85	10.0	0.0	3500.0	31.1	0.0
62443.0	21.69	34.23	1.13	14.84	10.0	0.0	3500.0	31.1	0.0
62504.0	21.68	33.98	1.14	14.81	10.0	0.0	3500.0	31.1	0.0
62561.0	21.69	34.08	1.13	14.88	10.0	0.0	3500.0	31.1	0.0
62616.0	21.72	34.22	1.13	14.87	10.0	0.0	3500.0	31.1	0.0
62678.0	21.78	34.31	1.13	14.88	10.0	0.0	3500.0	31.1	0.0
62734.0	21.8	34.3	1.14	14.76	10.0	0.0	3500.0	31.1	0.0
62795.0	21.73	34.32	1.14	14.69	10.0	0.0	3500.0	31.1	0.0
62851.0	21.75	34.33	1.13	14.67	10.0	0.0	3500.0	31.1	0.0
62907.0	21.83	34.44	1.13	14.79	10.0	0.0	3500.0	31.1	0.0
62962.0	21.86	34.42	1.13	14.76	10.0	0.0	3500.0	31.1	0.0
63024.0	21.77	34.42	1.14	14.84	10.0	0.0	3500.0	31.1	0.0
63085.0	21.66	34.35	1.13	14.83	10.0	0.0	3500.0	31.1	0.0
63140.0	21.65	34.34	1.13	14.87	10.0	0.0	3500.0	31.1	0.0
63197.0	21.78	34.42	1.13	14.88	10.0	0.0	3500.0	31.1	0.0
63252.0	21.69	34.43	1.13	14.93	10.0	0.0	3500.0	31.1	0.0
63313.0	21.5	34.26	1.13	14.87	10.0	0.0	3500.0	31.1	0.0
63370.0	21.54	34.33	1.13	14.84	10.0	0.0	3500.0	31.1	0.0
63425.0	21.72	34.49	1.13	14.79	10.0	0.0	3500.0	31.1	0.0
63486.0	21.7	34.49	1.13	14.8	10.0	0.0	3500.0	31.1	0.0
63543.0	21.73	34.44	1.13	14.7	10.0	0.0	3500.0	31.1	0.0
63604.0	21.56	34.3	1.13	14.71	10.0	0.0	3500.0	31.1	0.0
63660.0	21.74	34.45	1.13	14.75	10.0	0.0	3500.0	31.1	0.0
63716.0	21.78	34.45	1.13	14.8	10.0	0.0	3500.0	31.1	0.0
63777.0	21.76	34.47	1.13	14.8	10.0	0.0	3500.0	31.1	0.0
63833.0	21.67	34.26	1.13	14.92	10.0	0.0	3500.0	31.1	0.0
63889.0	21.77	34.43	1.13	14.92	10.0	0.0	3500.0	31.1	0.0
63950.0	21.82	34.45	1.13	15.02	10.0	0.0	3500.0	31.1	0.0
64006.0	21.81	34.44	1.13	15.01	10.0	0.0	3500.0	31.1	0.0
64067.0	21.75	34.42	1.14	15.04	10.0	0.0	3500.0	31.1	0.0
64122.0	21.8	34.53	1.13	14.99	10.0	0.0	3500.0	31.1	0.0
64179.0	21.62	34.42	1.13	14.96	10.0	0.0	3500.0	31.1	0.0
64234.0	21.74	34.56	1.13	14.98	10.0	0.0	3500.0	31.1	0.0
64295.0	21.75	34.48	1.13	14.94	10.0	0.0	3500.0	31.1	0.0
64346.0	21.69	34.48	1.13	14.92	10.0	0.0	3500.0	31.1	0.0
64407.0	21.64	34.34	1.14	15.06	10.0	0.0	3500.0	31.1	0.0
64468.0	21.71	34.37	1.13	15.11	10.0	0.0	3500.0	31.1	0.0
64530.0	21.67	34.43	1.13	15.15	10.0	0.0	3500.0	31.1	0.0
64586.0	21.79	34.49	1.13	15.12	10.0	0.0	3500.0	31.1	0.0
64642.0	21.72	34.49	1.14	15.04	10.0	0.0	3500.0	31.1	0.0
64703.0	21.74	34.48	1.13	14.91	10.0	0.0	3500.0	31.1	0.0
64764.0	21.62	34.38	1.14	14.85	10.0	0.0	3500.0	31.1	0.0
64826.0	21.81	34.53	1.13	14.79	10.0	0.0	3500.0	31.1	0.0
64881.0	21.76	34.48	1.13	14.94	10.0	0.0	3500.0	31.1	0.0
64943.0	21.76	34.48	1.13	15.13	10.0	0.0	3500.0	31.1	0.0
64993.0	21.63	34.29	1.14	15.22	10.0	0.0	3500.0	31.1	0.0
65054.0	21.76	34.5	1.13	15.24	10.0	0.0	3500.0	31.1	0.0
65116.0	21.72	34.49	1.13	15.24	10.0	0.0	3500.0	31.1	0.0
65172.0	21.71	34.47	1.13	15.21	10.0	0.0	3500.0	31.1	0.0
65227.0	21.53	34.38	1.13	15.18	10.0	0.0	3500.0	31.1	0.0
65284.0	21.71	34.57	1.13	15.21	10.0	0.0	3500.0	31.1	0.0
65345.0	21.67	34.53	1.13	15.2	10.0	0.0	3500.0	31.1	0.0
65400.0	21.71	34.52	1.13	15.03	10.0	0.0	3500.0	31.1	0.0
65462.0	21.66	34.48	1.13	14.85	10.0	0.0	3500.0	31.1	0.0
65518.0	21.86	34.62	1.13	14.83	10.0	0.0	3500.0	31.1	0.0
65580.0	21.79	34.58	1.13	14.76	10.0	0.0	3500.0	31.1	0.0
65635.0	21.76	34.55	1.13	14.83	10.0	0.0	3500.0	31.1	0.0
65691.0	21.68	34.53	1.13	14.84	10.0	0.0	3500.0	31.1	0.0
65753.0	21.75	34.64	1.13	14.93	10.0	0.0	3500.0	31.1	0.0
65809.0	21.7	34.6	1.14	14.92	10.0	0.0	3500.0	31.1	0.0
65869.0	21.71	34.6	1.14	14.98	10.0	0.0	3500.0	31.1	0.0
65926.0	21.59	34.54	1.13	15.02	10.0	0.0	3500.0	31.1	0.0
65981.0	21.59	34.57	1.13	14.99	10.0	0.0	3500.0	31.1	0.0
66042.0	21.7	34.64	1.13	15.0	10.0	0.0	3500.0	31.1	0.0
66099.0	21.66	34.64	1.14	15.05	10.0	0.0	3500.0	31.1	0.0
66160.0	21.6	34.51	1.13	14.89	10.0	0.0	3500.0	31.1	0.0
66215.0	21.7	34.52	1.13	14.89	10.0	0.0	3500.0	31.1	0.0
66272.0	21.82	34.62	1.13	14.85	10.0	0.0	3500.0	31.1	0.0
66327.0	21.67	34.61	1.13	14.94	10.0	0.0	3500.0	31.1	0.0
66388.0	21.57	34.47	1.13	14.92	10.0	0.0	3500.0	31.1	0.0
66450.0	21.62	34.52	1.13	14.96	10.0	0.0	3500.0	31.1	0.0
66506.0	21.78	34.68	1.13	14.95	10.0	0.0	3500.0	31.1	0.0
66562.0	21.73	34.68	1.13	14.89	10.0	0.0	3500.0	31.1	0.0
66623.0	21.72	34.74	1.13	14.86	10.0	0.0	3500.0	31.1	0.0
66679.0	21.62	34.62	1.13	14.9	10.0	0.0	3500.0	31.1	0.0
66735.0	21.85	34.76	1.13	14.87	10.0	0.0	3500.0	31.1	0.0
66791.0	21.78	34.72	1.13	14.82	10.0	0.0	3500.0	31.1	0.0
66852.0	21.8	34.81	1.13	14.85	10.0	0.0	3500.0	31.1	0.0
66914.0	21.62	34.72	1.13	14.88	10.0	0.0	3500.0	31.1	0.0
66969.0	21.75	34.85	1.13	14.9	10.0	0.0	3500.0	31.1	0.0
67031.0	21.79	34.81	1.13	14.86	10.0	0.0	3500.0	31.1	0.0
67087.0	21.78	34.93	1.13	14.83	10.0	0.0	3500.0	31.1	0.0
67142.0	21.66	34.76	1.13	14.77	10.0	0.0	3500.0	31.1	0.0
67204.0	21.77	34.92	1.13	14.85	10.0	0.0	3500.0	31.1	0.0
67260.0	21.76	34.86	1.13	14.86	10.0	0.0	3500.0	31.1	0.0
67315.0	21.76	34.85	1.13	14.87	10.0	0.0	3500.0	31.1	0.0
67377.0	21.65	34.83	1.13	14.87	10.0	0.0	3500.0	31.1	0.0
67438.0	21.74	34.93	1.13	14.93	10.0	0.0	3500.0	31.1	0.0
67494.0	21.66	34.84	1.13	14.96	10.0	0.0	3500.0	31.1	0.0
67550.0	21.73	34.84	1.13	14.92	10.0	0.0	3500.0	31.1	0.0
67611.0	21.6	34.78	1.13	14.82	10.0	0.0	3500.0	31.1	0.0
67667.0	21.69	34.92	1.13	14.87	10.0	0.0	3500.0	31.1	0.0
67729.0	21.7	34.88	1.14	14.81	10.0	0.0	3500.0	31.1	0.0
67790.0	21.63	34.86	1.14	14.83	10.0	0.0	3500.0	31.1	0.0
67852.0	21.66	34.83	1.14	14.75	10.0	0.0	3500.0	31.1	0.0
67913.0	21.78	34.93	1.13	14.86	10.0	0.0	3500.0	31.1	0.0
67969.0	21.7	34.82	1.14	14.87	10.0	0.0	3500.0	31.1	0.0
68030.0	21.66	34.83	1.14	14.84	10.0	0.0	3500.0	31.1	0.0
68086.0	21.71	34.83	1.13	14.81	10.0	0.0	3500.0	31.1	0.0
68148.0	21.79	34.96	1.13	14.83	10.0	0.0	3500.0	31.1	0.0
68203.0	21.8	34.91	1.13	14.72	10.0	0.0	3500.0	31.1	0.0
68264.0	21.72	34.89	1.14	14.71	10.0	0.0	3500.0	31.1	0.0
68321.0	21.73	34.87	1.13	14.73	10.0	0.0	3500.0	31.1	0.0
68376.0	21.77	34.84	1.13	14.73	10.0	0.0	3500.0	31.1	0.0
68438.0	21.84	34.88	1.13	14.74	10.0	0.0	3500.0	31.1	0.0
68494.0	21.8	34.83	1.14	14.82	10.0	0.0	3500.0	31.1	0.0
68555.0	21.76	34.8	1.13	14.84	10.0	0.0	3500.0	31.1	0.0
68617.0	21.77	34.81	1.13	14.86	10.0	0.0	3500.0	31.1	0.0
68678.0	21.83	34.84	1.13	14.91	10.0	0.0	3500.0	31.1	0.0
68733.0	21.7	34.83	1.14	14.95	10.0	0.0	3500.0	31.1	0.0
68790.0	21.73	34.84	1.14	14.93	10.0	0.0	3500.0	31.1	0.0
68851.0	21.71	34.87	1.13	14.89	10.0	0.0	3500.0	31.1	0.0
68913.0	21.77	34.9	1.13	14.87	10.0	0.0	3500.0	31.1	0.0
68974.0	21.7	34.85	1.14	14.85	10.0	0.0	3500.0	31.1	0.0
69036.0	21.68	34.9	1.13	14.82	10.0	0.0	3500.0	31.1	0.0
69091.0	21.66	34.87	1.13	14.88	10.0	0.0	3500.0	31.1	0.0
69147.0	21.75	34.92	1.13	14.85	10.0	0.0	3500.0	31.1	0.0
69209.0	21.72	34.9	1.14	14.84	10.0	0.0	3500.0	31.1	0.0
69264.0	21.71	34.99	1.13	14.83	10.0	0.0	3500.0	31.1	0.0
69325.0	21.63	34.88	1.13	14.86	10.0	0.0	3500.0	31.1	0.0
69387.0	21.74	34.91	1.13	14.91	10.0	0.0	3500.0	31.1	0.0
69443.0	21.76	34.88	1.14	14.97	10.0	0.0	3500.0	31.1	0.0
69498.0	21.78	35.02	1.13	14.99	10.0	0.0	3500.0	31.1	0.0
69554.0	21.6	34.89	1.13	14.99	10.0	0.0	3500.0	31.1	0.0
69615.0	21.76	34.98	1.13	14.91	10.0	0.0	3500.0	31.1	0.0
69671.0	21.71	34.95	1.13	14.87	10.0	0.0	3500.0	31.1	0.0
69727.0	21.74	35.06	1.13	14.86	10.0	0.0	3500.0	31.1	0.0
69788.0	21.52	34.9	1.13	14.89	10.0	0.0	3500.0	31.1	0.0
69844.0	21.74	35.08	1.13	14.96	10.0	0.0	3500.0	31.1	0.0
69900.0	21.72	35.03	1.13	15.03	10.0	0.0	3500.0	31.1	0.0
69956.0	21.75	35.02	1.13	15.03	10.0	0.0	3500.0	31.1	0.0
70017.0	21.71	34.98	1.13	15.0	10.0	0.0	3500.0	31.1	0.0
70078.0	21.68	34.94	1.13	14.88	10.0	0.0	3500.0	31.1	0.0
70134.0	21.51	34.81	1.13	14.8	10.0	0.0	3500.0	31.1	0.0
70190.0	21.7	34.95	1.13	14.73	10.0	0.0	3500.0	31.1	0.0
70251.0	21.71	34.95	1.13	14.67	10.0	0.0	3500.0	31.1	0.0
70307.0	21.71	34.95	1.13	14.8	10.0	0.0	3500.0	31.1	0.0
70369.0	21.51	34.8	1.13	14.91	10.0	0.0	3500.0	31.1	0.0
70419.0	21.71	35.09	1.13	14.93	10.0	0.0	3500.0	31.1	0.0
70480.0	21.65	35.02	1.13	14.99	10.0	0.0	3500.0	31.1	0.0
70542.0	21.71	35.03	1.13	14.92	10.0	0.0	3500.0	31.1	0.0
70597.0	21.62	35.01	1.13	14.89	10.0	0.0	3500.0	31.1	0.0
70652.0	21.66	35.02	1.13	14.86	10.0	0.0	3500.0	31.1	0.0
70714.0	21.61	34.86	1.14	14.9	10.0	0.0	3500.0	31.1	0.0
70775.0	21.66	34.99	1.13	14.88	10.0	0.0	3500.0	31.1	0.0
70832.0	21.64	35.03	1.13	14.9	10.0	0.0	3500.0	31.1	0.0
70887.0	21.81	35.12	1.13	14.93	10.0	0.0	3500.0	31.1	0.0
70948.0	21.68	35.1	1.13	14.98	10.0	0.0	3500.0	31.1	0.0
71004.0	21.69	35.03	1.13	14.87	10.0	0.0	3500.0	31.1	0.0
71065.0	21.67	34.92	1.13	14.84	10.0	0.0	3500.0	31.1	0.0
71121.0	21.79	35.06	1.13	14.8	10.0	0.0	3500.0	31.1	0.0
71177.0	21.78	35.07	1.13	14.81	10.0	0.0	3500.0	31.1	0.0
71238.0	21.82	35.13	1.13	14.78	10.0	0.0	3500.0	31.1	0.0
71300.0	21.73	35.1	1.13	14.86	10.0	0.0	3500.0	31.1	0.0
71355.0	21.51	34.82	1.13	14.89	10.0	0.0	3500.0	31.1	0.0
71416.0	21.56	34.92	1.13	14.9	10.0	0.0	3500.0	31.1	0.0
71473.0	21.69	35.09	1.13	14.9	10.0	0.0	3500.0	31.1	0.0
71528.0	21.76	35.16	1.13	15.0	10.0	0.0	3500.0	31.1	0.0
71589.0	21.68	35.08	1.13	15.06	10.0	0.0	3500.0	31.1	0.0
71645.0	21.67	35.09	1.13	15.08	10.0	0.0	3500.0	31.1	0.0
71701.0	21.66	35.07	1.14	15.06	10.0	0.0	3500.0	31.1	0.0
71762.0	21.69	35.05	1.14	15.01	10.0	0.0	3500.0	31.1	0.0
71823.0	21.67	34.88	1.14	14.87	10.0	0.0	3500.0	31.1	0.0
71873.0	21.79	35.14	1.13	14.93	10.0	0.0	3500.0	31.1	0.0
71929.0	21.7	35.08	1.13	14.9	10.0	0.0	3500.0	31.1	0.0
71991.0	21.8	35.14	1.13	14.88	10.0	0.0	3500.0	31.1	0.0
72052.0	21.77	35.19	1.13	14.93	10.0	0.0	3500.0	31.1	0.0
72114.0	21.75	35.18	1.13	14.96	10.0	0.0	3500.0	31.1	0.0
72169.0	21.46	35.04	1.13	14.99	10.0	0.0	3500.0	31.1	0.0
72230.0	21.67	35.14	1.13	14.96	10.0	0.0	3500.0	31.1	0.0
72286.0	21.72	35.17	1.13	14.91	10.0	0.0	3500.0	31.1	0.0
72347.0	21.72	35.18	1.13	14.86	10.0	0.0	3500.0	31.1	0.0
72409.0	21.65	35.23	1.13	14.89	10.0	0.0	3500.0	31.1	0.0
72465.0	21.74	35.24	1.13	14.87	10.0	0.0	3500.0	31.1	0.0
72525.0	21.62	35.12	1.13	14.84	10.0	0.0	3500.0	31.1	0.0
72582.0	21.7	35.24	1.13	14.76	10.0	0.0	3500.0	31.1	0.0
72643.0	21.71	35.22	1.13	14.73	10.0	0.0	3500.0	31.1	0.0
72705.0	21.71	35.24	1.13	14.72	10.0	0.0	3500.0	31.1	0.0
72766.0	21.63	35.23	1.14	14.77	10.0	0.0	3500.0	31.1	0.0
72821.0	21.63	35.17	1.13	14.77	10.0	0.0	3500.0	31.1	0.0
72878.0	21.66	35.2	1.13	14.76	10.0	0.0	3500.0	31.1	0.0
72933.0	21.75	35.34	1.13	14.76	10.0	0.0	3500.0	31.1	0.0
72994.0	21.69	35.35	1.13	14.77	10.0	0.0	3500.0	31.1	0.0
73050.0	21.66	35.05	1.14	14.69	10.0	0.0	3500.0	31.1	0.0
73111.0	21.69	35.15	1.14	14.66	10.0	0.0	3500.0	31.1	0.0
73167.0	21.69	35.22	1.13	14.63	10.0	0.0	3500.0	31.1	0.0
73229.0	21.79	35.43	1.13	14.73	10.0	0.0	3500.0	31.1	0.0
73290.0	21.74	35.34	1.13	14.78	10.0	0.0	3500.0	31.1	0.0
73346.0	21.77	35.32	1.13	14.82	10.0	0.0	3500.0	31.1	0.0
73401.0	21.78	35.01	1.13	14.81	10.0	0.0	3500.0	31.1	0.0
73457.0	21.81	35.15	1.14	14.83	10.0	0.0	3500.0	31.1	0.0
73519.0	21.79	35.26	1.13	14.79	10.0	0.0	3500.0	31.1	0.0
73580.0	21.87	35.39	1.13	14.87	10.0	0.0	3500.0	31.1	0.0
73635.0	21.79	35.35	1.13	14.93	10.0	0.0	3500.0	31.1	0.0
73697.0	21.85	35.31	1.13	14.95	10.0	0.0	3500.0	31.1	0.0
73753.0	21.67	35.19	1.13	14.86	10.0	0.0	3500.0	31.1	0.0
73814.0	21.78	35.41	1.13	14.89	10.0	0.0	3500.0	31.1	0.0
73881.0	21.7	35.28	1.13	14.84	10.0	0.0	3500.0	31.1	0.0
73936.0	21.77	35.28	1.13	14.83	10.0	0.0	3500.0	31.1	0.0
73998.0	21.74	35.29	1.14	14.73	10.0	0.0	3500.0	31.1	0.0
74054.0	21.65	35.37	1.13	14.74	10.0	0.0	3500.0	31.1	0.0
74116.0	21.57	35.26	1.13	14.75	10.0	0.0	3500.0	31.1	0.0
74171.0	21.7	35.34	1.13	14.76	10.0	0.0	3500.0	31.1	0.0
74227.0	21.7	35.33	1.13	14.8	10.0	0.0	3500.0	31.1	0.0
74288.0	21.68	35.31	1.13	14.76	10.0	0.0	3500.0	31.1	0.0
74344.0	21.55	35.13	1.14	14.84	10.0	0.0	3500.0	31.1	0.0
74399.0	21.77	35.37	1.13	14.88	10.0	0.0	3500.0	31.1	0.0
74461.0	21.71	35.3	1.13	14.91	10.0	0.0	3500.0	31.1	0.0
74517.0	21.68	35.29	1.13	14.92	10.0	0.0	3500.0	31.1	0.0
74572.0	21.68	35.26	1.14	14.89	10.0	0.0	3500.0	31.1	0.0
74639.0	21.7	35.32	1.13	14.93	10.0	0.0	3500.0	31.1	0.0
74690.0	21.55	35.26	1.13	14.97	10.0	0.0	3500.0	31.1	0.0
74750.0	21.75	35.34	1.13	14.96	10.0	0.0	3500.0	31.1	0.0
74812.0	21.74	35.29	1.13	14.94	10.0	0.0	3500.0	31.1	0.0
74868.0	21.79	35.32	1.13	14.94	10.0	0.0	3500.0	31.1	0.0
74924.0	21.74	35.28	1.14	14.86	10.0	0.0	3500.0	31.1	0.0
74985.0	21.76	35.43	1.13	14.89	10.0	0.0	3500.0	31.1	0.0
75046.0	21.66	35.34	1.13	14.92	10.0	0.0	3500.0	31.1	0.0
75102.0	21.83	35.41	1.13	14.97	10.0	0.0	3500.0	31.1	0.0
75158.0	21.78	35.37	1.13	14.94	10.0	0.0	3500.0	31.1	0.0
75213.0	21.8	35.38	1.13	14.97	10.0	0.0	3500.0	31.1	0.0
75275.0	21.69	35.18	1.14	14.95	10.0	0.0	3500.0	31.1	0.0
75336.0	21.68	35.27	1.14	14.91	10.0	0.0	3500.0	31.1	0.0
75393.0	21.79	35.27	1.13	14.87	10.0	0.0	3500.0	31.1	0.0
75448.0	21.89	35.33	1.13	14.92	10.0	0.0	3500.0	31.1	0.0
75509.0	21.78	35.35	1.13	14.95	10.0	0.0	3500.0	31.1	0.0
75571.0	21.56	35.2	1.13	14.93	10.0	0.0	3500.0	31.1	0.0
75632.0	21.59	35.27	1.13	14.91	10.0	0.0	3500.0	31.1	0.0
75687.0	21.64	35.37	1.13	14.94	10.0	0.0	3500.0	31.1	0.0
75749.0	21.66	35.36	1.13	15.04	10.0	0.0	3500.0	31.1	0.0
75810.0	21.67	35.27	1.14	15.01	10.0	0.0	3500.0	31.1	0.0
75872.0	21.68	35.3	1.14	15.01	10.0	0.0	3500.0	31.1	0.0
75933.0	21.53	35.21	1.14	15.03	10.0	0.0	3500.0	31.1	0.0
75988.0	21.74	35.47	1.13	15.1	10.0	0.0	3500.0	31.1	0.0
76045.0	21.71	35.36	1.13	15.01	10.0	0.0	3500.0	31.1	0.0
76106.0	21.77	35.39	1.13	15.1	10.0	0.0	3500.0	31.1	0.0
76168.0	21.73	35.15	1.14	15.03	10.0	0.0	3500.0	31.1	0.0
76218.0	21.76	35.2	1.14	14.9	10.0	0.0	3500.0	31.1	0.0
76278.0	21.76	35.28	1.13	14.82	10.0	0.0	3500.0	31.1	0.0
76340.0	21.81	35.47	1.13	14.87	10.0	0.0	3500.0	31.1	0.0
76401.0	21.64	35.36	1.13	14.85	10.0	0.0	3500.0	31.1	0.0
76457.0	21.65	35.33	1.13	15.07	10.0	0.0	3500.0	31.1	0.0
76513.0	21.49	35.17	1.14	15.16	10.0	0.0	3500.0	31.1	0.0
76574.0	21.73	35.46	1.13	15.28	10.0	0.0	3500.0	31.1	0.0
76631.0	21.64	35.36	1.13	15.35	10.0	0.0	3500.0	31.1	0.0
76692.0	21.67	35.33	1.13	15.2	10.0	0.0	3500.0	31.1	0.0
76753.0	21.6	35.14	1.14	15.05	10.0	0.0	3500.0	31.1	0.0
76809.0	21.76	35.4	1.13	15.05	10.0	0.0	3500.0	31.1	0.0
76870.0	21.67	35.33	1.13	14.99	10.0	0.0	3500.0	31.1	0.0
76932.0	21.78	35.4	1.13	14.89	10.0	0.0	3500.0	31.1	0.0
76987.0	21.71	35.39	1.13	14.78	10.0	0.0	3500.0	31.1	0.0
77048.0	21.74	35.38	1.13	14.75	10.0	0.0	3500.0	31.1	0.0
77110.0	21.55	35.22	1.13	14.79	10.0	0.0	3500.0	31.1	0.0
77171.0	21.71	35.36	1.13	14.6	10.0	0.0	3500.0	31.1	0.0
77228.0	21.71	35.34	1.13	14.43	10.0	0.0	3500.0	31.1	0.0
77289.0	21.77	35.35	1.13	14.3	10.0	0.0	3500.0	31.1	0.0
77344.0	21.81	35.29	1.14	14.17	10.0	0.0	3500.0	31.1	0.0
77400.0	21.79	35.44	1.13	14.29	10.0	0.0	3500.0	31.1	0.0
77461.0	21.69	35.38	1.13	14.48	10.0	0.0	3500.0	31.1	0.0
77517.0	21.84	35.43	1.13	14.63	10.0	0.0	3500.0	31.1	0.0
77573.0	21.77	35.42	1.13	14.69	10.0	0.0	3500.0	31.1	0.0
77634.0	21.74	35.42	1.13	14.78	10.0	0.0	3500.0	31.1	0.0
77696.0	21.55	35.26	1.13	14.98	10.0	0.0	3500.0	31.1	0.0
77757.0	21.71	35.43	1.13	15.09	10.0	0.0	3500.0	31.1	0.0
77813.0	21.76	35.42	1.13	15.26	10.0	0.0	3500.0	31.1	0.0
77874.0	21.81	35.43	1.13	15.29	10.0	0.0	3500.0	31.1	0.0
77930.0	21.7	35.26	1.14	15.28	10.0	0.0	3500.0	31.1	0.0
77991.0	21.78	35.38	1.13	15.24	10.0	0.0	3500.0	31.1	0.0
78047.0	21.75	35.42	1.13	15.18	10.0	0.0	3500.0	31.1	0.0
78108.0	21.8	35.4	1.13	15.16	10.0	0.0	3500.0	31.1	0.0
78164.0	21.79	35.42	1.14	15.26	10.0	0.0	3500.0	31.1	0.0
78220.0	21.83	35.56	1.13	15.35	10.0	0.0	3500.0	31.1	0.0
78281.0	21.66	35.45	1.13	15.37	10.0	0.0	3500.0	31.1	0.0
78338.0	21.8	35.51	1.13	15.45	10.0	0.0	3500.0	31.1	0.0
78399.0	21.75	35.45	1.13	15.32	10.0	0.0	3500.0	31.1	0.0
78460.0	21.68	35.51	1.13	15.24	10.0	0.0	3500.0	31.1	0.0
78522.0	21.57	35.36	1.13	15.18	10.0	0.0	3500.0	31.1	0.0
78577.0	21.71	35.47	1.13	15.09	10.0	0.0	3500.0	31.1	0.0
78639.0	21.73	35.47	1.13	15.06	10.0	0.0	3500.0	31.1	0.0
78700.0	21.7	35.48	1.13	14.95	10.0	0.0	3500.0	31.1	0.0
78755.0	21.63	35.32	1.14	14.92	10.0	0.0	3500.0	31.1	0.0
78817.0	21.73	35.47	1.13	14.89	10.0	0.0	3500.0	31.1	0.0
78873.0	21.71	35.45	1.13	14.89	10.0	0.0	3500.0	31.1	0.0
78935.0	21.75	35.49	1.13	14.88	10.0	0.0	3500.0	31.1	0.0
78990.0	21.69	35.47	1.13	14.91	10.0	0.0	3500.0	31.1	0.0
79046.0	21.65	35.43	1.13	14.89	10.0	0.0	3500.0	31.1	0.0
79108.0	21.53	35.34	1.13	14.92	10.0	0.0	3500.0	31.1	0.0
79163.0	21.62	35.5	1.13	14.83	10.0	0.0	3500.0	31.1	0.0
79224.0	21.72	35.48	1.13	14.79	10.0	0.0	3500.0	31.1	0.0
79280.0	21.8	35.5	1.13	14.78	10.0	0.0	3500.0	31.1	0.0
79341.0	21.77	35.51	1.14	14.81	10.0	0.0	3500.0	31.1	0.0
79397.0	21.63	35.47	1.13	15.01	10.0	0.0	3500.0	31.1	0.0
79453.0	21.68	35.46	1.13	15.14	10.0	0.0	3500.0	31.1	0.0
79509.0	21.75	35.56	1.13	15.23	10.0	0.0	3500.0	31.1	0.0
79570.0	21.68	35.57	1.13	15.32	10.0	0.0	3500.0	31.1	0.0
79626.0	21.75	35.48	1.13	15.15	10.0	0.0	3500.0	31.1	0.0
79682.0	21.55	35.37	1.13	15.02	10.0	0.0	3500.0	31.1	0.0
79742.0	21.7	35.51	1.13	14.89	10.0	0.0	3500.0	31.1	0.0
79804.0	21.64	35.55	1.13	14.89	10.0	0.0	3500.0	31.1	0.0
79860.0	21.76	35.54	1.13	14.87	10.0	0.0	3500.0	31.1	0.0
79922.0	21.66	35.5	1.13	14.92	10.0	0.0	3500.0	31.1	0.0
80000.0	21.62	35.44	1.13	14.84	10.0	0.0	3500.0	31.1	0.0
80055.0	21.71	35.7	1.13	14.91	10.0	0.0	3500.0	31.1	0.0
80111.0	21.69	35.63	1.13	14.94	10.0	0.0	3500.0	31.1	0.0
80173.0	21.67	35.6	1.13	14.93	10.0	0.0	3500.0	31.1	0.0
80234.0	21.68	35.49	1.14	14.94	10.0	0.0	3500.0	31.1	0.0
80289.0	21.72	35.63	1.13	14.99	10.0	0.0	3500.0	31.1	0.0
80351.0	21.56	35.55	1.13	15.01	10.0	0.0	3500.0	31.1	0.0
80406.0	21.72	35.76	1.13	15.08	10.0	0.0	3500.0	31.1	0.0
80467.0	21.7	35.68	1.13	15.04	10.0	0.0	3500.0	31.1	0.0
80524.0	21.77	35.6	1.13	14.97	10.0	0.0	3500.0	31.1	0.0
80579.0	21.78	35.56	1.14	14.95	10.0	0.0	3500.0	31.1	0.0
80635.0	21.72	35.64	1.13	14.95	10.0	0.0	3500.0	31.1	0.0
80697.0	21.54	35.54	1.13	14.98	10.0	0.0	3500.0	31.1	0.0
80746.0	21.72	35.74	1.13	14.96	10.0	0.0	3500.0	31.1	0.0
80807.0	21.67	35.67	1.13	14.98	10.0	0.0	3500.0	31.1	0.0
80869.0	21.7	35.65	1.13	14.97	10.0	0.0	3500.0	31.1	0.0
80925.0	21.73	35.49	1.14	14.97	10.0	0.0	3500.0	31.1	0.0
80987.0	21.74	35.63	1.13	14.98	10.0	0.0	3500.0	31.1	0.0
81047.0	21.57	35.54	1.13	14.98	10.0	0.0	3500.0	31.1	0.0
81103.0	21.68	35.64	1.13	15.01	10.0	0.0	3500.0	31.1	0.0
81165.0	21.74	35.65	1.13	15.06	10.0	0.0	3500.0	31.1	0.0
81226.0	21.79	35.63	1.13	15.07	10.0	0.0	3500.0	31.1	0.0
81282.0	21.72	35.59	1.14	15.17	10.0	0.0	3500.0	31.1	0.0
81343.0	21.76	35.66	1.13	15.2	10.0	0.0	3500.0	31.1	0.0
81399.0	21.72	35.66	1.13	15.29	10.0	0.0	3500.0	31.1	0.0
81455.0	21.85	35.7	1.14	15.31	10.0	0.0	3500.0	31.1	0.0
81516.0	21.75	35.64	1.14	15.36	10.0	0.0	3500.0	31.1	0.0
81577.0	21.63	35.58	1.13	15.28	10.0	0.0	3500.0	31.1	0.0
81639.0	21.71	35.64	1.13	15.17	10.0	0.0	3500.0	31.1	0.0
81694.0	21.85	35.68	1.13	15.14	10.0	0.0	3500.0	31.1	0.0
81751.0	21.77	35.68	1.13	15.18	10.0	0.0	3500.0	31.1	0.0
81812.0	21.58	35.46	1.13	15.11	10.0	0.0	3500.0	31.1	0.0
81867.0	21.63	35.56	1.13	14.95	10.0	0.0	3500.0	31.1	0.0
81929.0	21.7	35.67	1.13	14.81	10.0	0.0	3500.0	31.1	0.0
81990.0	21.74	35.72	1.13	14.83	10.0	0.0	3500.0	31.1	0.0
82052.0	21.66	35.64	1.14	14.79	10.0	0.0	3500.0	31.1	0.0
82107.0	21.73	35.67	1.14	14.96	10.0	0.0	3500.0	31.1	0.0
82168.0	21.62	35.56	1.13	14.99	10.0	0.0	3500.0	31.1	0.0
82230.0	21.78	35.77	1.13	15.11	10.0	0.0	3500.0	31.1	0.0
82286.0	21.77	35.69	1.13	15.04	10.0	0.0	3500.0	31.1	0.0
82348.0	21.76	35.71	1.13	15.18	10.0	0.0	3500.0	31.1	0.0
82409.0	21.68	35.6	1.14	15.15	10.0	0.0	3500.0	31.1	0.0
82469.0	21.73	35.75	1.13	15.19	10.0	0.0	3500.0	31.1	0.0
82526.0	21.67	35.59	1.13	15.17	10.0	0.0	3500.0	31.1	0.0
82587.0	21.78	35.78	1.13	15.16	10.0	0.0	3500.0	31.1	0.0
82642.0	21.69	35.68	1.13	15.11	10.0	0.0	3500.0	31.1	0.0
82699.0	21.65	35.67	1.13	15.08	10.0	0.0	3500.0	31.1	0.0
82759.0	21.73	35.65	1.14	15.0	10.0	0.0	3500.0	31.1	0.0
82827.0	21.78	35.72	1.13	15.07	10.0	0.0	3500.0	31.1	0.0
82882.0	21.53	35.57	1.14	15.22	10.0	0.0	3500.0	31.1	0.0
82944.0	21.66	35.72	1.13	15.24	10.0	0.0	3500.0	31.1	0.0
83000.0	21.73	35.67	1.13	15.25	10.0	0.0	3500.0	31.1	0.0
83060.0	21.72	35.68	1.13	15.17	10.0	0.0	3500.0	31.1	0.0
83117.0	21.65	35.63	1.14	15.14	10.0	0.0	3500.0	31.1	0.0
83178.0	21.63	35.55	1.14	15.0	10.0	0.0	3500.0	31.1	0.0
83239.0	21.67	35.61	1.13	15.0	10.0	0.0	3500.0	31.1	0.0
83295.0	21.77	35.69	1.13	15.01	10.0	0.0	3500.0	31.1	0.0
83350.0	21.86	35.85	1.13	15.13	10.0	0.0	3500.0	31.1	0.0
83418.0	21.8	35.73	1.13	15.11	10.0	0.0	3500.0	31.1	0.0
83473.0	21.75	35.69	1.13	15.12	10.0	0.0	3500.0	31.1	0.0
83534.0	21.71	35.48	1.14	15.07	10.0	0.0	3500.0	31.1	0.0
83591.0	21.86	35.75	1.13	15.21	10.0	0.0	3500.0	31.1	0.0
83646.0	21.8	35.67	1.13	15.15	10.0	0.0	3500.0	31.1	0.0
83701.0	21.78	35.77	1.13	15.23	10.0	0.0	3500.0	31.1	0.0
83763.0	21.7	35.71	1.13	15.19	10.0	0.0	3500.0	31.1	0.0
83819.0	21.68	35.73	1.13	15.03	10.0	0.0	3500.0	31.1	0.0
83874.0	21.59	35.6	1.13	14.87	10.0	0.0	3500.0	31.1	0.0
83936.0	21.7	35.85	1.13	14.88	10.0	0.0	3500.0	31.1	0.0
83997.0	21.68	35.7	1.13	14.83	10.0	0.0	3500.0	31.1	0.0
84052.0	21.81	35.74	1.13	14.89	10.0	0.0	3500.0	31.1	0.0
84114.0	21.81	35.74	1.13	14.94	10.0	0.0	3500.0	31.1	0.0
84170.0	21.77	35.79	1.13	15.06	10.0	0.0	3500.0	31.1	0.0
84226.0	21.56	35.63	1.13	15.02	10.0	0.0	3500.0	31.1	0.0
84287.0	21.76	35.8	1.13	15.07	10.0	0.0	3500.0	31.1	0.0
84342.0	21.68	35.69	1.13	15.02	10.0	0.0	3500.0	31.1	0.0
84404.0	21.82	35.72	1.13	15.01	10.0	0.0	3500.0	31.1	0.0
84460.0	21.8	35.74	1.13	14.98	10.0	0.0	3500.0	31.1	0.0
84521.0	21.77	35.73	1.13	15.01	10.0	0.0	3500.0	31.1	0.0
84582.0	21.7	35.59	1.14	15.11	10.0	0.0	3500.0	31.1	0.0
84643.0	21.62	35.64	1.13	15.08	10.0	0.0	3500.0	31.1	0.0
84705.0	21.66	35.67	1.13	15.08	10.0	0.0	3500.0	31.1	0.0
84766.0	21.73	35.79	1.13	15.09	10.0	0.0	3500.0	31.1	0.0
84828.0	21.72	35.79	1.13	15.18	10.0	0.0	3500.0	31.1	0.0
84883.0	21.74	35.52	1.13	15.03	10.0	0.0	3500.0	31.1	0.0
84944.0	21.75	35.63	1.13	15.0	10.0	0.0	3500.0	31.1	0.0
85001.0	21.71	35.69	1.13	14.94	10.0	0.0	3500.0	31.1	0.0
85062.0	21.79	35.9	1.13	15.0	10.0	0.0	3500.0	31.1	0.0
85123.0	21.75	35.78	1.13	15.01	10.0	0.0	3500.0	31.1	0.0
85179.0	21.79	35.75	1.13	14.96	10.0	0.0	3500.0	31.1	0.0
85234.0	21.79	35.73	1.14	14.94	10.0	0.0	3500.0	31.1	0.0
85296.0	21.77	35.76	1.13	14.86	10.0	0.0	3500.0	31.1	0.0
85352.0	21.57	35.66	1.13	14.9	10.0	0.0	3500.0	31.1	0.0
85419.0	21.75	35.77	1.13	14.85	10.0	0.0	3500.0	31.1	0.0
85474.0	21.69	35.69	1.13	14.84	10.0	0.0	3500.0	31.1	0.0
85530.0	21.74	35.73	1.13	14.91	10.0	0.0	3500.0	31.1	0.0
85592.0	21.68	35.69	1.14	15.02	10.0	0.0	3500.0	31.1	0.0
85647.0	21.73	35.82	1.13	15.03	10.0	0.0	3500.0	31.1	0.0
85708.0	21.6	35.65	1.13	15.05	10.0	0.0	3500.0	31.1	0.0
85770.0	21.72	35.7	1.13	15.0	10.0	0.0	3500.0	31.1	0.0
85825.0	21.67	35.7	1.13	14.95	10.0	0.0	3500.0	31.1	0.0
85886.0	21.76	35.71	1.13	14.87	10.0	0.0	3500.0	31.1	0.0
85943.0	21.74	35.74	1.13	14.89	10.0	0.0	3500.0	31.1	0.0
86004.0	21.54	35.55	1.13	14.91	10.0	0.0	3500.0	31.1	0.0
86065.0	21.59	35.62	1.13	15.03	10.0	0.0	3500.0	31.1	0.0
86126.0	21.71	35.7	1.13	15.06	10.0	0.0	3500.0	31.1	0.0
86182.0	21.73	35.77	1.13	15.2	10.0	0.0	3500.0	31.1	0.0
86238.0	21.73	35.74	1.14	15.14	10.0	0.0	3500.0	31.1	0.0
86294.0	21.68	35.69	1.13	14.99	10.0	0.0	3500.0	31.1	0.0
86349.0	21.56	35.54	1.13	14.84	10.0	0.0	3500.0	31.1	0.0
86406.0	21.67	35.62	1.13	14.8	10.0	0.0	3500.0	31.1	0.0
86466.0	21.81	35.75	1.13	14.73	10.0	0.0	3500.0	31.1	0.0
86522.0	21.75	35.78	1.13	14.94	10.0	0.0	3500.0	31.1	0.0
86578.0	21.74	35.76	1.14	14.95	10.0	0.0	3500.0	31.1	0.0
86634.0	21.64	35.72	1.14	14.97	10.0	0.0	3500.0	31.1	0.0
86689.0	21.56	35.62	1.14	14.97	10.0	0.0	3500.0	31.1	0.0
86751.0	21.74	35.86	1.13	15.04	10.0	0.0	3500.0	31.1	0.0
86812.0	21.65	35.71	1.13	15.09	10.0	0.0	3500.0	31.1	0.0
86867.0	21.81	35.81	1.13	15.09	10.0	0.0	3500.0	31.1	0.0
86929.0	21.75	35.76	1.13	15.08	10.0	0.0	3500.0	31.1	0.0
86990.0	21.76	35.78	1.13	15.1	10.0	0.0	3500.0	31.1	0.0
87047.0	21.59	35.56	1.13	15.04	10.0	0.0	3500.0	31.1	0.0
87102.0	21.78	35.8	1.13	15.05	10.0	0.0	3500.0	31.1	0.0
87163.0	21.66	35.71	1.13	15.06	10.0	0.0	3500.0	31.1	0.0
87219.0	21.73	35.79	1.13	15.05	10.0	0.0	3500.0	31.1	0.0
87285.0	21.81	35.77	1.13	15.05	10.0	0.0	3500.0	31.1	0.0
87347.0	21.84	35.76	1.13	15.05	10.0	0.0	3500.0	31.1	0.0
87403.0	21.75	35.75	1.13	15.18	10.0	0.0	3500.0	31.1	0.0
87458.0	21.67	35.7	1.13	15.16	10.0	0.0	3500.0	31.1	0.0
87520.0	21.65	35.69	1.13	15.06	10.0	0.0	3500.0	31.1	0.0
87576.0	21.76	35.83	1.13	14.97	10.0	0.0	3500.0	31.1	0.0
87638.0	21.64	35.8	1.13	14.94	10.0	0.0	3500.0	31.1	0.0
87698.0	21.68	35.69	1.14	14.9	10.0	0.0	3500.0	31.1	0.0
87759.0	21.68	35.72	1.14	14.85	10.0	0.0	3500.0	31.1	0.0
87816.0	21.69	35.7	1.13	14.77	10.0	0.0	3500.0	31.1	0.0
87877.0	21.8	35.88	1.13	14.79	10.0	0.0	3500.0	31.1	0.0
87932.0	21.76	35.79	1.13	14.78	10.0	0.0	3500.0	31.1	0.0
87994.0	21.76	35.79	1.13	14.78	10.0	0.0	3500.0	31.1	0.0
88049.0	21.74	35.72	1.14	14.74	10.0	0.0	3500.0	31.1	0.0
88105.0	21.77	35.75	1.14	14.72	10.0	0.0	3500.0	31.1	0.0
88167.0	21.78	35.78	1.13	14.68	10.0	0.0	3500.0	31.1	0.0
88230.0	21.96	36.06	1.13	14.82	10.0	0.0	3500.0	0.0	0.0
88297.0	21.82	35.82	1.14	15.12	10.0	0.0	3500.0	0.0	0.0
88364.0	21.62	35.65	1.13	15.25	10.0	0.0	3500.0	0.0	0.0
88424.0	21.19	35.2	1.14	15.5	10.0	0.0	3500.0	0.0	0.0
88484.0	21.15	35.42	1.13	15.56	10.0	0.0	3500.0	0.0	0.0
88540.0	21.03	35.28	1.13	15.7	10.0	0.0	3500.0	0.0	2.0
88600.0	21.23	35.36	1.13	15.45	10.0	0.0	3500.0	0.0	2.0
88662.0	21.49	35.64	1.13	15.35	10.0	0.0	3500.0	0.0	2.0
88722.0	21.52	35.59	1.13	15.34	10.0	0.0	3500.0	0.0	2.0
88782.0	21.59	35.7	1.13	15.38	10.0	0.0	3500.0	0.0	2.0
88838.0	21.53	35.62	1.13	15.4	10.0	0.0	3500.0	0.0	2.0
88893.0	21.54	35.7	1.13	15.45	10.0	0.0	3500.0	0.0	2.0
88948.0	21.6	35.76	1.13	15.39	10.0	0.0	3500.0	0.0	2.0
89010.0	21.67	35.75	1.14	15.34	10.0	0.0	3500.0	0.0	0.0
89070.0	21.66	35.71	1.13	15.32	10.0	0.0	3500.0	0.0	0.0
89125.0	21.7	35.73	1.13	15.28	10.0	0.0	3500.0	0.0	0.0
89186.0	21.71	35.73	1.13	15.22	10.0	0.0	3500.0	0.0	0.0
89246.0	21.74	35.73	1.13	15.2	10.0	0.0	3500.0	0.0	0.0
89307.0	21.72	35.72	1.13	15.25	10.0	0.0	3500.0	0.0	0.0
89362.0	21.74	35.83	1.13	15.2	10.0	0.0	3500.0	0.0	0.0
89422.0	21.72	35.75	1.14	15.31	10.0	0.0	3500.0	0.0	0.0
89478.0	21.71	35.73	1.14	15.25	10.0	0.0	3500.0	0.0	0.0
89533.0	21.71	35.7	1.14	15.2	10.0	0.0	3500.0	0.0	0.0
89593.0	21.75	35.73	1.13	15.14	10.0	0.0	3500.0	0.0	0.0
89649.0	21.79	35.76	1.13	15.13	10.0	0.0	3500.0	0.0	0.0
89709.0	21.76	35.79	1.13	15.05	10.0	0.0	3500.0	0.0	0.0
89769.0	21.61	35.64	1.13	15.04	10.0	0.0	3500.0	0.0	0.0
89825.0	21.64	35.7	1.13	14.96	10.0	0.0	3500.0	0.0	0.0
89885.0	21.66	35.72	1.13	14.94	10.0	0.0	3500.0	0.0	0.0
89946.0	21.73	35.7	1.13	15.04	10.0	0.0	3500.0	0.0	0.0
90001.0	21.72	35.79	1.13	15.1	10.0	0.0	3500.0	0.0	0.0
90061.0	21.75	35.77	1.13	15.09	10.0	0.0	3500.0	0.0	0.0
90123.0	21.79	35.9	1.13	15.18	10.0	0.0	3500.0	0.0	0.0
90177.0	21.59	35.73	1.13	15.14	10.0	0.0	3500.0	0.0	0.0
90238.0	21.55	35.73	1.13	15.07	10.0	0.0	3500.0	0.0	0.0
90293.0	21.59	35.7	1.13	15.05	10.0	0.0	3500.0	0.0	0.0
90348.0	21.76	35.9	1.13	14.97	10.0	0.0	3500.0	0.0	0.0
90408.0	21.61	35.79	1.13	15.01	10.0	0.0	3500.0	0.0	0.0
90469.0	21.66	35.76	1.13	15.01	10.0	0.0	3500.0	0.0	0.0
90530.0	21.69	35.76	1.14	15.0	10.0	0.0	3500.0	0.0	0.0
90585.0	21.76	35.75	1.14	15.05	10.0	0.0	3500.0	0.0	0.0
90645.0	21.79	35.74	1.13	15.02	10.0	0.0	3500.0	0.0	0.0
90700.0	21.72	35.73	1.13	15.07	10.0	0.0	3500.0	0.0	0.0
90761.0	21.7	35.76	1.13	15.12	10.0	0.0	3500.0	0.0	0.0
90827.0	21.77	35.73	1.13	15.1	10.0	0.0	3500.0	0.0	0.0
90883.0	21.79	35.86	1.13	15.16	10.0	0.0	3500.0	0.0	0.0
90938.0	21.63	35.71	1.13	15.15	10.0	0.0	3500.0	0.0	0.0
90998.0	21.63	35.7	1.13	15.14	10.0	0.0	3500.0	0.0	0.0
91054.0	21.73	35.72	1.13	15.11	10.0	0.0	3500.0	0.0	0.0
91114.0	21.76	35.79	1.13	15.04	10.0	0.0	3500.0	0.0	0.0
91174.0	21.73	35.71	1.13	15.04	10.0	0.0	3500.0	0.0	0.0
91230.0	21.72	35.75	1.13	15.0	10.0	0.0	3500.0	0.0	0.0
91290.0	21.66	35.62	1.13	14.94	10.0	0.0	3500.0	0.0	0.0
91351.0	21.66	35.63	1.13	14.93	10.0	0.0	3500.0	0.0	0.0
91406.0	21.67	35.68	1.13	14.94	10.0	0.0	3500.0	0.0	0.0
91466.0	21.69	35.71	1.13	14.97	10.0	0.0	3500.0	0.0	0.0
91527.0	21.7	35.78	1.13	14.95	10.0	0.0	3500.0	0.0	0.0
91587.0	21.72	35.76	1.13	14.98	10.0	0.0	3500.0	0.0	0.0
91642.0	21.71	35.86	1.13	15.02	10.0	0.0	3500.0	0.0	0.0
91703.0	21.68	35.84	1.14	15.07	10.0	0.0	3500.0	0.0	0.0
91763.0	21.63	35.78	1.13	15.04	10.0	0.0	3500.0	0.0	0.0
91819.0	21.74	35.75	1.13	15.04	10.0	0.0	3500.0	0.0	0.0
91879.0	21.54	35.74	1.13	15.1	10.0	0.0	3500.0	0.0	0.0
91940.0	21.6	35.74	1.13	15.06	10.0	0.0	3500.0	0.0	0.0
91995.0	21.65	35.75	1.13	14.97	10.0	0.0	3500.0	0.0	0.0
92058.0	21.69	35.86	1.13	15.09	10.0	0.0	3500.0	0.0	0.0
92116.0	21.89	35.97	1.14	14.98	10.0	0.0	3500.0	0.0	0.0
92178.0	21.69	35.8	1.14	15.29	10.0	0.0	3500.0	0.0	0.0
92239.0	21.5	35.67	1.13	15.81	10.0	0.0	3500.0	0.0	0.0
92295.0	21.39	35.51	1.13	16.11	10.0	0.0	3500.0	0.0	0.0
92351.0	21.44	35.46	1.14	16.08	10.0	0.0	3500.0	0.0	0.0
92406.0	21.54	35.67	1.13	16.44	10.0	0.0	3500.0	0.0	0.0
92465.0	21.31	35.45	1.13	16.77	10.0	0.0	3500.0	0.0	0.0
92524.0	21.32	35.59	1.12	17.01	10.0	2770.59	3500.0	0.0	2.0
92581.0	21.02	35.44	1.13	16.89	10.0	2829.12	3500.0	0.0	2.0
92642.0	20.95	35.23	1.13	16.73	10.0	3014.47	3500.0	0.0	2.0
92697.0	20.95	35.27	1.14	16.85	10.0	3203.76	3500.0	0.0	2.0
92751.0	21.4	35.53	1.13	16.59	10.0	3399.82	3500.0	0.0	2.0
92816.0	21.69	35.39	1.13	16.41	10.0	3671.07	3500.0	0.0	2.0
92873.0	21.77	35.65	1.13	16.1	10.0	4002.13	3500.0	0.0	2.0
92932.0	21.55	35.49	1.13	15.71	10.0	4335.26	3500.0	0.0	2.0
92992.0	21.52	35.33	1.13	15.36	10.0	4746.84	3500.0	0.0	2.0
93045.0	21.5	35.47	1.13	15.18	10.0	5064.15	3500.0	0.0	2.0
93109.0	21.84	35.71	1.13	14.93	10.0	5886.97	3500.0	0.0	2.0
93171.0	21.56	36.16	1.14	14.77	9.0	104166.67	3500.0	0.0	2.0
93230.0	21.79	35.85	1.14	14.82	5.0	6887.05	3500.0	0.0	2.0
93289.0	22.01	35.98	1.14	14.71	1.0	6925.21	3500.0	0.0	2.0
93351.0	21.99	36.12	1.13	14.46	0.0	8090.61	3500.0	0.0	2.0
93413.0	21.66	36.03	1.13	13.98	0.0	14312.98	3500.0	0.0	2.0
93471.0	21.8	36.06	1.12	13.68	0.0	6350.55	3500.0	0.0	2.0
93531.0	21.47	35.6	1.13	13.63	0.0	6678.54	3500.0	-10.71	1.0
93602.0	21.45	35.48	1.13	13.33	0.0	6714.41	3500.0	-13.89	1.0
93654.0	21.25	35.89	1.13	13.29	0.0	6880.73	3500.0	-17.01	1.0
93714.0	21.31	35.51	1.12	13.17	0.0	6963.79	3500.0	-16.79	1.0
93774.0	21.64	35.55	1.12	13.21	0.0	7075.47	3500.0	-15.99	1.0
93834.0	21.39	35.72	1.12	13.22	0.0	7149.67	3500.0	-16.36	1.0
93891.0	21.33	36.12	1.12	13.31	0.0	7163.32	3500.0	-15.22	1.0
93959.0	21.66	36.0	1.12	13.37	0.0	19841.27	3500.0	-13.44	1.0
94019.0	21.65	35.95	1.12	13.49	0.0	7088.85	3500.0	-12.13	1.0
94080.0	21.33	35.82	1.12	13.5	0.0	10563.38	3500.0	-13.58	1.0
94137.0	21.52	35.68	1.12	13.67	0.0	7309.94	3500.0	-9.59	1.0
94193.0	21.36	35.45	1.12	13.88	0.0	7367.39	3500.0	-6.0	1.0
94257.0	21.14	35.17	1.13	13.91	0.0	7274.49	3500.0	-6.95	1.0
94315.0	21.49	35.42	1.13	13.97	0.0	7500000.0	3500.0	-4.67	1.0
94366.0	21.61	35.43	1.13	14.07	0.0	7331.38	3500.0	-5.36	1.0
94423.0	21.52	35.34	1.13	14.27	0.0	7396.45	3500.0	-0.4	1.0
94480.0	21.62	35.54	1.12	14.58	0.0	7440.48	3500.0	1.54	1.0
94542.0	21.46	35.39	1.12	14.67	0.0	7455.27	3500.0	5.41	1.0
94599.0	21.71	35.77	1.12	14.75	0.0	7477.57	3500.0	4.47	1.0
94665.0	21.4	35.65	1.13	14.6	0.0	7485.03	3500.0	4.32	1.0
94718.0	21.5	35.72	1.14	14.61	0.0	258620.69	3500.0	4.13	1.0
94776.0	21.43	35.12	1.14	14.75	0.0	7447.86	3500.0	6.06	1.0
94841.0	21.46	35.57	1.14	15.1	0.0	7492.51	3500.0	10.86	1.0
94899.0	21.51	35.7	1.12	15.43	0.0	7425.74	3500.0	15.13	1.0
94952.0	21.45	35.59	1.13	15.47	0.0	7425.74	3500.0	16.03	1.0
95011.0	21.35	35.63	1.13	15.57	0.0	7345.74	3500.0	18.08	1.0
95073.0	21.24	35.37	1.15	15.81	0.0	27573.53	3500.0	19.44	1.0
95136.0	20.85	35.22	1.13	16.73	0.0	27573.53	3500.0	19.44	1.0
95195.0	20.6	35.11	1.13	17.08	0.0	27573.53	3500.0	19.44	1.0
95252.0	20.64	35.09	1.13	17.09	0.0	27573.53	3500.0	19.44	1.0
95309.0	20.91	35.24	1.12	17.44	0.0	27573.53	3500.0	19.44	1.0
95368.0	21.08	35.32	1.12	18.4	0.0	27573.53	3500.0	19.44	1.0
95425.0	21.17	35.44	1.12	19.04	0.0	27573.53	3500.0	19.44	1.0
95489.0	21.17	35.42	1.12	19.45	0.0	27573.53	3500.0	19.44	1.0
95546.0	21.23	35.47	1.12	19.67	0.0	27573.53	3500.0	19.44	1.0
95604.0	21.35	35.51	1.12	19.8	0.0	27573.53	3500.0	19.44	1.0
95662.0	21.23	35.51	1.12	19.88	0.0	27573.53	3500.0	19.44	1.0
95725.0	20.97	35.36	1.12	19.93	0.0	27573.53	3500.0	19.44	1.0
95782.0	21.12	35.44	1.12	19.96	0.0	27573.53	3500.0	19.44	1.0
95843.0	21.24	35.55	1.12	19.98	0.0	77.96	3500.0	59.51	1.0
95903.0	21.39	35.75	1.13	19.99	0.0	1360.42	3500.0	58.12	1.0
95960.0	21.53	35.8	1.13	19.99	0.0	1360.42	3500.0	58.12	1.0
96017.0	21.56	35.75	1.12	20.0	0.0	1360.42	3500.0	58.12	1.0
96079.0	21.59	35.77	1.12	20.0	0.0	1360.42	3500.0	58.12	1.0
96137.0	21.58	35.82	1.12	20.0	0.0	1360.42	3500.0	58.12	1.0
96194.0	21.61	35.92	1.12	20.0	0.0	1360.42	3500.0	58.12	1.0
96250.0	21.58	35.98	1.12	20.0	0.0	1360.42	3500.0	58.12	1.0
96314.0	21.54	35.99	1.12	20.0	11.0	1360.42	3500.0	58.12	1.0
96371.0	21.05	35.73	1.12	20.0	16.0	1360.42	3500.0	58.12	1.0
96429.0	20.97	35.6	1.12	20.0	16.0	1360.42	3500.0	58.12	1.0
96481.0	21.07	35.68	1.12	20.0	16.0	1360.42	3500.0	58.12	1.0
96543.0	21.06	35.66	1.12	20.0	16.0	0.0	3500.0	58.12	0.0
96599.0	21.1	35.84	1.12	20.0	16.0	0.0	3500.0	58.12	0.0
96655.0	21.15	35.67	1.13	20.0	16.0	0.0	3500.0	58.12	0.0
96710.0	21.43	35.85	1.13	20.0	16.0	0.0	3500.0	58.12	0.0
96772.0	21.53	35.96	1.13	20.0	16.0	0.0	3500.0	58.12	0.0
96827.0	21.6	36.05	1.13	20.0	16.0	0.0	3500.0	58.12	0.0
96888.0	21.72	36.24	1.12	20.0	16.0	0.0	3500.0	58.12	0.0
96945.0	21.74	36.27	1.13	20.0	16.0	0.0	3500.0	58.12	0.0
97005.0	21.55	36.24	1.12	20.0	4.0	0.0	3500.0	58.12	0.0
97060.0	21.17	35.96	1.12	20.0	0.0	0.0	3500.0	58.12	0.0
97121.0	21.26	35.93	1.12	20.0	0.0	0.0	3500.0	58.12	0.0
97182.0	21.35	36.05	1.12	20.0	0.0	0.0	3500.0	58.12	0.0
97248.0	21.48	36.22	1.12	20.0	0.0	0.0	3500.0	58.12	0.0
97308.0	21.61	36.39	1.13	20.0	0.0	0.0	3500.0	58.12	0.0
97370.0	21.66	36.47	1.13	20.0	0.0	0.0	3500.0	58.12	0.0
97425.0	21.78	36.56	1.13	20.0	0.0	0.0	3500.0	58.12	0.0
97485.0	21.78	36.59	1.13	20.0	0.0	0.0	3500.0	58.12	0.0
97546.0	21.83	36.64	1.13	20.0	0.0	0.0	3500.0	58.12	0.0
97601.0	21.9	36.71	1.13	20.0	0.0	0.0	3500.0	58.12	0.0
97661.0	21.9	36.82	1.13	20.0	0.0	0.0	3500.0	58.12	0.0
97722.0	21.9	36.92	1.13	20.0	0.0	0.0	3500.0	58.12	0.0
97777.0	21.9	36.96	1.13	20.0	0.0	0.0	3500.0	58.12	0.0
97832.0	21.87	37.01	1.13	20.0	0.0	0.0	3500.0	58.12	0.0
97893.0	21.85	37.05	1.14	20.0	0.0	0.0	3500.0	58.12	0.0
97948.0	21.92	37.09	1.14	20.0	0.0	0.0	3500.0	58.12	0.0
98009.0	21.89	37.08	1.13	20.0	0.0	0.0	3500.0	58.12	0.0
98069.0	21.9	37.08	1.14	20.0	0.0	0.0	3500.0	58.12	0.0
98124.0	21.85	37.11	1.13	20.0	0.0	0.0	3500.0	58.12	0.0
98185.0	21.91	37.19	1.13	20.0	0.0	0.0	3500.0	58.12	0.0
98240.0	21.92	37.23	1.13	20.0	0.0	0.0	3500.0	58.12	0.0
98300.0	21.91	37.37	1.13	20.0	0.0	0.0	3500.0	58.12	0.0
98356.0	21.91	37.44	1.14	20.0	0.0	0.0	3500.0	58.12	0.0
98416.0	21.91	37.48	1.13	20.0	0.0	0.0	3500.0	58.12	0.0
98471.0	21.91	37.54	1.14	20.0	0.0	0.0	3500.0	58.12	0.0
98527.0	21.98	37.54	1.14	20.0	0.0	0.0	3500.0	58.12	0.0
98587.0	21.91	37.52	1.14	20.0	0.0	0.0	3500.0	58.12	0.0
98642.0	21.95	37.59	1.14	20.0	0.0	0.0	3500.0	58.12	0.0
98703.0	21.92	37.62	1.14	20.0	0.0	0.0	3500.0	58.12	0.0
98758.0	21.95	37.76	1.14	20.0	0.0	0.0	3500.0	58.12	0.0
98819.0	21.91	37.82	1.13	20.0	0.0	0.0	3500.0	58.12	0.0
98874.0	21.96	37.89	1.14	20.0	0.0	0.0	3500.0	58.12	0.0
98934.0	21.98	37.96	1.14	20.0	0.0	0.0	3500.0	58.12	0.0
98996.0	21.85	37.76	1.14	20.0	0.0	0.0	3500.0	58.12	0.0
99056.0	21.93	37.95	1.14	20.0	0.0	0.0	3500.0	58.12	0.0
99111.0	21.91	37.99	1.14	20.0	0.0	0.0	3500.0	58.12	0.0
99172.0	21.94	38.08	1.14	20.0	0.0	0.0	3400.0	58.12	0.0
99227.0	21.93	38.2	1.14	20.0	0.0	0.0	3400.0	58.12	0.0
99288.0	21.82	38.3	1.14	20.0	0.0	0.0	3400.0	58.12	0.0
99348.0	21.81	38.37	1.14	20.0	0.0	0.0	3400.0	58.12	0.0
99403.0	21.87	38.38	1.13	20.0	0.0	0.0	3400.0	58.12	0.0
99459.0	21.88	38.43	1.13	20.0	0.0	0.0	3400.0	58.12	0.0
99519.0	21.96	38.42	1.14	20.0	0.0	0.0	3400.0	58.12	0.0
99574.0	21.96	38.48	1.14	20.0	0.0	0.0	3400.0	58.12	0.0
99629.0	21.92	38.55	1.14	20.0	0.0	0.0	3400.0	58.12	0.0
99690.0	21.88	38.68	1.14	20.0	0.0	0.0	3400.0	58.12	0.0
99745.0	21.8	38.73	1.14	20.0	0.0	0.0	3400.0	58.12	0.0
99806.0	21.91	38.81	1.14	20.0	0.0	0.0	3400.0	58.12	0.0
99861.0	21.96	38.84	1.14	20.0	0.0	0.0	3400.0	58.12	0.0
99921.0	21.9	38.89	1.14	20.0	0.0	0.0	3400.0	58.12	0.0
99982.0	21.93	38.9	1.14	20.0	0.0	0.0	3400.0	58.12	0.0
100037.0	21.94	38.99	1.14	20.0	0.0	0.0	3400.0	58.12	0.0
100092.0	21.9	39.01	1.13	20.0	0.0	0.0	3400.0	58.12	0.0
100154.0	21.94	39.11	1.13	20.0	0.0	0.0	3400.0	58.12	0.0
100215.0	21.9	39.19	1.14	20.0	0.0	0.0	3400.0	58.12	0.0
100271.0	21.9	39.29	1.14	20.0	0.0	0.0	3400.0	58.12	0.0
100332.0	21.9	39.3	1.14	20.0	0.0	0.0	3400.0	58.12	0.0
100387.0	21.91	39.3	1.13	20.0	0.0	0.0	3400.0	58.12	0.0
100449.0	21.88	39.36	1.14	20.0	0.0	0.0	3400.0	58.12	0.0
100504.0	21.87	39.5	1.14	20.0	0.0	0.0	3400.0	58.12	0.0
100560.0	21.82	39.58	1.13	20.0	0.0	0.0	3400.0	58.12	0.0
100621.0	21.91	39.6	1.13	20.0	0.0	0.0	3400.0	58.12	0.0
100677.0	21.88	39.64	1.13	20.0	0.0	0.0	3400.0	58.12	0.0
100738.0	21.94	39.71	1.13	20.0	0.0	0.0	3400.0	58.12	0.0
100794.0	21.93	39.81	1.13	20.0	0.0	0.0	3400.0	58.12	0.0
100854.0	21.94	39.84	1.13	20.0	0.0	0.0	3400.0	58.12	0.0
100911.0	21.91	39.92	1.13	20.0	0.0	0.0	3400.0	58.12	0.0
100971.0	21.94	40.02	1.13	20.0	0.0	0.0	3400.0	58.12	0.0
101027.0	21.95	40.11	1.13	20.0	0.0	0.0	3400.0	58.12	0.0
101088.0	21.9	40.12	1.13	20.0	0.0	0.0	3400.0	58.12	0.0
101155.0	21.87	40.23	1.13	20.0	0.0	0.0	3400.0	58.12	0.0
101216.0	21.87	40.28	1.13	20.0	0.0	0.0	3400.0	58.12	0.0
101272.0	21.85	40.26	1.13	20.0	0.0	0.0	3400.0	58.12	0.0
101327.0	21.9	40.36	1.13	20.0	0.0	0.0	3400.0	58.12	0.0
101383.0	21.85	40.4	1.13	20.0	0.0	0.0	3400.0	58.12	0.0
101438.0	21.92	40.49	1.13	20.0	0.0	0.0	3400.0	58.12	0.0
101494.0	21.96	40.55	1.13	20.0	0.0	0.0	3400.0	58.12	0.0
101555.0	21.89	40.58	1.13	20.0	0.0	0.0	3400.0	58.12	0.0
101616.0	21.9	40.6	1.13	20.0	0.0	0.0	3400.0	58.12	0.0
101678.0	21.92	40.63	1.13	20.0	0.0	0.0	3400.0	58.12	0.0
101733.0	21.87	40.7	1.13	20.0	0.0	0.0	3400.0	58.12	0.0
101788.0	21.91	40.84	1.14	20.0	0.0	0.0	3400.0	58.12	0.0
101850.0	21.83	40.86	1.14	20.0	0.0	0.0	3400.0	58.12	0.0
101905.0	21.93	41.04	1.13	20.0	0.0	0.0	3400.0	58.12	0.0
101966.0	21.83	41.02	1.13	20.0	0.0	0.0	3400.0	58.12	0.0
102022.0	21.88	41.09	1.13	20.0	0.0	0.0	3400.0	58.12	0.0
102083.0	21.88	41.07	1.13	20.0	0.0	0.0	3400.0	58.12	0.0
102138.0	21.89	41.12	1.13	20.0	0.0	0.0	3400.0	58.12	0.0
102195.0	21.87	41.29	1.13	20.0	0.0	0.0	3400.0	58.12	0.0
102255.0	21.84	41.32	1.13	20.0	0.0	0.0	3400.0	58.12	0.0
102311.0	21.86	41.38	1.13	20.0	0.0	0.0	3400.0	58.12	0.0
102367.0	21.87	41.43	1.13	20.0	0.0	0.0	3400.0	58.12	0.0
102428.0	21.85	41.51	1.13	20.0	0.0	0.0	3400.0	58.12	0.0
102483.0	21.78	41.51	1.13	20.0	0.0	0.0	3400.0	58.12	0.0
102539.0	21.77	41.52	1.13	20.0	0.0	0.0	3400.0	58.12	0.0
102595.0	21.7	41.61	1.13	20.0	0.0	0.0	3400.0	58.12	0.0
102662.0	21.7	41.72	1.14	20.0	0.0	0.0	3400.0	58.12	0.0
102717.0	21.63	41.77	1.14	20.0	0.0	0.0	3400.0	58.12	0.0
102784.0	21.66	41.84	1.14	20.0	0.0	0.0	3400.0	58.12	0.0
102845.0	21.75	41.87	1.14	20.0	0.0	0.0	3400.0	58.12	0.0
102905.0	21.67	41.93	1.14	20.0	0.0	0.0	3400.0	58.12	0.0
102962.0	21.65	41.89	1.15	20.0	0.0	0.0	3400.0	58.12	0.0
103017.0	21.71	42.0	1.14	20.0	0.0	0.0	3400.0	58.12	0.0
103078.0	21.72	42.04	1.14	20.0	0.0	0.0	3400.0	58.12	0.0
103139.0	21.75	42.15	1.14	20.0	0.0	0.0	3400.0	58.12	0.0
103206.0	21.71	42.25	1.14	20.0	0.0	0.0	3400.0	58.12	0.0
103267.0	21.74	42.23	1.14	20.0	0.0	0.0	3400.0	58.12	0.0
103328.0	21.81	42.33	1.14	20.0	0.0	0.0	3400.0	58.12	0.0
103384.0	21.76	42.21	1.14	20.0	0.0	0.0	3400.0	58.12	0.0
103440.0	21.71	42.41	1.14	20.0	0.0	0.0	3400.0	58.12	0.0
103500.0	21.68	42.37	1.14	20.0	0.0	0.0	3400.0	58.12	0.0
103557.0	21.42	42.27	1.13	20.0	0.0	0.0	3400.0	58.12	0.0
103612.0	21.59	42.53	1.13	20.0	0.0	0.0	3400.0	58.12	0.0
103667.0	21.45	42.52	1.13	20.0	0.0	0.0	3400.0	58.12	0.0
103734.0	21.62	42.8	1.13	20.0	0.0	0.0	3400.0	58.12	0.0
103795.0	21.45	42.74	1.13	20.0	0.0	0.0	3400.0	58.12	0.0
103857.0	21.42	42.76	1.13	20.0	0.0	0.0	3400.0	58.12	0.0
103912.0	21.59	42.9	1.13	20.0	0.0	0.0	3400.0	58.12	0.0
103973.0	21.69	43.02	1.13	20.0	0.0	0.0	3400.0	58.12	0.0
104029.0	21.74	43.09	1.13	20.0	0.0	0.0	3400.0	58.12	0.0
104090.0	21.78	43.21	1.13	20.0	0.0	0.0	3400.0	58.12	0.0
104151.0	21.82	43.39	1.13	20.0	0.0	0.0	3400.0	58.12	0.0
104212.0	21.72	43.29	1.13	20.0	0.0	0.0	3400.0	58.12	0.0
104273.0	21.74	43.39	1.13	20.0	0.0	0.0	3400.0	58.12	0.0
104335.0	21.77	43.42	1.13	20.0	0.0	0.0	3400.0	58.12	0.0
104390.0	21.86	43.51	1.13	20.0	0.0	0.0	3400.0	58.12	0.0
104445.0	21.79	43.57	1.13	20.0	0.0	0.0	3400.0	58.12	0.0
104507.0	21.87	43.61	1.13	20.0	0.0	0.0	3400.0	58.12	0.0
104568.0	21.9	43.66	1.13	20.0	0.0	0.0	3400.0	58.12	0.0
104629.0	21.87	43.7	1.13	20.0	0.0	0.0	3400.0	58.12	0.0
104690.0	21.9	43.8	1.13	20.0	0.0	0.0	3400.0	58.12	0.0
104745.0	21.94	43.94	1.13	20.0	0.0	0.0	3400.0	58.12	0.0
104807.0	21.88	43.91	1.13	20.0	0.0	0.0	3400.0	58.12	0.0

================================Data log ends here================================