Log created on 1-5-2018__16.12.57
Tes 3

Time	MAT	CHT	MAP	AFR	TPS	RPM	CCM	Cons	State
7713.0	23.84	27.68	1.13	20.0	9.0	0.0	3600.0	0.0	0.0
7768.0	23.93	27.72	1.13	20.0	9.0	0.0	3600.0	0.0	0.0
7827.0	23.9	27.73	1.13	20.0	9.0	0.0	3600.0	0.0	0.0
7886.0	23.95	27.75	1.13	20.0	9.0	0.0	3600.0	0.0	0.0
7946.0	23.96	27.73	1.13	20.0	9.0	0.0	3600.0	0.0	0.0
8004.0	23.83	27.66	1.13	20.0	9.0	0.0	3600.0	0.0	0.0
8064.0	23.92	27.67	1.13	20.0	9.0	0.0	3600.0	0.0	0.0
8123.0	23.88	27.65	1.13	20.0	9.0	0.0	3600.0	0.0	0.0
8177.0	23.92	27.62	1.13	20.0	9.0	0.0	3600.0	0.0	0.0
8237.0	23.94	27.65	1.13	20.0	9.0	0.0	3600.0	0.0	0.0
8295.0	23.97	27.71	1.13	20.0	9.0	0.0	3600.0	0.0	0.0
8354.0	23.97	27.73	1.13	20.0	9.0	0.0	3600.0	0.0	0.0
8414.0	23.96	27.74	1.13	20.0	9.0	0.0	3600.0	0.0	0.0
8468.0	23.97	27.74	1.13	20.0	9.0	0.0	3600.0	0.0	0.0
8532.0	24.01	27.69	1.13	20.0	9.0	0.0	3600.0	0.0	0.0
8586.0	23.88	27.64	1.13	20.0	9.0	0.0	3600.0	0.0	0.0
8645.0	23.9	27.72	1.13	20.0	9.0	0.0	3600.0	0.0	0.0
8710.0	23.96	27.76	1.13	20.0	9.0	0.0	3600.0	0.0	0.0
8764.0	23.98	27.74	1.13	20.0	9.0	0.0	3600.0	0.0	0.0
8823.0	23.97	27.73	1.13	20.0	9.0	0.0	3600.0	0.0	0.0
8877.0	24.02	27.76	1.13	20.0	9.0	0.0	3600.0	0.0	0.0
8941.0	23.97	27.74	1.13	20.0	9.0	0.0	3600.0	0.0	0.0
9000.0	24.03	27.7	1.13	20.0	9.0	0.0	3600.0	0.0	0.0
9060.0	23.98	27.66	1.13	20.0	9.0	0.0	3600.0	0.0	0.0
9119.0	24.0	27.73	1.13	20.0	9.0	0.0	3600.0	0.0	0.0
9172.0	24.0	27.72	1.13	20.0	9.0	0.0	3600.0	0.0	0.0
9232.0	24.0	27.72	1.13	20.0	9.0	0.0	3600.0	0.0	0.0
9291.0	23.99	27.76	1.13	20.0	9.0	0.0	3600.0	0.0	0.0
9351.0	23.94	27.73	1.13	20.0	9.0	0.0	3600.0	0.0	0.0
9409.0	23.97	27.75	1.13	20.0	9.0	0.0	3600.0	0.0	0.0
9463.0	23.96	27.75	1.13	20.0	9.0	0.0	3600.0	0.0	0.0
9523.0	23.92	27.71	1.13	20.0	9.0	0.0	3600.0	0.0	0.0
9582.0	24.0	27.73	1.13	20.0	9.0	0.0	3600.0	0.0	0.0
9635.0	24.13	27.85	1.13	20.0	9.0	0.0	3600.0	0.0	0.0
9700.0	24.07	27.78	1.13	20.0	9.0	0.0	3600.0	0.0	0.0
9749.0	23.93	27.64	1.13	20.0	9.0	0.0	3600.0	0.0	0.0
9808.0	23.95	27.7	1.13	20.0	9.0	0.0	3600.0	0.0	0.0
9873.0	23.93	27.68	1.13	20.0	9.0	0.0	3600.0	0.0	0.0
9926.0	23.95	27.69	1.13	20.0	9.0	0.0	3600.0	0.0	0.0
9991.0	23.96	27.66	1.13	20.0	9.0	0.0	3600.0	0.0	0.0
10040.0	24.01	27.71	1.13	20.0	9.0	0.0	3600.0	0.0	0.0
10105.0	24.04	27.71	1.13	20.0	9.0	0.0	3600.0	0.0	0.0
10160.0	23.98	27.72	1.13	20.0	9.0	0.0	3600.0	0.0	0.0
10219.0	23.92	27.65	1.14	20.0	9.0	0.0	3600.0	0.0	0.0
10273.0	23.94	27.74	1.13	20.0	9.0	0.0	3600.0	0.0	0.0
10339.0	23.94	27.75	1.13	20.0	9.0	0.0	3600.0	0.0	0.0
10393.0	23.94	27.77	1.13	20.0	9.0	0.0	3600.0	0.0	0.0
10454.0	23.96	27.81	1.13	20.0	9.0	0.0	3600.0	0.0	0.0
10513.0	23.97	27.78	1.13	20.0	9.0	0.0	3600.0	0.0	0.0
10567.0	23.95	27.74	1.13	20.0	9.0	0.0	3600.0	0.0	0.0
10628.0	23.96	27.79	1.13	20.0	9.0	0.0	3600.0	0.0	0.0
10687.0	23.97	27.8	1.13	20.0	9.0	0.0	3600.0	0.0	0.0
10746.0	24.01	27.82	1.13	20.0	9.0	0.0	3600.0	0.0	0.0
10802.0	24.06	27.86	1.14	20.0	9.0	0.0	3600.0	0.0	0.0
10861.0	24.08	27.86	1.14	20.0	9.0	0.0	3600.0	0.0	0.0
10920.0	24.11	27.87	1.14	20.0	9.0	0.0	3600.0	0.0	0.0
10981.0	24.12	27.87	1.14	20.0	9.0	0.0	3600.0	0.0	0.0
11035.0	24.09	27.85	1.14	20.0	9.0	0.0	3600.0	0.0	0.0
11101.0	24.11	27.87	1.14	20.0	9.0	0.0	3600.0	0.0	0.0
11155.0	24.11	27.87	1.14	20.0	9.0	0.0	3600.0	0.0	0.0
11214.0	24.05	27.75	1.14	20.0	9.0	0.0	3600.0	0.0	0.0
11274.0	24.12	27.81	1.14	20.0	9.0	0.0	3600.0	0.0	0.0
11334.0	24.18	27.85	1.14	20.0	9.0	0.0	3600.0	0.0	0.0
11394.0	24.08	27.87	1.13	20.0	9.0	0.0	3600.0	0.0	0.0
11454.0	24.04	27.82	1.13	20.0	9.0	0.0	3600.0	0.0	0.0
11513.0	23.98	27.78	1.13	20.0	9.0	0.0	3600.0	0.0	0.0
11568.0	23.96	27.66	1.13	20.0	9.0	0.0	3600.0	0.0	0.0
11628.0	24.0	27.74	1.13	20.0	9.0	0.0	3600.0	0.0	0.0
11687.0	24.06	27.81	1.14	20.0	9.0	0.0	3600.0	0.0	0.0
11747.0	24.1	27.85	1.14	20.0	9.0	0.0	3600.0	0.0	0.0
11796.0	24.18	27.86	1.14	20.0	9.0	0.0	3600.0	0.0	0.0
11856.0	24.13	27.81	1.13	20.0	9.0	0.0	3600.0	0.0	0.0
11916.0	24.19	27.82	1.14	20.0	9.0	0.0	3600.0	0.0	0.0
11970.0	24.17	27.84	1.14	20.0	9.0	0.0	3600.0	0.0	0.0
12030.0	24.19	27.87	1.14	20.0	9.0	0.0	3600.0	0.0	0.0
12090.0	24.11	27.82	1.13	20.0	9.0	0.0	3600.0	0.0	0.0
12150.0	24.17	27.83	1.14	20.0	9.0	0.0	3600.0	0.0	0.0
12210.0	24.18	27.86	1.14	20.0	9.0	0.0	3600.0	0.0	0.0
12264.0	24.13	27.86	1.14	20.0	9.0	0.0	3600.0	0.0	0.0
12324.0	24.1	27.86	1.14	20.0	9.0	0.0	3600.0	0.0	0.0
12379.0	24.07	27.86	1.14	20.0	9.0	0.0	3600.0	0.0	0.0
12433.0	24.23	27.96	1.13	20.0	9.0	0.0	3600.0	0.0	0.0
12492.0	24.04	27.8	1.14	20.0	9.0	0.0	3600.0	0.0	0.0
12553.0	24.02	27.82	1.14	20.0	9.0	0.0	3600.0	0.0	0.0
12612.0	24.03	27.87	1.14	20.0	9.0	0.0	3600.0	0.0	0.0
12678.0	24.07	27.88	1.14	20.0	9.0	0.0	3600.0	0.0	0.0
12737.0	24.08	27.87	1.14	20.0	9.0	0.0	3600.0	0.0	0.0
12791.0	24.1	27.89	1.14	20.0	9.0	0.0	3600.0	0.0	0.0
12851.0	24.06	27.87	1.14	20.0	9.0	0.0	3600.0	0.0	0.0
12911.0	24.06	27.83	1.14	20.0	9.0	0.0	3600.0	0.0	0.0
12965.0	24.15	27.94	1.13	20.0	9.0	0.0	3600.0	0.0	0.0
13025.0	24.13	27.92	1.14	20.0	9.0	0.0	3600.0	0.0	0.0
13085.0	24.11	27.89	1.14	20.0	9.0	0.0	3600.0	0.0	0.0
13139.0	24.14	27.9	1.14	20.0	9.0	0.0	3600.0	0.0	0.0
13194.0	24.08	27.8	1.14	20.0	9.0	0.0	3600.0	0.0	0.0
13248.0	24.08	27.81	1.14	20.0	9.0	0.0	3600.0	0.0	0.0
13307.0	24.14	27.85	1.14	20.0	9.0	0.0	3600.0	0.0	0.0
13368.0	24.05	27.82	1.14	20.0	9.0	0.0	3600.0	0.0	0.0
13422.0	24.13	27.87	1.14	20.0	9.0	0.0	3600.0	0.0	0.0
13481.0	24.1	27.85	1.13	20.0	9.0	0.0	3600.0	0.0	0.0
13537.0	24.21	27.96	1.13	20.0	9.0	0.0	3600.0	0.0	0.0
13591.0	24.16	27.89	1.13	20.0	9.0	0.0	3600.0	0.0	0.0
13656.0	24.13	27.89	1.13	20.0	9.0	0.0	3600.0	0.0	0.0
13710.0	24.09	27.88	1.14	20.0	9.0	0.0	3600.0	0.0	0.0
13770.0	24.1	27.89	1.14	20.0	9.0	0.0	3600.0	0.0	0.0
13825.0	24.09	27.88	1.14	20.0	9.0	0.0	3600.0	0.0	0.0
13884.0	24.05	27.87	1.14	20.0	9.0	0.0	3600.0	0.0	0.0
13944.0	24.1	27.88	1.14	20.0	9.0	0.0	3600.0	0.0	0.0
14004.0	24.12	27.89	1.14	20.0	9.0	0.0	3600.0	0.0	0.0
14058.0	24.13	27.88	1.14	20.0	9.0	0.0	3600.0	0.0	0.0
14118.0	24.12	27.89	1.14	20.0	9.0	0.0	3600.0	0.0	0.0
14167.0	24.11	27.89	1.14	20.0	9.0	0.0	3600.0	0.0	0.0
14227.0	24.12	27.87	1.14	20.0	9.0	0.0	3600.0	0.0	0.0
14286.0	24.14	27.88	1.14	20.0	9.0	0.0	3600.0	0.0	0.0
14341.0	24.1	27.88	1.14	20.0	9.0	0.0	3600.0	0.0	0.0
14401.0	24.03	27.79	1.14	20.0	9.0	0.0	3600.0	0.0	0.0
14460.0	23.99	27.7	1.14	20.0	9.0	0.0	3600.0	0.0	0.0
14515.0	24.06	27.65	1.14	20.0	9.0	0.0	3600.0	0.0	0.0
14575.0	24.12	27.8	1.13	20.0	9.0	0.0	3600.0	0.0	0.0
14635.0	24.11	27.84	1.13	20.0	9.0	0.0	3600.0	0.0	0.0
14700.0	24.14	27.86	1.14	20.0	9.0	0.0	3600.0	0.0	0.0
14754.0	24.12	27.86	1.14	20.0	9.0	0.0	3600.0	0.0	0.0
14814.0	24.13	27.88	1.14	20.0	9.0	0.0	3600.0	0.0	0.0
14874.0	24.14	27.87	1.14	20.0	9.0	0.0	3600.0	0.0	0.0
14934.0	24.04	27.81	1.13	20.0	9.0	0.0	3600.0	0.0	0.0
14988.0	24.0	27.75	1.13	20.0	9.0	0.0	3600.0	0.0	0.0
15048.0	23.97	27.75	1.13	20.0	9.0	0.0	3600.0	0.0	0.0
15108.0	23.88	27.63	1.14	20.0	9.0	0.0	3600.0	0.0	0.0
15162.0	23.88	27.69	1.13	20.0	9.0	0.0	3600.0	0.0	0.0
15221.0	23.89	27.66	1.13	20.0	9.0	0.0	3600.0	0.0	0.0
15276.0	23.91	27.71	1.13	20.0	9.0	0.0	3600.0	0.0	0.0
15331.0	23.92	27.72	1.13	20.0	9.0	0.0	3600.0	0.0	0.0
15390.0	23.9	27.73	1.13	20.0	9.0	0.0	3600.0	0.0	0.0
15444.0	23.89	27.71	1.13	20.0	9.0	0.0	3600.0	0.0	0.0
15502.0	23.99	27.77	1.13	20.0	9.0	0.0	3600.0	0.0	2.0
15562.0	23.98	27.8	1.13	20.0	9.0	0.0	3600.0	0.0	2.0
15622.0	24.06	27.84	1.14	20.0	9.0	0.0	3600.0	0.0	2.0
15682.0	24.03	27.83	1.14	20.0	9.0	0.0	3600.0	0.0	2.0
15736.0	24.12	27.86	1.13	20.0	9.0	0.0	3600.0	0.0	2.0
15797.0	24.09	27.84	1.13	20.0	9.0	0.0	3600.0	0.0	2.0
15856.0	23.98	27.75	1.13	20.0	9.0	0.0	3600.0	0.0	2.0
15911.0	23.96	27.76	1.13	20.0	9.0	0.0	3600.0	0.0	2.0
15971.0	23.89	27.73	1.13	20.0	9.0	0.0	3600.0	0.0	2.0
16031.0	23.94	27.77	1.13	20.0	9.0	0.0	3600.0	0.0	0.0
16086.0	23.96	27.78	1.13	20.0	9.0	0.0	3600.0	0.0	0.0
16145.0	23.86	27.76	1.13	20.0	9.0	0.0	3600.0	0.0	0.0
16199.0	23.87	27.74	1.13	20.0	9.0	0.0	3600.0	0.0	0.0
16260.0	23.89	27.79	1.13	20.0	9.0	0.0	3600.0	0.0	0.0
16314.0	23.9	27.82	1.13	20.0	9.0	0.0	3600.0	0.0	0.0
16379.0	23.87	27.49	1.14	20.0	9.0	0.0	3600.0	0.0	0.0
16428.0	24.02	27.8	1.13	20.0	9.0	0.0	3600.0	0.0	0.0
16488.0	23.96	27.8	1.13	20.0	9.0	0.0	3600.0	0.0	0.0
16542.0	23.97	27.82	1.13	20.0	9.0	0.0	3600.0	0.0	0.0
16602.0	23.92	27.81	1.13	20.0	9.0	0.0	3600.0	0.0	0.0
16662.0	23.92	27.84	1.13	20.0	9.0	0.0	3600.0	0.0	0.0
16727.0	23.92	27.84	1.13	20.0	9.0	0.0	3600.0	0.0	0.0
16781.0	23.91	27.83	1.13	20.0	9.0	0.0	3600.0	0.0	0.0
16841.0	23.81	27.76	1.13	20.0	9.0	0.0	3600.0	0.0	0.0
16896.0	23.86	27.78	1.13	20.0	9.0	0.0	3600.0	0.0	0.0
16955.0	23.88	27.77	1.13	20.0	9.0	0.0	3600.0	0.0	0.0
17009.0	23.84	27.72	1.13	20.0	9.0	0.0	3600.0	0.0	0.0
17070.0	23.85	27.75	1.13	20.0	9.0	0.0	3600.0	0.0	0.0
17124.0	23.82	27.7	1.13	20.0	9.0	0.0	3600.0	0.0	0.0
17183.0	23.84	27.71	1.13	20.0	9.0	0.0	3600.0	0.0	0.0
17238.0	23.88	27.79	1.13	20.0	9.0	0.0	3600.0	0.0	0.0
17298.0	23.93	27.76	1.13	20.0	9.0	0.0	3600.0	0.0	0.0
17357.0	24.05	27.85	1.13	20.0	9.0	0.0	3600.0	0.0	0.0
17418.0	23.75	27.64	1.13	20.0	9.0	0.0	3600.0	0.0	0.0
17472.0	23.82	27.69	1.13	20.0	9.0	0.0	3600.0	0.0	0.0
17531.0	23.86	27.74	1.13	20.0	9.0	0.0	3600.0	0.0	0.0
17591.0	23.89	27.79	1.13	20.0	9.0	0.0	3600.0	0.0	0.0
17646.0	23.91	27.79	1.13	20.0	9.0	0.0	3600.0	0.0	0.0
17705.0	23.91	27.82	1.13	20.0	9.0	0.0	3600.0	0.0	0.0
17765.0	23.93	27.8	1.13	20.0	9.0	0.0	3600.0	0.0	0.0
17819.0	23.93	27.81	1.13	20.0	9.0	0.0	3600.0	0.0	0.0
17885.0	23.94	27.83	1.13	20.0	9.0	0.0	3600.0	0.0	0.0
17945.0	23.93	27.78	1.13	20.0	9.0	0.0	3600.0	0.0	0.0
18004.0	23.93	27.81	1.13	20.0	9.0	0.0	3600.0	0.0	0.0
18059.0	23.91	27.8	1.13	20.0	9.0	0.0	3600.0	0.0	0.0
18118.0	23.92	27.8	1.13	20.0	9.0	0.0	3600.0	0.0	0.0
18172.0	23.91	27.81	1.13	20.0	9.0	0.0	3600.0	0.0	0.0
18233.0	23.91	27.78	1.13	20.0	9.0	0.0	3600.0	0.0	0.0
18287.0	23.91	27.77	1.13	20.0	9.0	0.0	3600.0	0.0	0.0
18353.0	23.91	27.8	1.13	20.0	9.0	0.0	3600.0	0.0	0.0
18412.0	23.89	27.77	1.13	20.0	9.0	0.0	3600.0	0.0	0.0
18466.0	23.91	27.79	1.13	20.0	9.0	0.0	3600.0	0.0	0.0
18527.0	23.96	27.85	1.13	20.0	9.0	0.0	3600.0	0.0	0.0
18581.0	23.93	27.82	1.13	20.0	9.0	0.0	3600.0	0.0	0.0
18640.0	23.88	27.76	1.13	20.0	9.0	0.0	3600.0	0.0	0.0
18700.0	23.9	27.73	1.13	20.0	9.0	0.0	3600.0	0.0	0.0
18755.0	23.9	27.76	1.13	20.0	9.0	0.0	3600.0	0.0	0.0
18814.0	23.88	27.75	1.13	20.0	9.0	0.0	3600.0	0.0	0.0
18869.0	23.86	27.71	1.13	20.0	9.0	0.0	3600.0	0.0	0.0
18934.0	23.9	27.74	1.13	20.0	9.0	0.0	3600.0	0.0	0.0
18989.0	23.94	27.64	1.13	20.0	9.0	0.0	3600.0	0.0	0.0
19043.0	23.88	27.67	1.13	20.0	9.0	0.0	3600.0	0.0	0.0
19102.0	23.9	27.66	1.13	20.0	9.0	0.0	3600.0	0.0	0.0
19163.0	23.91	27.73	1.13	20.0	9.0	0.0	3600.0	0.0	0.0
19217.0	23.92	27.77	1.13	20.0	9.0	0.0	3600.0	0.0	0.0
19276.0	23.92	27.75	1.13	20.0	9.0	0.0	3600.0	0.0	0.0
19337.0	23.95	27.78	1.13	20.0	9.0	0.0	3600.0	0.0	0.0
19396.0	24.01	27.83	1.13	20.0	9.0	0.0	3600.0	0.0	0.0
19457.0	23.93	27.72	1.14	20.0	9.0	0.0	3600.0	0.0	0.0
19511.0	23.99	27.8	1.14	20.0	9.0	0.0	3600.0	0.0	0.0
19587.0	24.04	27.84	1.14	20.0	9.0	0.0	3600.0	0.0	0.0
19662.0	24.06	27.84	1.14	20.0	9.0	0.0	3600.0	0.0	0.0
19733.0	24.05	27.86	1.14	20.0	9.0	0.0	3600.0	0.0	0.0
19793.0	24.07	27.87	1.14	20.0	9.0	0.0	3600.0	0.0	0.0
19848.0	24.09	27.87	1.14	20.0	9.0	0.0	3600.0	0.0	0.0
19912.0	24.09	27.88	1.14	20.0	9.0	0.0	3600.0	0.0	0.0
19966.0	24.09	27.88	1.14	20.0	9.0	0.0	3600.0	0.0	0.0
20027.0	24.07	27.87	1.14	20.0	9.0	0.0	3600.0	0.0	0.0
20081.0	24.0	27.82	1.13	20.0	9.0	0.0	3600.0	0.0	0.0
20141.0	23.88	27.7	1.13	20.0	9.0	0.0	3600.0	0.0	0.0
20201.0	23.9	27.76	1.13	20.0	9.0	0.0	3600.0	0.0	0.0
20260.0	23.88	27.75	1.13	20.0	9.0	0.0	3600.0	0.0	0.0
20320.0	23.76	27.66	1.13	20.0	9.0	0.0	3600.0	0.0	0.0
20375.0	23.83	27.7	1.13	20.0	9.0	0.0	3600.0	0.0	0.0
20440.0	23.83	27.7	1.13	20.0	9.0	0.0	3600.0	0.0	0.0
20494.0	23.87	27.79	1.13	20.0	9.0	0.0	3600.0	0.0	0.0
20554.0	23.89	27.8	1.13	20.0	9.0	0.0	3600.0	0.0	0.0
20609.0	23.91	27.81	1.13	20.0	9.0	0.0	3600.0	0.0	0.0
20668.0	23.89	27.79	1.13	20.0	9.0	0.0	3600.0	0.0	0.0
20733.0	23.91	27.76	1.13	20.0	9.0	0.0	3600.0	0.0	0.0
20793.0	23.92	27.77	1.13	20.0	9.0	0.0	3600.0	0.0	0.0
20847.0	23.93	27.77	1.13	20.0	9.0	0.0	3600.0	0.0	0.0
20908.0	23.93	27.75	1.13	20.0	9.0	0.0	3600.0	0.0	0.0
20962.0	23.91	27.75	1.13	20.0	9.0	0.0	3600.0	0.0	0.0
21021.0	24.02	27.87	1.13	20.0	9.0	0.0	3600.0	0.0	0.0
21075.0	24.04	27.93	1.13	20.0	9.0	0.0	3600.0	0.0	0.0
21125.0	23.99	27.83	1.13	20.0	9.0	0.0	3600.0	0.0	0.0
21190.0	23.95	27.85	1.13	20.0	9.0	0.0	3600.0	0.0	0.0
21250.0	23.94	27.8	1.13	20.0	9.0	0.0	3600.0	0.0	0.0
21302.0	24.0	27.82	1.13	20.0	9.0	0.0	3600.0	0.0	0.0
21361.0	24.0	27.86	1.13	20.0	9.0	0.0	3600.0	0.0	0.0
21415.0	24.06	27.88	1.14	20.0	9.0	0.0	3600.0	0.0	0.0
21476.0	24.08	27.87	1.14	20.0	9.0	0.0	3600.0	0.0	0.0
21530.0	24.1	27.89	1.14	20.0	9.0	0.0	3600.0	0.0	2.0
21591.0	24.06	27.83	1.14	20.0	9.0	0.0	3600.0	0.0	2.0
21645.0	24.03	27.84	1.13	20.0	9.0	0.0	3600.0	0.0	2.0
21710.0	23.97	27.83	1.13	20.0	9.0	0.0	3600.0	0.0	2.0
21765.0	23.94	27.79	1.13	20.0	9.0	0.0	3600.0	0.0	2.0
21825.0	23.89	27.71	1.13	20.0	9.0	0.0	3600.0	0.0	2.0
21879.0	23.89	27.75	1.13	20.0	9.0	0.0	3600.0	0.0	2.0
21950.0	23.89	27.77	1.13	20.0	9.0	0.0	3600.0	0.0	2.0
22010.0	23.9	27.8	1.13	20.0	9.0	0.0	3600.0	0.0	0.0
22070.0	23.91	27.81	1.13	20.0	9.0	0.0	3600.0	0.0	0.0
22124.0	23.84	27.72	1.13	20.0	9.0	0.0	3600.0	0.0	0.0
22184.0	23.77	27.61	1.13	20.0	9.0	0.0	3600.0	0.0	0.0
22244.0	23.85	27.7	1.13	20.0	9.0	0.0	3600.0	0.0	0.0
22309.0	23.9	27.77	1.13	20.0	9.0	0.0	3600.0	0.0	0.0
22369.0	23.93	27.76	1.13	20.0	9.0	0.0	3600.0	0.0	0.0
22429.0	23.91	27.76	1.13	20.0	9.0	0.0	3600.0	0.0	0.0
22483.0	23.91	27.8	1.13	20.0	9.0	0.0	3600.0	0.0	0.0
22543.0	23.91	27.81	1.13	20.0	9.0	0.0	3600.0	0.0	0.0
22603.0	23.92	27.81	1.13	20.0	9.0	0.0	3600.0	0.0	0.0
22658.0	23.91	27.8	1.13	20.0	9.0	0.0	3600.0	0.0	0.0
22717.0	23.91	27.77	1.13	20.0	9.0	0.0	3600.0	0.0	0.0
22771.0	23.91	27.77	1.13	20.0	9.0	0.0	3600.0	0.0	0.0
22831.0	23.89	27.74	1.13	20.0	9.0	0.0	3600.0	0.0	0.0
22886.0	23.91	27.75	1.13	20.0	9.0	0.0	3600.0	0.0	0.0
22950.0	23.91	27.77	1.13	20.0	9.0	0.0	3600.0	0.0	0.0
23005.0	23.9	27.75	1.13	20.0	9.0	0.0	3600.0	0.0	0.0
23059.0	23.89	27.76	1.13	20.0	9.0	0.0	3600.0	0.0	0.0
23119.0	23.92	27.82	1.13	20.0	9.0	0.0	3600.0	0.0	0.0
23174.0	23.91	27.77	1.13	20.0	9.0	0.0	3600.0	0.0	0.0
23233.0	23.91	27.81	1.13	20.0	9.0	0.0	3600.0	0.0	0.0
23293.0	23.9	27.81	1.13	20.0	9.0	0.0	3600.0	0.0	0.0
23348.0	23.91	27.81	1.13	20.0	9.0	0.0	3600.0	0.0	0.0
23407.0	23.88	27.78	1.13	20.0	9.0	0.0	3600.0	0.0	0.0
23467.0	23.84	27.75	1.13	20.0	9.0	0.0	3600.0	0.0	0.0
23527.0	23.85	27.75	1.13	20.0	9.0	0.0	3600.0	0.0	0.0
23581.0	23.83	27.74	1.13	20.0	9.0	0.0	3600.0	0.0	0.0
23641.0	23.87	27.77	1.13	20.0	9.0	0.0	3600.0	0.0	0.0
23696.0	23.9	27.79	1.13	20.0	9.0	0.0	3600.0	0.0	0.0
23760.0	23.9	27.79	1.13	20.0	9.0	0.0	3600.0	0.0	0.0
23815.0	23.93	27.78	1.13	20.0	9.0	0.0	3600.0	0.0	0.0
23875.0	23.92	27.8	1.13	20.0	9.0	0.0	3600.0	0.0	0.0
23929.0	23.93	27.82	1.13	20.0	9.0	0.0	3600.0	0.0	0.0
23989.0	23.9	27.82	1.13	20.0	9.0	0.0	3600.0	0.0	0.0
24043.0	23.89	27.86	1.13	20.0	9.0	0.0	3600.0	0.0	0.0
24103.0	23.9	27.8	1.13	20.0	9.0	0.0	3600.0	0.0	0.0
24163.0	23.91	27.81	1.13	20.0	9.0	0.0	3600.0	0.0	0.0
24212.0	23.93	27.83	1.13	20.0	9.0	0.0	3600.0	0.0	0.0
24266.0	23.73	27.7	1.13	20.0	9.0	0.0	3600.0	0.0	0.0
24332.0	23.83	27.7	1.13	20.0	9.0	0.0	3600.0	0.0	0.0
24386.0	23.9	27.82	1.13	20.0	9.0	0.0	3600.0	0.0	0.0
24445.0	23.93	27.82	1.13	20.0	9.0	0.0	3600.0	0.0	0.0
24500.0	23.84	27.76	1.13	20.0	9.0	0.0	3600.0	0.0	0.0
24560.0	23.87	27.8	1.13	20.0	9.0	0.0	3600.0	0.0	0.0
24614.0	23.88	27.79	1.13	20.0	9.0	0.0	3600.0	0.0	0.0
24674.0	23.87	27.78	1.13	20.0	9.0	0.0	3600.0	0.0	0.0
24728.0	23.92	27.76	1.13	20.0	9.0	0.0	3600.0	0.0	0.0
24782.0	23.91	27.79	1.13	20.0	9.0	0.0	3600.0	0.0	0.0
24843.0	23.91	27.79	1.13	20.0	9.0	0.0	3600.0	0.0	0.0
24891.0	23.85	27.69	1.13	20.0	9.0	0.0	3600.0	0.0	0.0
24956.0	23.85	27.73	1.13	20.0	9.0	0.0	3600.0	0.0	0.0
25016.0	23.88	27.75	1.13	20.0	9.0	0.0	3600.0	0.0	0.0
25076.0	23.9	27.78	1.13	20.0	9.0	0.0	3600.0	0.0	0.0
25131.0	23.89	27.75	1.13	20.0	9.0	0.0	3600.0	0.0	0.0
25185.0	23.89	27.7	1.13	20.0	9.0	0.0	3600.0	0.0	0.0
25244.0	23.95	27.67	1.13	20.0	9.0	0.0	3600.0	0.0	0.0
25299.0	23.91	27.68	1.13	20.0	9.0	0.0	3600.0	0.0	0.0
25359.0	23.91	27.7	1.13	20.0	9.0	0.0	3600.0	0.0	0.0
25413.0	23.9	27.69	1.13	20.0	9.0	0.0	3600.0	0.0	0.0
25473.0	23.93	27.73	1.13	20.0	9.0	0.0	3600.0	0.0	0.0
25527.0	23.93	27.77	1.13	20.0	9.0	0.0	3600.0	0.0	0.0
25587.0	23.95	27.79	1.13	20.0	9.0	0.0	3600.0	0.0	0.0
25641.0	23.92	27.77	1.13	20.0	9.0	0.0	3600.0	0.0	0.0
25701.0	23.9	27.77	1.13	20.0	9.0	0.0	3600.0	0.0	0.0
25755.0	23.96	27.79	1.13	20.0	9.0	0.0	3600.0	0.0	0.0
25816.0	23.82	27.67	1.13	20.0	9.0	0.0	3600.0	0.0	0.0
25870.0	23.95	27.8	1.13	20.0	9.0	0.0	3600.0	0.0	0.0
25924.0	23.93	27.77	1.13	20.0	9.0	0.0	3600.0	0.0	0.0
25978.0	23.93	27.69	1.13	20.0	9.0	0.0	3600.0	0.0	0.0
26039.0	23.93	27.77	1.13	20.0	9.0	0.0	3600.0	0.0	0.0
26093.0	23.86	27.67	1.13	20.0	9.0	0.0	3600.0	0.0	0.0
26152.0	23.83	27.67	1.13	20.0	9.0	0.0	3600.0	0.0	0.0
26213.0	23.81	27.63	1.13	20.0	9.0	0.0	3600.0	0.0	0.0
26267.0	23.86	27.69	1.13	20.0	9.0	0.0	3600.0	0.0	0.0
26332.0	23.87	27.72	1.13	20.0	9.0	0.0	3600.0	0.0	0.0
26392.0	23.82	27.43	1.13	20.0	9.0	0.0	3600.0	0.0	0.0
26446.0	23.85	27.55	1.13	20.0	9.0	0.0	3600.0	0.0	0.0
26501.0	23.91	27.68	1.13	20.0	9.0	0.0	3600.0	0.0	0.0
26560.0	23.89	27.67	1.13	20.0	9.0	0.0	3600.0	0.0	0.0
26620.0	23.9	27.67	1.13	20.0	9.0	0.0	3600.0	0.0	0.0
26675.0	23.88	27.65	1.13	20.0	9.0	0.0	3600.0	0.0	0.0
26734.0	23.9	27.74	1.13	20.0	9.0	0.0	3600.0	0.0	0.0
26788.0	23.9	27.7	1.13	20.0	9.0	0.0	3600.0	0.0	0.0
26854.0	23.8	27.61	1.13	20.0	9.0	0.0	3600.0	0.0	0.0
26913.0	23.87	27.63	1.13	20.0	9.0	0.0	3600.0	0.0	0.0
26968.0	23.92	27.71	1.13	20.0	9.0	0.0	3600.0	0.0	0.0
27028.0	23.9	27.65	1.13	20.0	9.0	0.0	3600.0	0.0	0.0
27082.0	23.93	27.65	1.13	20.0	9.0	0.0	3600.0	0.0	0.0
27142.0	23.91	27.64	1.13	20.0	9.0	0.0	3600.0	0.0	0.0
27196.0	23.86	27.64	1.13	20.0	9.0	0.0	3600.0	0.0	0.0
27256.0	23.86	27.65	1.13	20.0	9.0	0.0	3600.0	0.0	0.0
27316.0	23.84	27.68	1.13	20.0	9.0	0.0	3600.0	0.0	0.0
27376.0	23.85	27.65	1.13	20.0	9.0	0.0	3600.0	0.0	0.0
27430.0	23.89	27.67	1.13	20.0	9.0	0.0	3600.0	0.0	0.0
27495.0	23.9	27.7	1.13	20.0	9.0	0.0	3600.0	0.0	0.0
27544.0	23.88	27.66	1.13	20.0	9.0	0.0	3600.0	0.0	0.0
27604.0	23.84	27.62	1.13	20.0	9.0	0.0	3600.0	0.0	0.0
27664.0	23.88	27.64	1.13	20.0	9.0	0.0	3600.0	0.0	0.0
27729.0	23.86	27.67	1.13	20.0	9.0	0.0	3600.0	0.0	0.0
27779.0	23.88	27.68	1.13	20.0	9.0	0.0	3600.0	0.0	0.0
27838.0	23.88	27.68	1.13	20.0	9.0	0.0	3600.0	0.0	0.0
27892.0	23.78	27.6	1.13	20.0	9.0	0.0	3600.0	0.0	0.0
27947.0	23.84	27.66	1.13	20.0	9.0	0.0	3600.0	0.0	0.0
28001.0	23.96	27.79	1.13	20.0	9.0	0.0	3600.0	0.0	0.0
28061.0	23.94	27.75	1.13	20.0	9.0	0.0	3600.0	0.0	0.0
28121.0	23.91	27.71	1.13	20.0	9.0	0.0	3600.0	0.0	0.0
28175.0	23.92	27.7	1.13	20.0	9.0	0.0	3600.0	0.0	0.0
28235.0	23.9	27.65	1.13	20.0	9.0	0.0	3600.0	0.0	0.0
28295.0	23.85	27.6	1.13	20.0	9.0	0.0	3600.0	0.0	0.0
28349.0	23.78	27.56	1.13	20.0	9.0	0.0	3600.0	0.0	0.0
28403.0	23.82	27.57	1.13	20.0	9.0	0.0	3600.0	0.0	0.0
28464.0	23.86	27.6	1.13	20.0	9.0	0.0	3600.0	0.0	0.0
28523.0	23.89	27.61	1.13	20.0	9.0	0.0	3600.0	0.0	0.0
28577.0	23.88	27.67	1.13	20.0	9.0	0.0	3600.0	0.0	0.0
28632.0	23.9	27.69	1.13	20.0	9.0	0.0	3600.0	0.0	0.0
28692.0	23.84	27.63	1.13	20.0	9.0	0.0	3600.0	0.0	0.0
28746.0	23.84	27.65	1.13	20.0	9.0	0.0	3600.0	0.0	0.0
28806.0	23.88	27.64	1.13	20.0	9.0	0.0	3600.0	0.0	0.0
28860.0	23.79	27.58	1.13	20.0	9.0	0.0	3600.0	0.0	0.0
28920.0	23.79	27.6	1.13	20.0	9.0	0.0	3600.0	0.0	0.0
28975.0	23.85	27.64	1.13	20.0	9.0	0.0	3600.0	0.0	0.0
29034.0	23.62	27.49	1.13	20.0	9.0	0.0	3600.0	0.0	0.0
29088.0	23.86	27.68	1.13	20.0	9.0	0.0	3600.0	0.0	0.0
29143.0	23.83	27.65	1.13	20.0	9.0	0.0	3600.0	0.0	0.0
29203.0	23.87	27.67	1.13	20.0	9.0	0.0	3600.0	0.0	0.0
29262.0	23.89	27.68	1.13	20.0	9.0	0.0	3600.0	0.0	0.0
29323.0	23.9	27.69	1.13	20.0	9.0	0.0	3600.0	0.0	0.0
29377.0	23.9	27.68	1.13	20.0	9.0	0.0	3600.0	0.0	0.0
29436.0	23.91	27.67	1.13	20.0	9.0	0.0	3600.0	0.0	0.0
29491.0	23.9	27.7	1.13	20.0	9.0	0.0	3600.0	0.0	0.0
29550.0	23.89	27.65	1.13	20.0	9.0	0.0	3600.0	0.0	0.0
29605.0	23.91	27.7	1.13	20.0	9.0	0.0	3600.0	0.0	0.0
29665.0	23.89	27.66	1.13	20.0	9.0	0.0	3600.0	0.0	0.0
29719.0	23.91	27.68	1.13	20.0	9.0	0.0	3600.0	0.0	0.0
29778.0	23.89	27.64	1.13	20.0	9.0	0.0	3600.0	0.0	0.0
29833.0	23.85	27.63	1.13	20.0	9.0	0.0	3600.0	0.0	0.0
29888.0	23.89	27.66	1.13	20.0	9.0	0.0	3600.0	0.0	0.0
29947.0	23.88	27.66	1.13	20.0	9.0	0.0	3600.0	0.0	0.0
30002.0	23.9	27.66	1.13	20.0	9.0	0.0	3600.0	0.0	0.0
30056.0	23.9	27.68	1.13	20.0	9.0	0.0	3600.0	0.0	0.0
30116.0	23.91	27.71	1.13	20.0	9.0	0.0	3600.0	0.0	0.0
30171.0	23.92	27.65	1.13	20.0	9.0	0.0	3600.0	0.0	0.0
30230.0	23.85	27.65	1.13	20.0	9.0	0.0	3600.0	0.0	0.0
30289.0	23.88	27.67	1.13	20.0	9.0	0.0	3600.0	0.0	0.0
30350.0	23.9	27.67	1.13	20.0	9.0	0.0	3600.0	0.0	0.0
30404.0	23.89	27.67	1.13	20.0	9.0	0.0	3600.0	0.0	0.0
30464.0	23.88	27.62	1.13	20.0	9.0	0.0	3600.0	0.0	0.0
30518.0	23.9	27.65	1.13	20.0	9.0	0.0	3600.0	0.0	0.0
30578.0	23.89	27.64	1.13	20.0	9.0	0.0	3600.0	0.0	0.0
30632.0	23.93	27.7	1.13	20.0	9.0	0.0	3600.0	0.0	0.0
30692.0	23.91	27.66	1.13	20.0	9.0	0.0	3600.0	0.0	0.0
30752.0	23.91	27.66	1.13	20.0	9.0	0.0	3600.0	0.0	0.0
30812.0	23.89	27.6	1.13	20.0	9.0	0.0	3600.0	0.0	0.0
30866.0	23.91	27.62	1.13	20.0	9.0	0.0	3600.0	0.0	0.0
30926.0	23.82	27.55	1.13	20.0	9.0	0.0	3600.0	0.0	0.0
30981.0	23.82	27.59	1.13	20.0	9.0	0.0	3600.0	0.0	0.0
31045.0	23.87	27.65	1.13	20.0	9.0	0.0	3600.0	0.0	0.0
31094.0	23.86	27.63	1.13	20.0	9.0	0.0	3600.0	0.0	0.0
31160.0	23.95	27.68	1.13	20.0	9.0	0.0	3600.0	0.0	0.0
31219.0	23.93	27.68	1.13	20.0	9.0	0.0	3600.0	0.0	0.0
31280.0	23.93	27.69	1.13	20.0	9.0	0.0	3600.0	0.0	0.0
31334.0	23.86	27.63	1.13	20.0	9.0	0.0	3600.0	0.0	0.0
31393.0	23.86	27.65	1.13	20.0	9.0	0.0	3600.0	0.0	0.0
31448.0	23.83	27.6	1.13	20.0	9.0	0.0	3600.0	0.0	0.0
31503.0	23.74	27.52	1.13	20.0	9.0	0.0	3600.0	0.0	0.0
31562.0	23.8	27.55	1.13	20.0	9.0	0.0	3600.0	0.0	0.0
31622.0	23.89	27.58	1.13	20.0	9.0	0.0	3600.0	0.0	0.0
31682.0	23.9	27.59	1.13	20.0	9.0	0.0	3600.0	0.0	0.0
31741.0	23.89	27.62	1.13	20.0	9.0	0.0	3600.0	0.0	0.0
31796.0	23.91	27.6	1.13	20.0	9.0	0.0	3600.0	0.0	0.0
31850.0	23.9	27.61	1.13	20.0	9.0	0.0	3600.0	0.0	0.0
31904.0	23.88	27.62	1.13	20.0	9.0	0.0	3600.0	0.0	0.0
31960.0	23.9	27.63	1.13	20.0	9.0	0.0	3600.0	0.0	0.0
32014.0	23.92	27.71	1.13	20.0	9.0	0.0	3600.0	0.0	0.0
32071.0	24.03	27.82	1.14	20.0	9.0	0.0	3600.0	0.0	0.0
32125.0	24.04	27.82	1.14	20.0	9.0	0.0	3600.0	0.0	0.0
32186.0	23.98	27.77	1.14	20.0	9.0	0.0	3600.0	0.0	0.0
32241.0	23.96	27.81	1.13	20.0	9.0	0.0	3600.0	0.0	0.0
32293.0	23.85	27.75	1.14	20.0	9.0	0.0	3600.0	0.0	0.0
32359.0	23.88	27.8	1.14	20.0	9.0	0.0	3600.0	0.0	0.0
32414.0	24.1	27.95	1.13	20.0	9.0	0.0	3600.0	0.0	0.0
32470.0	24.03	27.89	1.13	20.0	9.0	0.0	3600.0	0.0	0.0
32527.0	24.0	27.84	1.14	20.0	9.0	0.0	3600.0	0.0	2.0
32588.0	23.99	27.84	1.14	20.0	9.0	1858.05	3600.0	0.0	2.0
32646.0	24.0	27.88	1.14	20.0	9.0	2055.08	3600.0	0.0	2.0
32702.0	23.72	27.47	1.14	20.0	9.0	2013.69	3600.0	0.0	2.0
32759.0	23.84	27.62	1.14	20.0	9.0	2103.79	3600.0	0.0	2.0
32816.0	24.01	27.72	1.14	20.0	9.0	2071.54	3600.0	0.0	2.0
32873.0	24.03	27.77	1.14	20.0	9.0	1970.06	3600.0	0.0	2.0
32929.0	24.06	27.81	1.14	20.0	9.0	1953.63	3600.0	0.0	2.0
32992.0	24.08	27.84	1.14	20.0	9.0	2115.36	3600.0	0.0	2.0
33049.0	24.05	27.83	1.14	20.0	9.0	2100.25	3600.0	0.0	2.0
33105.0	24.03	27.85	1.14	20.0	9.0	2131.29	3600.0	0.0	2.0
33163.0	24.04	27.88	1.14	20.0	9.0	2164.81	3600.0	0.0	2.0
33225.0	24.02	27.9	1.14	20.0	9.0	2218.28	3600.0	0.0	2.0
33282.0	24.04	27.87	1.14	20.0	9.0	2252.59	3600.0	0.0	2.0
33342.0	23.98	27.88	1.14	20.0	9.0	2167.63	3600.0	0.0	2.0
33404.0	24.05	27.89	1.14	20.0	9.0	2209.13	3600.0	0.0	2.0
33461.0	23.95	27.82	1.14	20.0	9.0	2146.54	3600.0	0.0	2.0
33518.0	24.05	27.87	1.14	20.0	9.0	2271.01	3600.0	45.87	1.0
33576.0	24.07	27.87	1.14	20.0	9.0	2247.19	3600.0	45.87	1.0
33637.0	24.12	27.9	1.14	20.0	9.0	2221.23	3600.0	47.85	1.0
33695.0	24.1	27.88	1.14	20.0	9.0	2357.01	3600.0	47.86	1.0
33753.0	24.08	27.89	1.14	20.0	9.0	2321.62	3600.0	47.86	1.0
33811.0	24.13	27.91	1.14	20.0	9.0	2429.54	3600.0	47.86	1.0
33863.0	24.14	27.92	1.14	20.0	9.0	2290.78	3600.0	47.87	1.0
33924.0	24.09	27.9	1.14	20.0	9.0	2408.48	3600.0	45.89	1.0
33982.0	24.17	27.93	1.14	20.0	9.0	2277.21	3600.0	45.89	1.0
34034.0	24.12	27.91	1.14	20.0	9.0	2345.95	3600.0	45.89	1.0
34092.0	24.05	27.91	1.14	20.0	9.0	2202.0	3600.0	45.9	1.0
34153.0	24.09	27.91	1.14	20.0	9.0	2334.99	3600.0	47.88	1.0
34210.0	24.05	27.9	1.14	20.0	9.0	2212.39	3600.0	47.88	1.0
34268.0	24.11	27.92	1.14	20.0	9.0	2413.13	3600.0	47.89	1.0
34320.0	24.03	27.84	1.14	19.99	9.0	2180.87	3600.0	47.78	1.0
34378.0	24.02	27.89	1.14	19.99	9.0	2299.56	3600.0	47.82	1.0
34440.0	24.06	27.88	1.14	20.0	9.0	2225.19	3600.0	45.88	1.0
34497.0	23.85	27.73	1.14	19.96	9.0	2314.1	3600.0	45.85	1.0
34555.0	23.89	27.78	1.14	19.95	9.0	2388.92	3600.0	45.54	1.0
34608.0	23.93	27.77	1.14	19.93	9.0	2502.92	3600.0	45.57	1.0
34668.0	23.95	27.81	1.14	19.92	9.0	2364.44	3600.0	47.33	1.0
34726.0	24.05	27.88	1.14	19.88	9.0	2359.6	3600.0	47.03	1.0
34785.0	24.05	27.86	1.14	19.87	9.0	2309.82	3600.0	47.31	1.0
34836.0	24.02	27.86	1.14	19.75	9.0	2298.15	3600.0	47.0	1.0
34897.0	24.05	27.86	1.14	19.32	9.0	2375.67	3600.0	42.82	1.0
34956.0	24.12	27.86	1.14	19.14	9.0	2471.58	3600.0	42.25	1.0
35014.0	24.09	27.84	1.14	19.05	9.0	2364.44	3600.0	38.64	1.0
35069.0	24.05	27.83	1.14	18.95	9.0	2515.93	3600.0	38.21	1.0
35128.0	24.1	27.85	1.14	18.55	9.0	2306.63	3600.0	34.68	1.0
35185.0	24.14	27.9	1.14	18.15	9.0	2291.13	3600.0	33.89	1.0
35247.0	24.18	27.94	1.14	18.25	9.0	2507.1	3600.0	32.51	1.0
35299.0	24.1	27.89	1.14	18.14	9.0	2325.22	3600.0	32.97	1.0
35357.0	24.05	27.87	1.14	18.1	9.0	2576.43	3600.0	32.61	1.0
35416.0	23.9	27.74	1.14	18.19	9.0	2365.56	3600.0	32.54	1.0
35477.0	23.93	27.79	1.14	18.06	9.0	2365.93	3600.0	31.04	1.0
35534.0	23.95	27.78	1.14	17.89	9.0	2468.32	3600.0	29.37	1.0
35587.0	24.0	27.82	1.14	17.59	9.0	2500.42	3600.0	29.22	1.0
35654.0	24.05	27.83	1.14	17.42	9.0	2305.92	3600.0	24.08	1.0
35712.0	24.07	27.84	1.14	17.56	9.0	2510.88	3600.0	25.52	1.0
35773.0	23.99	27.82	1.14	17.52	9.0	2396.55	3600.0	27.12	1.0
35831.0	23.92	27.8	1.14	17.69	9.0	2498.33	3600.0	28.65	1.0
35884.0	23.88	27.76	1.14	17.95	9.0	2248.54	3600.0	29.02	1.0
35951.0	23.91	27.78	1.14	17.89	9.0	2335.36	3600.0	28.85	1.0
36003.0	23.84	27.76	1.14	17.69	9.0	2589.78	3600.0	27.41	1.0
36065.0	23.81	27.78	1.14	17.36	9.0	2510.46	3600.0	26.2	1.0
36122.0	23.85	27.79	1.13	16.94	9.0	2524.83	3600.0	21.56	1.0
36174.0	23.91	27.8	1.14	16.78	9.0	2635.28	3600.0	18.89	1.0
36236.0	23.9	27.8	1.14	16.55	9.0	2340.46	3600.0	15.67	1.0
36294.0	23.73	27.68	1.13	16.57	9.0	2562.35	3600.0	17.44	1.0
36353.0	23.81	27.75	1.13	16.46	9.0	2334.27	3600.0	14.92	1.0
36408.0	23.85	27.78	1.13	16.45	9.0	2485.09	3600.0	16.71	1.0
36471.0	23.83	27.8	1.14	16.23	9.0	2437.04	3600.0	13.15	1.0
36533.0	23.86	27.82	1.14	16.24	9.0	2411.19	3600.0	14.25	1.0
36585.0	23.85	27.78	1.13	16.54	9.0	2360.35	3600.0	17.0	1.0
36643.0	23.91	27.76	1.13	16.92	9.0	2343.38	3600.0	18.9	1.0
36702.0	23.89	27.72	1.13	17.54	9.0	2205.56	3600.0	25.0	1.0
36759.0	23.84	27.69	1.13	17.63	9.0	2288.33	3600.0	25.31	1.0
36815.0	23.82	27.71	1.13	18.0	9.0	2417.79	3600.0	29.61	1.0
36873.0	23.76	27.71	1.14	18.05	9.0	2226.18	3600.0	30.17	1.0
36931.0	23.78	27.71	1.13	18.06	9.0	2419.35	3600.0	30.92	1.0
36983.0	23.74	27.62	1.13	18.21	9.0	2215.98	3600.0	31.29	1.0
37042.0	23.93	27.76	1.13	18.18	9.0	2391.58	3600.0	31.91	1.0
37103.0	23.92	27.74	1.13	17.99	9.0	2247.86	3600.0	29.6	1.0
37167.0	23.83	27.74	1.13	17.59	9.0	2335.72	3600.0	27.01	1.0
37224.0	23.83	27.79	1.13	17.53	9.0	2219.59	3600.0	25.62	1.0
37276.0	23.79	27.78	1.13	17.37	9.0	2281.02	3600.0	26.4	1.0
37338.0	23.74	27.71	1.13	17.37	9.0	2411.19	3600.0	24.05	1.0
37396.0	23.84	27.8	1.13	17.18	9.0	2231.81	3600.0	23.8	1.0
37454.0	23.67	27.65	1.13	17.33	9.0	2334.63	3600.0	25.52	1.0
37507.0	23.74	27.69	1.13	17.19	9.0	2284.15	3600.0	21.51	1.0
37565.0	23.93	27.78	1.13	17.32	9.0	2207.18	3600.0	25.18	1.0
37622.0	23.87	27.77	1.13	17.76	9.0	2018.03	3600.0	29.27	1.0
37675.0	23.9	27.79	1.13	17.65	9.0	2356.64	3600.0	27.13	1.0
37733.0	23.97	27.87	1.13	17.6	9.0	2171.08	3600.0	26.23	1.0
37794.0	23.92	27.86	1.13	17.16	9.0	2340.46	3600.0	24.07	1.0
37853.0	23.84	27.81	1.13	17.09	9.0	2396.93	3600.0	23.59	1.0
37910.0	23.78	27.79	1.13	16.86	9.0	2355.9	3600.0	20.71	1.0
37963.0	23.73	27.69	1.13	16.93	8.0	2439.82	3600.0	19.41	1.0
38030.0	23.51	27.57	1.13	16.94	8.0	2318.75	3600.0	21.34	1.0
38082.0	23.75	27.73	1.13	16.97	8.0	2343.38	3600.0	22.34	1.0
38140.0	23.75	27.68	1.13	17.42	8.0	2246.52	3600.0	24.93	1.0
38199.0	23.8	27.71	1.13	17.24	8.0	2337.91	3600.0	23.33	1.0
38251.0	23.87	27.77	1.13	17.36	8.0	2163.57	3600.0	25.27	1.0
38309.0	23.85	27.77	1.13	17.45	8.0	2247.19	3600.0	26.4	1.0
38367.0	23.89	27.8	1.13	17.6	8.0	2011.26	3600.0	27.52	1.0
38428.0	23.87	27.82	1.13	17.43	8.0	2168.57	3600.0	26.52	1.0
38492.0	23.89	27.83	1.14	17.26	8.0	2089.43	3600.0	23.18	1.0
38550.0	23.83	27.79	1.13	17.35	8.0	2178.33	3600.0	25.76	1.0
38608.0	23.93	27.81	1.14	17.1	8.0	1983.6	3600.0	22.14	1.0
38667.0	23.85	27.78	1.14	16.77	8.0	1948.56	3600.0	18.8	1.0
38724.0	23.83	27.78	1.13	16.73	8.0	2279.64	3600.0	17.81	1.0
38782.0	23.83	27.76	1.13	16.79	8.0	2241.48	3600.0	17.78	1.0
38841.0	23.9	27.78	1.13	16.69	8.0	2112.08	3600.0	19.12	1.0
38893.0	23.87	27.78	1.13	16.43	8.0	2108.81	3600.0	17.58	1.0
38950.0	23.93	27.81	1.13	16.22	8.0	2235.14	3600.0	14.7	1.0
39009.0	23.88	27.79	1.13	16.17	8.0	2159.21	3600.0	13.6	1.0
39067.0	23.88	27.82	1.13	16.34	8.0	2220.58	3600.0	11.08	1.0
39129.0	23.85	27.79	1.13	16.52	8.0	2296.04	3600.0	15.3	1.0
39186.0	23.8	27.84	1.14	16.58	8.0	2216.97	3600.0	17.14	1.0
39250.0	23.8	27.82	1.13	16.47	8.0	2261.08	3600.0	16.55	1.0
39309.0	23.77	27.78	1.13	16.99	8.0	2115.95	3600.0	20.52	1.0
39361.0	23.81	27.78	1.13	17.12	8.0	2229.16	3600.0	23.82	1.0
39413.0	23.86	27.76	1.13	16.98	8.0	2341.92	3600.0	20.07	1.0
39480.0	23.89	27.78	1.13	16.86	8.0	2267.57	3600.0	19.09	1.0
39532.0	23.95	27.83	1.14	17.07	8.0	2355.16	3600.0	22.45	1.0
39590.0	23.91	27.8	1.13	16.78	8.0	2444.19	3600.0	21.47	1.0
39652.0	23.8	27.75	1.13	17.05	7.0	2255.3	3600.0	20.62	1.0
39710.0	23.52	27.57	1.14	16.77	7.0	2407.7	3600.0	20.67	1.0
39762.0	23.58	27.63	1.13	16.68	7.0	2317.68	3600.0	15.77	1.0
39820.0	23.58	27.69	1.13	16.4	7.0	2392.73	3600.0	16.02	1.0
39878.0	23.68	27.74	1.13	16.65	7.0	2198.12	3600.0	17.46	1.0
39940.0	23.72	27.73	1.13	16.44	7.0	2373.79	3600.0	17.07	1.0
39998.0	23.83	27.75	1.13	16.59	7.0	2161.38	3600.0	16.96	1.0
40056.0	23.79	27.77	1.14	16.48	7.0	2187.86	3600.0	17.28	1.0
40114.0	23.84	27.8	1.14	16.85	7.0	2279.29	3600.0	19.49	1.0
40166.0	23.9	27.84	1.13	16.84	7.0	2387.39	3600.0	20.79	1.0
40219.0	23.9	27.86	1.13	17.01	7.0	2175.8	3600.0	21.8	1.0
40280.0	23.93	27.89	1.14	16.98	7.0	2329.19	3600.0	20.45	1.0
40338.0	23.89	27.84	1.13	17.22	7.0	2102.31	3600.0	24.02	1.0
40396.0	23.94	27.89	1.14	17.31	7.0	2355.9	3600.0	24.12	1.0
40460.0	23.9	27.86	1.14	17.25	7.0	2156.41	3600.0	23.88	1.0
40512.0	23.85	27.87	1.14	17.23	7.0	2351.47	3600.0	25.24	1.0
40570.0	23.95	27.88	1.14	17.39	6.0	2165.13	3600.0	22.59	1.0
40632.0	23.99	27.9	1.13	17.74	6.0	2154.24	3600.0	30.02	1.0
40689.0	23.7	27.69	1.12	18.34	6.0	2275.14	3600.0	33.45	1.0
40754.0	23.45	27.57	1.12	18.27	6.0	2298.15	3600.0	34.05	1.0
40811.0	23.51	27.67	1.13	17.89	6.0	2299.91	3600.0	30.89	1.0
40864.0	23.47	27.56	1.13	17.61	6.0	2268.6	3600.0	29.83	1.0
40922.0	23.71	27.65	1.13	17.53	6.0	2050.86	3600.0	26.03	1.0
40974.0	23.68	27.67	1.13	18.48	6.0	1814.0	3600.0	34.6	1.0
41038.0	23.32	27.27	1.13	19.18	6.0	2024.84	3600.0	40.67	1.0
41096.0	23.25	27.23	1.13	19.52	6.0	1819.28	3600.0	44.04	1.0
41151.0	23.19	27.18	1.12	19.71	6.0	1815.76	3600.0	45.26	1.0
41208.0	23.32	27.37	1.13	19.84	6.0	1588.65	3600.0	46.61	1.0
41270.0	23.47	27.53	1.13	19.91	6.0	1462.42	3600.0	47.09	1.0
41327.0	23.61	27.66	1.13	19.85	6.0	1704.74	3600.0	45.02	1.0
41382.0	23.78	27.84	1.13	19.91	6.0	1639.34	3600.0	47.15	1.0
41446.0	23.87	27.85	1.13	19.7	6.0	1350.14	3600.0	44.94	1.0
41500.0	23.82	27.81	1.13	18.95	6.0	1299.71	3600.0	41.97	1.0
41555.0	23.78	27.71	1.13	18.24	6.0	1473.77	3600.0	37.72	1.0
41614.0	23.57	27.63	1.13	17.52	6.0	1403.84	3600.0	28.45	1.0
41668.0	23.75	27.72	1.13	17.29	6.0	1273.02	3600.0	25.81	1.0
41723.0	23.77	27.79	1.13	16.99	6.0	1438.16	3600.0	23.43	1.0
41782.0	23.85	27.85	1.13	16.68	6.0	1404.36	3600.0	19.4	1.0
41847.0	23.99	27.86	1.13	16.66	6.0	1308.67	3600.0	18.41	1.0
41903.0	23.95	27.84	1.13	16.76	6.0	1153.05	3600.0	16.76	1.0
41961.0	23.96	27.93	1.13	16.87	6.0	1586.46	3600.0	18.68	1.0
42015.0	23.82	27.87	1.13	17.22	6.0	1437.19	3600.0	22.6	1.0
42071.0	23.83	27.93	1.14	18.26	6.0	1387.22	3600.0	27.32	1.0
42140.0	23.91	28.05	1.14	19.08	6.0	1512.71	3500.0	39.57	1.0
42194.0	23.85	27.96	1.14	19.17	6.0	1435.41	3600.0	41.87	1.0
42253.0	23.83	27.99	1.14	18.57	6.0	1383.76	3600.0	37.43	1.0
42313.0	23.85	27.9	1.14	18.04	6.0	1656.73	3600.0	34.16	1.0
42372.0	23.86	27.97	1.13	17.83	6.0	1462.99	3600.0	30.67	1.0
42432.0	23.81	27.98	1.13	17.59	6.0	1326.49	3600.0	27.42	1.0
42484.0	23.5	27.76	1.13	17.21	6.0	1825.71	3600.0	24.58	1.0
42545.0	23.64	27.84	1.13	16.88	6.0	1765.95	3600.0	21.96	1.0
42597.0	23.88	28.06	1.13	16.86	6.0	1502.7	3500.0	21.29	1.0
42657.0	23.89	28.02	1.13	16.81	6.0	1365.75	3500.0	20.46	1.0
42716.0	23.91	28.03	1.13	16.99	6.0	1572.82	3500.0	22.5	1.0
42765.0	23.79	27.98	1.14	17.27	6.0	1428.71	3600.0	24.08	1.0
42825.0	23.94	28.11	1.13	18.31	6.0	1545.6	3500.0	29.08	1.0
42884.0	23.79	28.07	1.13	19.02	6.0	1359.8	3500.0	39.62	1.0
42944.0	23.67	27.95	1.13	19.15	6.0	1277.25	3600.0	41.84	1.0
42998.0	23.84	28.0	1.13	18.72	6.0	1477.1	3600.0	40.03	1.0
43062.0	23.86	28.13	1.13	18.53	6.0	1519.45	3500.0	36.22	1.0
43117.0	23.95	28.13	1.13	18.55	6.0	1377.28	3500.0	34.08	1.0
43166.0	23.86	28.07	1.13	18.98	6.0	1420.86	3500.0	37.82	1.0
43236.0	23.85	27.95	1.14	19.34	6.0	1425.31	3600.0	42.4	1.0
43285.0	23.93	28.04	1.14	19.26	6.0	1660.76	3500.0	40.39	1.0
43348.0	24.02	28.22	1.13	19.28	6.0	1451.52	3500.0	40.72	1.0
43403.0	23.92	28.15	1.14	19.28	6.0	1298.14	3500.0	42.48	1.0
43461.0	23.91	28.16	1.14	18.62	6.0	1680.11	3500.0	38.0	1.0
43522.0	23.88	27.98	1.14	18.26	6.0	1629.02	3600.0	35.72	1.0
43580.0	23.97	28.17	1.13	18.0	6.0	1345.41	3500.0	32.33	1.0
43640.0	23.87	28.08	1.13	17.92	6.0	1452.5	3500.0	29.56	1.0
43699.0	23.45	27.71	1.13	18.03	6.0	1720.18	3600.0	33.35	1.0
43753.0	23.5	27.82	1.13	17.47	6.0	1583.45	3600.0	29.73	1.0
43811.0	23.54	27.94	1.14	17.07	6.0	1529.68	3600.0	23.62	1.0
43866.0	23.71	28.05	1.14	16.96	6.0	1697.22	3500.0	22.01	1.0
43924.0	23.68	28.06	1.14	17.28	6.0	1482.36	3500.0	23.88	1.0
43984.0	23.7	27.89	1.14	17.59	6.0	1336.54	3600.0	27.35	1.0
44046.0	23.83	28.15	1.13	17.6	6.0	1271.83	3500.0	25.98	1.0
44103.0	23.72	28.07	1.13	17.5	6.0	1473.77	3500.0	27.02	1.0
44158.0	23.79	28.14	1.13	17.13	6.0	1330.02	3500.0	23.59	1.0
44213.0	23.76	28.13	1.13	16.74	6.0	1149.87	3500.0	21.98	1.0
44268.0	23.71	28.04	1.14	16.47	6.0	1337.73	3500.0	18.52	1.0
44332.0	23.83	28.21	1.13	16.23	6.0	1503.16	3500.0	14.82	1.0
44392.0	23.79	28.15	1.13	16.49	6.0	1428.03	3500.0	13.14	1.0
44450.0	23.75	28.1	1.13	17.4	6.0	1333.45	3500.0	25.76	1.0
44506.0	23.8	28.14	1.14	17.6	6.0	1443.97	3500.0	27.79	1.0
44566.0	23.98	28.31	1.13	17.86	6.0	1371.49	3500.0	29.5	1.0
44626.0	23.95	28.29	1.13	18.1	6.0	1292.77	3500.0	28.94	1.0
44681.0	23.96	28.33	1.13	18.33	6.0	1118.65	3500.0	32.67	1.0
44739.0	23.77	28.13	1.14	18.32	6.0	1364.38	3500.0	32.57	1.0
44800.0	23.99	28.4	1.13	18.14	6.0	1585.12	3500.0	34.06	1.0
44852.0	23.9	28.32	1.13	17.93	6.0	1351.84	3500.0	29.37	1.0
44913.0	23.88	28.31	1.13	17.27	6.0	1244.19	3500.0	27.73	1.0
44967.0	23.67	28.12	1.14	16.59	6.0	1491.35	3500.0	21.93	1.0
45031.0	23.77	28.21	1.14	15.99	6.0	1666.48	3500.0	13.49	1.0
45080.0	23.81	28.2	1.13	16.03	6.0	1538.62	3500.0	11.06	1.0
45138.0	23.77	28.21	1.14	16.78	6.0	1535.31	3500.0	16.35	1.0
45199.0	23.77	28.24	1.14	17.82	6.0	1396.65	3500.0	26.14	1.0
45257.0	23.78	28.29	1.13	18.2	6.0	1779.57	3500.0	32.83	1.0
45316.0	23.82	28.27	1.14	18.46	6.0	1588.14	3500.0	36.13	1.0
45371.0	23.49	28.04	1.14	18.56	6.0	1452.22	3500.0	34.42	1.0
45431.0	23.77	28.24	1.13	17.84	6.0	1327.67	3500.0	32.76	1.0
45489.0	23.38	27.9	1.13	17.67	6.0	1689.0	3600.0	28.16	1.0
45544.0	23.49	28.0	1.13	17.54	6.0	1547.51	3600.0	25.33	1.0
45602.0	23.59	28.17	1.13	17.7	6.0	1580.61	3500.0	26.91	1.0
45663.0	23.7	28.35	1.13	18.32	6.0	1610.65	3500.0	30.76	1.0
45721.0	23.75	28.35	1.13	18.67	6.0	1334.4	3500.0	37.2	1.0
45782.0	23.72	28.28	1.13	18.78	6.0	1516.84	3500.0	36.17	1.0
45840.0	23.64	28.2	1.14	18.71	6.0	1515.46	3500.0	36.3	1.0
45900.0	23.82	28.38	1.13	18.42	6.0	1368.36	3500.0	34.66	1.0
45958.0	23.82	28.42	1.13	18.32	6.0	1444.81	3500.0	34.65	1.0
46019.0	23.76	28.41	1.13	18.16	6.0	1387.35	3500.0	31.99	1.0
46080.0	23.76	28.43	1.13	17.95	6.0	1249.58	3500.0	30.8	1.0
46137.0	23.76	28.45	1.13	17.18	6.0	1563.8	3500.0	25.71	1.0
46197.0	23.95	28.61	1.13	16.47	6.0	1446.9	3500.0	20.5	1.0
46253.0	23.84	28.57	1.13	16.46	6.0	1334.99	3500.0	16.35	1.0
46308.0	23.81	28.56	1.13	16.46	6.0	1240.28	3500.0	17.75	1.0
46365.0	23.65	28.49	1.14	16.41	6.0	1435.54	3500.0	15.13	1.0
46420.0	23.83	28.56	1.14	16.86	6.0	1428.84	3500.0	18.84	1.0
46481.0	23.89	28.61	1.14	17.19	6.0	1265.61	3500.0	22.05	1.0
46539.0	23.82	28.57	1.14	17.32	6.0	1530.61	3500.0	26.04	1.0
46600.0	23.79	28.49	1.14	17.23	6.0	1399.38	3500.0	25.07	1.0
46654.0	23.87	28.61	1.13	17.16	6.0	1336.3	3500.0	22.3	1.0
46712.0	23.6	28.39	1.13	17.78	6.0	1462.27	3500.0	28.42	1.0
46773.0	23.43	28.24	1.13	17.67	6.0	1516.84	3500.0	30.22	1.0
46831.0	23.36	28.14	1.14	17.73	6.0	1425.04	3500.0	29.6	1.0
46886.0	23.41	28.29	1.14	17.97	6.0	1264.97	3500.0	29.03	1.0
46941.0	23.61	28.42	1.13	18.17	6.0	1509.21	3500.0	32.74	1.0
47005.0	23.65	28.35	1.14	18.22	6.0	1749.88	3500.0	31.55	1.0
47063.0	23.72	28.56	1.13	18.25	6.0	1482.21	3500.0	31.19	1.0
47112.0	23.87	28.73	1.13	17.95	6.0	1350.26	3500.0	30.56	1.0
47167.0	23.77	28.62	1.13	17.45	6.0	1611.17	3500.0	27.31	1.0
47230.0	23.58	28.45	1.14	17.25	6.0	1466.99	3500.0	24.35	1.0
47286.0	23.68	28.55	1.14	17.46	6.0	1527.81	3500.0	25.28	1.0
47344.0	23.77	28.62	1.14	18.54	6.0	1379.44	3500.0	35.87	1.0
47405.0	23.74	28.59	1.14	18.9	6.0	1245.23	3500.0	38.75	1.0
47465.0	23.71	28.55	1.14	18.82	6.0	1445.92	3500.0	39.49	1.0
47517.0	23.68	28.56	1.14	18.57	6.0	1376.02	3500.0	36.79	1.0
47572.0	23.78	28.72	1.14	18.32	6.0	1209.19	3500.0	33.43	1.0
47633.0	23.86	28.69	1.14	17.61	6.0	1388.37	3500.0	31.54	1.0
47690.0	23.74	28.63	1.14	17.04	6.0	1418.31	3500.0	22.94	1.0
47752.0	23.31	28.28	1.13	17.18	6.0	1390.18	3500.0	24.67	1.0
47801.0	23.7	28.64	1.13	17.18	6.0	1253.97	3500.0	21.56	1.0
47861.0	23.61	28.66	1.13	17.47	6.0	1261.14	3500.0	24.68	1.0
47919.0	23.35	28.23	1.14	17.58	6.0	1459.14	3500.0	26.22	1.0
47980.0	23.4	28.39	1.14	17.49	6.0	1299.38	3500.0	28.06	1.0
48037.0	23.52	28.43	1.14	17.36	6.0	1250000.0	3500.0	24.09	1.0
48099.0	23.63	28.53	1.14	17.26	6.0	1645.64	3500.0	26.09	1.0
48148.0	23.58	28.47	1.14	17.17	6.0	1502.7	3500.0	23.51	1.0
48206.0	23.55	28.49	1.14	17.02	6.0	1249.79	3500.0	20.66	1.0
48267.0	23.7	28.64	1.14	16.94	6.0	1499.55	3500.0	22.21	1.0
48325.0	23.59	28.63	1.14	16.77	6.0	1420.45	3500.0	17.64	1.0
48379.0	23.58	28.63	1.14	16.49	6.0	1255.23	3500.0	16.12	1.0
48441.0	23.72	28.67	1.14	16.23	6.0	1535.63	3500.0	13.58	1.0
48493.0	23.7	28.7	1.14	16.25	6.0	1412.16	3500.0	14.37	1.0
48553.0	23.71	28.7	1.14	16.7	6.0	1573.98	3500.0	16.73	1.0
48612.0	23.61	28.6	1.14	17.32	6.0	1441.2	3500.0	25.0	1.0
48666.0	23.62	28.64	1.14	17.47	6.0	1292.55	3500.0	26.37	1.0
48721.0	23.74	28.82	1.14	17.4	6.0	1670.19	3500.0	27.47	1.0
48779.0	23.78	28.92	1.14	17.55	6.0	1587.97	3500.0	24.55	1.0
48834.0	23.67	28.8	1.14	18.22	6.0	1449.42	3500.0	30.08	1.0
48898.0	23.72	28.9	1.14	18.94	6.0	1668.52	3500.0	38.47	1.0
48953.0	23.9	29.02	1.14	19.25	6.0	1581.28	3500.0	40.59	1.0
49010.0	23.72	28.92	1.14	19.57	6.0	1353.42	3500.0	44.41	1.0
49065.0	23.58	28.64	1.14	19.74	6.0	1394.96	3500.0	45.63	1.0
49126.0	23.62	28.76	1.14	19.8	6.0	1305.48	3500.0	44.45	1.0
49184.0	23.77	28.95	1.13	19.64	6.0	1578.28	3500.0	43.37	1.0
49245.0	23.76	28.96	1.14	19.41	6.0	1456.88	3500.0	42.69	1.0
49299.0	23.71	28.98	1.14	19.34	6.0	1290.21	3500.0	43.32	1.0
49363.0	23.51	28.84	1.13	18.21	6.0	1529.99	3500.0	36.49	1.0
49418.0	23.61	28.86	1.14	17.48	6.0	1660.76	3500.0	30.35	1.0
49476.0	23.77	29.08	1.14	17.59	6.0	1387.48	3500.0	26.19	1.0
49537.0	23.73	29.05	1.14	18.3	6.0	1521.76	3500.0	30.05	1.0
49586.0	23.6	28.99	1.14	18.87	6.0	1525.94	3500.0	35.89	1.0
49644.0	23.83	29.26	1.14	19.01	6.0	1222.39	3500.0	37.99	1.0
49704.0	23.73	29.12	1.14	18.89	6.0	1694.72	3500.0	40.47	1.0
49762.0	23.74	29.11	1.14	18.9	6.0	1653.99	3500.0	39.14	1.0
49817.0	23.45	28.91	1.14	19.22	6.0	1525.94	3500.0	38.6	1.0
49881.0	23.64	29.1	1.13	19.38	6.0	1724.53	3500.0	43.21	1.0
49939.0	23.67	29.09	1.14	19.53	6.0	1495.51	3500.0	44.14	1.0
49993.0	23.7	29.07	1.14	19.72	6.0	1567.56	3500.0	45.41	1.0
50049.0	23.7	28.95	1.14	19.8	6.0	1486.92	3500.0	44.21	1.0
50107.0	23.68	29.05	1.14	19.44	6.0	1464.13	3500.0	44.69	1.0
50161.0	23.81	29.2	1.14	19.14	6.0	1689.95	3500.0	42.96	1.0
50225.0	23.68	29.09	1.14	18.75	6.0	1488.69	3500.0	38.48	1.0
50280.0	23.73	29.13	1.14	18.41	6.0	1339.17	3500.0	36.79	1.0
50343.0	23.68	29.16	1.14	17.41	6.0	1703.19	3500.0	28.22	1.0
50399.0	23.66	29.14	1.14	16.85	6.0	1646.9	3500.0	23.98	1.0
50457.0	23.64	29.07	1.14	16.55	6.0	1362.52	3500.0	17.83	1.0
50518.0	23.48	28.98	1.14	16.22	6.0	1405.81	3500.0	16.17	1.0
50575.0	23.59	29.11	1.14	16.04	6.0	1604.96	3500.0	10.34	1.0
50630.0	23.65	29.14	1.14	16.12	6.0	1460.71	3500.0	12.08	1.0
50685.0	23.65	29.11	1.13	16.17	6.0	1317.52	3500.0	10.3	1.0
50743.0	23.66	29.12	1.14	16.07	6.0	1824.37	3500.0	11.21	1.0
50792.0	23.72	29.27	1.14	16.15	6.0	1772.63	3500.0	12.64	1.0
50850.0	23.66	29.25	1.14	16.25	6.0	1509.05	3500.0	13.06	1.0
50906.0	23.71	29.29	1.14	16.14	6.0	1397.56	3500.0	13.97	1.0
50963.0	23.74	29.33	1.14	15.98	6.0	1641.14	3500.0	11.25	1.0
51018.0	23.76	29.32	1.14	16.06	6.0	1500.0	3500.0	12.06	1.0
51077.0	23.76	29.36	1.14	17.01	6.0	1424.1	3500.0	21.44	1.0
51131.0	23.81	29.42	1.14	17.38	6.0	1514.39	3500.0	25.51	1.0
51189.0	23.8	29.41	1.14	17.52	6.0	1643.12	3500.0	27.26	1.0
51250.0	23.79	29.4	1.14	17.71	6.0	1501.35	3500.0	26.72	1.0
51314.0	23.74	29.37	1.14	17.24	6.0	1530.92	3500.0	25.36	1.0
51368.0	23.69	29.1	1.14	16.68	6.0	1843.88	3500.0	21.93	1.0
51427.0	23.69	29.2	1.14	16.36	6.0	1658.37	3500.0	16.54	1.0
51487.0	23.75	29.3	1.14	16.26	6.0	1528.43	3500.0	13.42	1.0
51539.0	23.66	29.29	1.14	16.21	6.0	1548.79	3500.0	14.31	1.0
51595.0	23.51	29.2	1.14	16.14	6.0	1754.59	3500.0	12.28	1.0
51658.0	23.62	29.4	1.13	16.17	6.0	1569.37	3500.0	13.13	1.0
51707.0	23.62	29.4	1.14	16.75	6.0	1625.14	3500.0	16.19	1.0
51772.0	23.65	29.46	1.14	17.28	6.0	1390.82	3500.0	22.87	1.0
51826.0	23.7	29.5	1.14	17.65	6.0	1448.86	3500.0	27.71	1.0
51885.0	23.81	29.51	1.14	17.79	6.0	1601.2	3500.0	29.23	1.0
51945.0	23.84	29.61	1.14	17.7	6.0	1455.75	3500.0	27.83	1.0
51994.0	23.87	29.64	1.14	17.41	6.0	1301.41	3500.0	26.22	1.0
52058.0	23.78	29.51	1.14	17.06	6.0	1809.63	3500.0	22.61	1.0
52116.0	23.78	29.59	1.14	16.87	6.0	1615.86	3500.0	19.2	1.0
52171.0	23.75	29.55	1.14	16.71	6.0	1483.39	3500.0	20.13	1.0
52230.0	23.64	29.46	1.14	16.6	6.0	1520.99	3500.0	16.68	1.0
52284.0	23.74	29.67	1.13	16.28	6.0	1464.7	3500.0	13.36	1.0
52339.0	23.75	29.63	1.14	15.97	6.0	1297.02	3500.0	12.59	1.0
52397.0	23.68	29.58	1.14	15.89	6.0	1703.38	3500.0	8.63	1.0
52451.0	23.68	29.42	1.13	15.9	6.0	1623.9	3500.0	9.99	1.0
52505.0	23.73	29.47	1.14	16.43	6.0	1525.17	3500.0	9.1	1.0
52563.0	23.75	29.33	1.14	17.28	6.0	1562.01	3500.0	23.36	1.0
52619.0	23.7	29.41	1.14	17.51	6.0	1556.34	3500.0	26.51	1.0
52682.0	23.76	29.45	1.14	17.59	6.0	1300.5	3500.0	26.73	1.0
52731.0	23.8	31.17	1.14	17.27	6.0	1650.89	3500.0	24.88	1.0
52790.0	23.76	88.33	1.14	16.92	6.0	1536.89	2900.0	19.49	1.0
52844.0	23.7	122.62	1.14	16.95	6.0	1395.87	2600.0	21.29	1.0
52902.0	23.78	144.69	1.15	17.22	6.0	1658.37	2500.0	24.48	1.0
52964.0	23.75	157.23	1.14	17.13	6.0	1532.96	2500.0	21.79	1.0
53013.0	23.81	163.35	1.14	16.97	6.0	1631.32	2500.0	23.52	1.0
53078.0	23.68	168.15	1.15	16.56	6.0	1673.73	2500.0	20.24	1.0
53136.0	23.66	170.58	1.15	16.18	6.0	1554.24	2500.0	13.83	1.0
53191.0	23.6	171.87	1.14	16.27	6.0	1406.07	2500.0	11.93	1.0
53250.0	23.56	172.7	1.15	16.28	6.0	1703.38	2500.0	12.74	1.0
53305.0	23.63	173.13	1.15	16.41	6.0	1656.36	2500.0	14.96	1.0
53363.0	23.63	173.42	1.15	17.2	6.0	1712.13	2500.0	22.05	1.0
53419.0	23.63	173.57	1.15	17.58	6.0	1578.45	2500.0	27.1	1.0
53477.0	23.63	173.66	1.15	17.77	6.0	1683.12	2500.0	27.07	1.0
53541.0	23.46	173.72	1.15	17.31	6.0	1732.3	2500.0	26.25	1.0
53591.0	23.54	173.74	1.15	17.32	6.0	1657.64	2500.0	24.13	1.0
53655.0	23.61	173.76	1.15	17.73	6.0	1432.12	2500.0	28.75	1.0
53710.0	23.68	173.77	1.15	17.89	6.0	1613.77	2500.0	30.84	1.0
53769.0	23.73	173.78	1.15	17.66	6.0	1472.32	2500.0	26.84	1.0
53823.0	23.75	173.78	1.15	17.76	6.0	1426.94	2500.0	29.24	1.0
53888.0	23.53	173.79	1.15	17.47	6.0	1861.74	2500.0	25.3	1.0
53946.0	23.47	173.79	1.15	17.52	6.0	1669.45	2500.0	27.21	1.0
54001.0	23.62	173.79	1.15	17.42	6.0	1559.74	2500.0	24.75	1.0
54066.0	23.72	173.79	1.15	17.31	6.0	1789.76	2500.0	23.73	1.0
54115.0	23.75	173.79	1.15	17.47	6.0	1657.64	2500.0	25.36	1.0
54173.0	23.81	173.79	1.15	17.75	6.0	1963.86	2500.0	29.56	1.0
54238.0	23.83	173.79	1.15	18.22	6.0	2057.05	2500.0	30.76	1.0
54302.0	23.97	173.79	1.14	18.68	6.0	1858.97	2500.0	37.16	1.0
54361.0	23.91	173.79	1.15	18.61	6.0	1981.77	2500.0	37.2	1.0
54419.0	23.69	173.79	1.15	18.75	6.0	1745.61	2500.0	38.05	1.0
54482.0	23.78	173.79	1.15	18.41	6.0	1866.6	2500.0	35.08	1.0
54541.0	23.73	173.79	1.15	17.66	6.0	1865.9	2500.0	30.53	1.0
54596.0	23.83	173.79	1.15	17.17	6.0	1792.76	2500.0	25.53	1.0
54661.0	23.77	173.79	1.15	17.42	6.0	1810.5	2500.0	25.81	1.0
54719.0	23.78	173.79	1.15	17.31	6.0	1747.23	2500.0	25.8	1.0
54777.0	23.8	173.79	1.15	17.54	6.0	1762.84	2500.0	27.08	1.0
54827.0	23.64	173.79	1.15	17.73	6.0	1667.41	2500.0	28.8	1.0
54891.0	23.75	173.79	1.14	17.71	6.0	1943.76	2500.0	29.35	1.0
54949.0	23.66	173.79	1.14	17.52	6.0	1765.95	2500.0	25.93	1.0
55008.0	23.66	173.79	1.15	17.07	6.0	1973.42	2500.0	21.57	1.0
55057.0	23.62	173.79	1.15	17.11	6.0	1896.09	2500.0	23.36	1.0
55121.0	23.67	173.79	1.15	16.77	6.0	1818.18	2500.0	20.22	1.0
55180.0	23.73	173.79	1.15	16.67	6.0	1861.74	2500.0	16.56	1.0
55244.0	23.64	173.79	1.15	16.94	6.0	1640.06	2500.0	19.02	1.0
55293.0	23.63	173.79	1.15	16.83	6.0	1593.54	2500.0	21.22	1.0
55358.0	23.57	173.79	1.15	16.72	6.0	1886.56	2500.0	19.31	1.0
55416.0	23.66	173.79	1.15	16.86	6.0	1932.24	2500.0	17.08	1.0
55469.0	23.73	173.79	1.15	17.36	6.0	1776.2	2500.0	25.61	1.0
55524.0	23.74	173.79	1.15	17.33	6.0	1748.46	2500.0	24.16	1.0
55588.0	23.77	173.79	1.15	17.19	6.0	1851.17	2500.0	24.81	1.0
55647.0	23.73	173.79	1.15	16.92	6.0	1715.07	2500.0	20.42	1.0
55705.0	23.73	173.79	1.15	16.92	6.0	1886.08	2500.0	19.65	1.0
55763.0	23.76	173.79	1.15	16.95	6.0	1826.37	2500.0	19.86	1.0
55819.0	23.79	173.79	1.15	16.93	6.0	1917.42	2500.0	22.87	1.0
55877.0	23.77	173.79	1.15	17.34	6.0	1956.69	2500.0	22.97	1.0
55936.0	23.78	173.79	1.15	17.78	6.0	1786.78	2500.0	29.63	1.0
55994.0	23.76	173.79	1.15	17.69	6.0	2040.54	2500.0	27.14	1.0
56044.0	23.78	173.79	1.15	17.67	6.0	1973.94	2500.0	28.74	1.0
56102.0	23.8	173.79	1.15	17.46	6.0	1907.18	2500.0	27.68	1.0
56166.0	23.76	173.79	1.15	17.45	6.0	1972.39	2500.0	24.58	1.0
56224.0	23.77	173.79	1.15	17.08	6.0	1848.88	2500.0	23.31	1.0
56283.0	23.74	173.79	1.15	17.08	6.0	1835.31	2500.0	20.75	1.0
56341.0	23.76	173.79	1.15	17.06	6.0	1785.71	2500.0	23.25	1.0
56399.0	23.73	173.79	1.15	16.88	6.0	1843.2	2500.0	18.69	1.0
56461.0	23.75	173.79	1.15	16.91	6.0	1709.79	2500.0	21.14	1.0
56519.0	23.78	173.79	1.15	16.79	6.0	2018.3	2500.0	20.26	1.0
56578.0	23.72	173.79	1.15	17.02	6.0	1812.91	2500.0	22.56	1.0
56636.0	23.73	173.79	1.15	16.83	6.0	1896.09	2500.0	18.9	1.0
56694.0	23.72	173.79	1.15	16.95	6.0	1768.03	2500.0	21.62	1.0
56750.0	23.74	173.79	1.15	16.98	6.0	1659.66	2500.0	20.06	1.0
56808.0	23.76	173.79	1.15	17.12	6.0	1788.48	2500.0	21.07	1.0
56866.0	23.73	173.79	1.15	17.13	6.0	1771.17	2500.0	21.63	1.0
56931.0	23.77	173.79	1.15	16.95	6.0	1937.73	2500.0	22.15	1.0
56992.0	23.66	173.79	1.15	17.33	6.0	1829.27	2500.0	20.59	1.0
57051.0	23.59	173.79	1.15	17.51	6.0	1577.29	2500.0	24.91	1.0
57109.0	23.68	173.79	1.15	17.53	6.0	1688.62	2500.0	25.81	1.0
57169.0	23.67	173.79	1.15	17.69	6.0	1685.2	2500.0	28.11	1.0
57228.0	23.76	173.79	1.15	17.98	6.0	1770.33	2500.0	29.11	1.0
57286.0	23.72	173.79	1.15	18.02	6.0	1707.46	2500.0	30.43	1.0
57341.0	23.68	173.79	1.15	17.92	6.0	1872.89	2500.0	31.55	1.0
57406.0	23.63	173.79	1.15	18.05	6.0	1665.19	2500.0	31.59	1.0
57464.0	23.66	173.79	1.15	17.43	6.0	1834.19	2500.0	27.69	1.0
57513.0	23.69	173.79	1.15	17.08	6.0	1768.66	2500.0	25.46	1.0
57578.0	23.71	173.79	1.15	16.83	6.0	1757.68	2500.0	19.98	1.0
57636.0	23.72	173.79	1.15	16.6	6.0	1920.61	2500.0	16.72	1.0
57690.0	23.75	173.79	1.15	16.72	6.0	1788.7	2500.0	19.47	1.0
57744.0	23.71	173.79	1.15	16.85	6.0	1885.61	2500.0	17.8	1.0
57808.0	23.77	173.79	1.15	16.97	6.0	1700.49	2500.0	21.79	1.0
57867.0	23.76	173.79	1.15	16.95	6.0	1941.5	2500.0	21.46	1.0
57931.0	23.74	173.79	1.15	16.98	6.0	1745.0	2500.0	22.64	1.0
57990.0	23.78	173.79	1.15	16.77	6.0	1897.53	2500.0	18.42	1.0
58048.0	23.74	173.79	1.15	16.62	6.0	1789.12	2500.0	18.62	1.0
58103.0	23.74	173.79	1.15	16.48	6.0	1758.09	2500.0	15.62	1.0
58168.0	23.8	173.79	1.15	16.48	6.0	1600.68	2500.0	16.72	1.0
58226.0	23.71	173.79	1.15	16.48	6.0	1806.14	2500.0	16.79	1.0
58281.0	23.76	173.79	1.15	16.3	6.0	1787.42	2500.0	14.03	1.0
58340.0	23.65	173.79	1.14	16.49	6.0	1866.6	2500.0	14.54	1.0
58398.0	23.73	173.79	1.15	16.37	6.0	1755.21	2500.0	16.58	1.0
58457.0	23.75	173.79	1.14	16.39	6.0	1814.66	2500.0	16.01	1.0
58512.0	23.71	173.79	1.15	16.43	6.0	1815.54	2500.0	13.86	1.0
58570.0	23.72	173.79	1.15	16.48	6.0	1635.23	2500.0	14.72	1.0
58635.0	23.74	173.79	1.15	16.47	6.0	1861.97	2500.0	15.11	1.0
58693.0	23.72	173.79	1.15	16.45	6.0	1723.35	2500.0	14.12	1.0
58755.0	23.71	173.79	1.15	16.66	6.0	1696.64	2500.0	17.77	1.0
58807.0	23.74	173.79	1.15	16.7	6.0	1896.09	2500.0	19.08	1.0
58865.0	23.73	173.79	1.15	16.78	6.0	1689.19	2500.0	18.39	1.0
58930.0	23.73	173.79	1.15	17.44	6.0	1854.14	2500.0	25.9	1.0
58985.0	23.73	173.79	1.15	17.63	6.0	1833.97	2500.0	28.3	1.0
59043.0	23.76	173.79	1.15	17.67	6.0	1945.27	2500.0	28.53	1.0
59102.0	23.75	173.79	1.15	17.9	6.0	1725.13	2500.0	28.96	1.0
59160.0	23.8	173.79	1.15	17.74	6.0	1977.59	2500.0	27.57	1.0
59215.0	23.81	173.79	1.15	17.89	6.0	1916.93	2500.0	30.77	1.0
59279.0	23.68	173.79	1.15	17.94	6.0	1811.81	2500.0	31.67	1.0
59337.0	23.73	173.79	1.15	17.99	6.0	1894.66	2500.0	31.7	1.0
59402.0	23.72	173.79	1.15	17.71	6.0	1718.8	2500.0	29.09	1.0
59455.0	23.67	173.79	1.14	17.24	6.0	1829.27	2500.0	25.21	1.0
59515.0	23.64	173.79	1.14	16.91	6.0	1731.7	2500.0	21.58	1.0
59568.0	23.71	173.79	1.15	16.68	6.0	1746.62	2500.0	17.8	1.0
59627.0	23.74	173.79	1.15	16.64	6.0	1858.05	2500.0	17.62	1.0
59691.0	23.71	173.79	1.15	17.4	6.0	1791.04	2500.0	25.93	1.0
59749.0	23.73	173.79	1.15	17.68	6.0	1937.23	2500.0	28.64	1.0
59804.0	23.74	173.79	1.15	18.09	6.0	1802.67	2500.0	31.52	1.0
59863.0	23.78	173.79	1.15	18.25	6.0	1968.5	2500.0	33.29	1.0
59927.0	23.79	173.79	1.15	18.38	6.0	1802.88	2500.0	35.27	1.0
59985.0	23.79	173.79	1.15	18.26	6.0	1934.24	2500.0	32.23	1.0
60044.0	23.77	173.79	1.15	18.26	6.0	1787.2	2500.0	32.03	1.0
60099.0	23.76	173.79	1.15	18.12	6.0	1748.46	2500.0	34.13	1.0
60164.0	23.77	173.79	1.14	18.06	6.0	1849.8	2500.0	30.11	1.0
60216.0	23.8	173.79	1.15	17.83	6.0	1880.41	2500.0	30.85	1.0
60274.0	23.67	173.79	1.15	17.91	6.0	1648.71	2500.0	31.08	1.0
60329.0	23.71	173.79	1.15	18.06	6.0	1817.52	2500.0	32.32	1.0
60388.0	23.68	173.79	1.15	18.03	6.0	1702.22	2500.0	32.36	1.0
60446.0	23.73	173.79	1.15	17.84	6.0	1983.08	2500.0	28.52	1.0
60505.0	23.76	173.79	1.15	18.01	6.0	1774.31	2500.0	31.8	1.0
60566.0	23.8	173.79	1.14	18.01	6.0	1734.51	2500.0	29.84	1.0
60623.0	23.67	173.79	1.14	18.08	6.0	1885.61	2500.0	29.37	1.0
60683.0	23.72	173.79	1.14	18.31	6.0	1987.02	2500.0	33.58	1.0
60741.0	23.81	173.79	1.14	18.53	6.0	1743.98	2500.0	34.55	1.0
60805.0	23.73	173.79	1.14	18.55	6.0	1873.83	2500.0	34.93	1.0
60855.0	23.77	173.79	1.15	18.45	6.0	1924.8	2500.0	35.9	1.0
60918.0	23.81	173.79	1.15	18.36	6.0	1920.12	2500.0	32.15	1.0
60977.0	23.73	173.79	1.15	18.38	6.0	1815.76	2500.0	35.67	1.0
61035.0	23.77	173.79	1.15	18.35	6.0	1756.23	2500.0	35.22	1.0
61085.0	23.74	173.79	1.15	18.28	6.0	1738.73	2500.0	34.72	1.0
61149.0	23.79	173.79	1.14	18.15	6.0	1878.76	2500.0	33.42	1.0
61213.0	23.79	173.79	1.15	17.79	6.0	1762.01	2500.0	29.56	1.0
61265.0	23.76	173.79	1.14	17.73	7.0	1863.35	2500.0	27.03	1.0
61324.0	23.74	173.79	1.14	17.81	6.0	1912.78	2500.0	30.36	1.0
61379.0	23.71	173.79	1.15	18.1	6.0	1775.15	2500.0	29.19	1.0
61437.0	23.78	173.79	1.15	18.21	6.0	1880.64	2500.0	31.17	1.0
61502.0	23.8	173.79	1.15	18.23	6.0	1926.04	2500.0	31.61	1.0
61555.0	23.75	173.79	1.15	18.74	6.0	1794.47	2500.0	37.1	1.0
61614.0	23.71	173.79	1.15	19.28	6.0	1816.86	2500.0	42.34	1.0
61677.0	23.68	173.79	1.15	19.6	6.0	1845.25	2500.0	42.92	1.0
61732.0	23.84	173.79	1.15	19.75	6.0	1742.77	2500.0	45.85	1.0
61791.0	23.78	173.79	1.15	19.75	6.0	1940.99	2500.0	46.36	1.0
61855.0	23.77	173.79	1.15	19.86	6.0	1717.43	2500.0	46.92	1.0
61914.0	23.73	173.79	1.15	19.92	6.0	1913.51	2500.0	45.47	1.0
61968.0	23.73	173.79	1.15	19.9	6.0	1850.94	2500.0	47.46	1.0
62026.0	23.75	173.79	1.15	19.67	6.0	1833.07	2500.0	44.5	1.0
62091.0	23.76	173.79	1.15	19.75	6.0	1992.83	2500.0	43.92	1.0
62149.0	23.8	173.79	1.15	19.78	6.0	1822.38	2500.0	44.52	1.0
62208.0	23.78	173.79	1.15	19.7	6.0	1939.49	2500.0	43.99	1.0
62266.0	23.8	173.79	1.15	19.59	6.0	1812.25	2500.0	45.04	1.0
62321.0	23.8	173.79	1.15	19.73	6.0	1686.15	2500.0	45.71	1.0
62380.0	23.44	173.79	1.15	19.57	6.0	1860.12	2500.0	45.34	1.0
62444.0	23.58	173.79	1.15	19.5	6.0	1904.28	2500.0	42.25	1.0
62502.0	23.71	173.79	1.15	19.37	6.0	1976.81	2500.0	43.13	1.0
62566.0	23.72	173.79	1.15	19.46	6.0	1780.63	2500.0	41.87	1.0
62619.0	23.69	173.79	1.15	19.17	6.0	2067.54	2500.0	42.45	1.0
62683.0	23.43	173.79	1.15	19.09	6.0	1866.6	2500.0	41.39	1.0
62741.0	23.16	173.79	1.14	19.42	6.0	1947.29	2500.0	43.83	1.0
62799.0	23.33	173.79	1.14	19.29	6.0	1829.49	2500.0	40.94	1.0
62861.0	23.36	173.79	1.15	18.75	6.0	1836.66	2500.0	38.76	1.0
62919.0	23.57	173.79	1.14	18.57	6.0	1662.05	2500.0	37.32	1.0
62971.0	23.55	173.79	1.15	18.23	6.0	1771.17	2500.0	34.24	1.0
63033.0	23.64	173.79	1.14	18.29	6.0	1743.98	2500.0	31.76	1.0
63091.0	23.6	173.79	1.14	18.5	6.0	1555.05	2500.0	36.1	1.0
63147.0	23.28	173.79	1.14	19.1	6.0	1471.45	2500.0	39.15	1.0
63211.0	23.35	167.06	1.14	19.35	6.0	1752.13	2500.0	41.11	1.0
63269.0	23.49	169.96	1.15	19.63	6.0	1612.73	2500.0	43.08	1.0
63324.0	23.64	171.5	1.15	19.78	6.0	1672.05	2500.0	46.0	1.0
63382.0	23.74	172.48	1.15	19.87	6.0	1913.75	2500.0	46.98	1.0
63440.0	23.7	173.05	1.14	19.93	6.0	1679.73	2500.0	45.56	1.0
63502.0	23.66	173.37	1.14	19.95	6.0	1549.75	2500.0	47.72	1.0
63565.0	23.51	173.56	1.15	19.92	6.0	1679.36	2500.0	47.4	1.0
63619.0	23.64	173.65	1.14	19.93	6.0	1620.57	2500.0	47.57	1.0
63679.0	23.58	173.71	1.14	19.96	6.0	1593.37	2500.0	45.76	1.0
63737.0	23.56	173.74	1.14	19.98	6.0	1731.1	2500.0	45.94	1.0
63796.0	23.6	173.76	1.15	19.98	6.0	1614.64	2500.0	46.02	1.0
63857.0	23.64	173.77	1.15	19.72	6.0	1603.42	2500.0	45.07	1.0
63909.0	23.66	173.78	1.14	19.62	6.0	1696.64	2500.0	43.48	1.0
63971.0	23.58	173.78	1.14	19.55	6.0	1587.64	2500.0	43.16	1.0
64029.0	23.5	173.79	1.15	19.39	6.0	1850.48	2500.0	42.28	1.0
64088.0	23.49	173.79	1.15	19.17	6.0	1654.35	2500.0	41.68	1.0
64151.0	23.64	173.79	1.15	18.83	6.0	1898.49	2500.0	39.18	1.0
64206.0	23.63	173.79	1.15	18.92	6.0	1835.09	2500.0	39.53	1.0
64265.0	23.54	173.79	1.15	18.93	6.0	1670.56	2500.0	39.69	1.0
64323.0	23.6	173.79	1.15	18.9	6.0	1777.25	2500.0	39.61	1.0
64388.0	23.61	173.79	1.14	19.08	6.0	1633.63	2500.0	40.79	1.0
64449.0	23.59	173.79	1.15	18.99	6.0	1641.68	2500.0	38.33	1.0
64507.0	23.68	173.79	1.15	19.13	6.0	1861.97	2500.0	38.77	1.0
64566.0	23.62	173.79	1.15	19.36	6.0	1643.3	2500.0	43.31	1.0
64629.0	23.56	173.79	1.14	19.55	6.0	1851.17	2500.0	44.75	1.0
64685.0	23.54	173.79	1.15	19.7	6.0	1788.06	2500.0	45.5	1.0
64749.0	23.4	173.79	1.15	19.66	6.0	1679.73	2500.0	46.07	1.0
64801.0	23.62	173.79	1.15	19.63	6.0	1823.04	2500.0	45.28	1.0
64863.0	23.62	173.79	1.15	19.31	6.0	1697.99	2500.0	44.16	1.0
64921.0	23.57	173.79	1.15	19.14	6.0	2038.87	2500.0	40.0	1.0
64985.0	23.68	173.79	1.15	19.06	6.0	1835.31	2500.0	39.53	1.0
65043.0	23.19	173.79	1.14	19.39	6.0	1926.04	2500.0	42.85	1.0
65096.0	23.3	173.79	1.14	19.32	6.0	1937.48	2500.0	42.95	1.0
65155.0	23.4	173.79	1.14	19.13	6.0	1854.14	2500.0	41.72	1.0
65216.0	23.61	173.79	1.14	19.12	6.0	1736.11	2500.0	39.37	1.0
65280.0	23.56	173.79	1.14	19.42	6.0	1817.74	2500.0	40.56	1.0
65338.0	23.73	173.79	1.14	19.63	6.0	1709.6	2500.0	43.03	1.0
65393.0	23.24	173.79	1.14	19.78	6.0	1599.32	2500.0	45.99	1.0
65458.0	23.35	173.79	1.14	19.88	6.0	1601.02	2500.0	47.13	1.0
65521.0	23.35	173.79	1.15	19.93	6.0	1820.17	2500.0	45.65	1.0
65580.0	23.43	173.79	1.14	19.95	6.0	1734.51	2500.0	45.84	1.0
65635.0	23.34	173.79	1.15	19.97	6.0	1594.56	2500.0	47.94	1.0
65699.0	23.42	173.79	1.15	19.98	6.0	1693.0	2500.0	48.08	1.0
65758.0	23.5	173.79	1.15	19.99	6.0	1660.03	2500.0	48.15	1.0
65818.0	23.65	173.79	1.14	19.99	6.0	1667.78	2500.0	46.19	1.0
65883.0	23.6	173.79	1.14	20.0	6.0	1715.46	2500.0	46.22	1.0
65941.0	23.52	173.79	1.15	20.0	6.0	1527.96	2500.0	46.23	1.0
65995.0	23.58	173.79	1.15	19.98	6.0	1741.96	2500.0	48.22	1.0
66054.0	23.63	173.79	1.15	19.95	6.0	1718.21	2500.0	47.79	1.0
66113.0	23.61	173.79	1.15	19.84	6.0	1759.74	2500.0	45.04	1.0
66173.0	23.66	173.79	1.14	19.85	6.0	1618.65	2500.0	46.94	1.0
66232.0	23.18	173.79	1.14	19.9	6.0	1808.75	2500.0	47.44	1.0
66296.0	23.45	173.79	1.14	19.74	7.0	1665.74	2500.0	44.54	1.0
66357.0	23.45	173.79	1.14	19.56	6.0	1559.9	2500.0	46.02	1.0
66415.0	23.47	173.79	1.15	19.32	6.0	1796.41	2500.0	42.21	1.0
66473.0	23.56	173.79	1.14	19.39	6.0	1716.05	2500.0	41.57	1.0
66535.0	23.44	173.79	1.15	19.51	6.0	1572.82	2500.0	43.66	1.0
66593.0	23.58	173.79	1.14	19.63	6.0	1716.05	2500.0	45.35	1.0
66652.0	23.57	163.2	1.14	19.66	6.0	1775.36	2500.0	45.57	1.0
66707.0	23.52	167.45	1.14	19.79	6.0	1689.0	2500.0	44.31	1.0
66770.0	23.59	170.36	1.14	19.89	6.0	1797.7	2500.0	45.27	1.0
66824.0	23.55	171.74	1.15	19.93	6.0	1688.24	2500.0	45.77	1.0
66884.0	23.65	172.62	1.14	19.93	6.0	1768.66	2500.0	47.76	1.0
66942.0	23.67	173.12	1.14	19.95	6.0	1540.2	2500.0	47.84	1.0
66998.0	23.23	173.39	1.14	19.87	6.0	1578.45	2500.0	45.67	1.0
67062.0	23.31	173.57	1.14	19.54	6.0	1740.95	2500.0	45.9	1.0
67121.0	23.37	173.67	1.14	19.27	6.0	1648.9	2500.0	41.78	1.0
67179.0	23.47	173.72	1.14	19.06	6.0	1792.54	2500.0	39.26	1.0
67234.0	23.41	173.75	1.14	19.09	6.0	1652.35	2500.0	41.34	1.0
67293.0	23.46	173.76	1.15	19.17	6.0	1587.3	2500.0	42.24	1.0
67353.0	23.51	173.77	1.15	19.23	6.0	1763.88	2500.0	40.22	1.0
67411.0	23.56	173.78	1.15	19.41	6.0	1557.31	2500.0	43.54	1.0
67471.0	23.68	173.78	1.14	19.37	6.0	1839.14	2500.0	43.64	1.0
67531.0	23.59	173.79	1.14	19.47	6.0	1775.99	2500.0	42.17	1.0
67590.0	23.57	173.79	1.15	19.5	6.0	1668.89	2500.0	42.44	1.0
67654.0	23.61	173.79	1.14	19.63	6.0	1799.86	2500.0	45.34	1.0
67709.0	23.55	173.79	1.14	19.69	6.0	1657.46	2500.0	43.57	1.0
67762.0	23.72	173.79	1.14	19.75	6.0	1712.72	2500.0	44.5	1.0
67826.0	23.33	173.79	1.14	19.81	7.0	1569.04	2500.0	45.17	1.0
67881.0	23.33	173.79	1.14	19.82	6.0	1705.32	2500.0	46.86	1.0
67940.0	23.34	166.68	1.14	19.82	6.0	1807.23	2500.0	46.87	1.0
67995.0	23.43	169.53	1.15	19.83	6.0	1684.64	2500.0	44.74	1.0
68054.0	23.61	171.37	1.15	19.88	6.0	1603.25	2500.0	45.28	1.0
68117.0	23.68	172.48	1.15	19.88	6.0	1843.66	2500.0	45.37	1.0
68175.0	23.55	173.04	1.15	19.9	6.0	1601.88	2500.0	47.65	1.0
68231.0	23.71	173.34	1.14	19.94	6.0	1472.03	2500.0	45.92	1.0
68295.0	23.58	173.55	1.14	19.92	6.0	1573.98	2500.0	45.84	1.0
68356.0	23.52	173.65	1.15	19.95	6.0	1641.86	2500.0	47.94	1.0
68409.0	23.6	173.71	1.14	19.97	6.0	1645.46	2500.0	48.17	1.0
68463.0	23.68	173.74	1.15	19.98	6.0	1853.68	2500.0	46.2	1.0
68528.0	23.5	173.76	1.15	19.99	6.0	1643.66	2500.0	46.31	1.0
68586.0	23.54	173.77	1.15	19.99	6.0	1772.21	2500.0	46.37	1.0
68651.0	23.54	173.78	1.15	19.93	6.0	1597.1	2500.0	45.9	1.0
68706.0	23.6	173.78	1.15	19.92	6.0	1497.9	2500.0	47.9	1.0
68764.0	23.62	173.79	1.15	19.2	6.0	1864.28	2500.0	43.47	1.0
68823.0	23.56	173.79	1.15	18.96	6.0	1792.11	2500.0	38.02	1.0
68883.0	23.35	173.79	1.15	19.08	6.0	1671.5	2500.0	42.12	1.0
68941.0	23.44	173.79	1.15	18.97	6.0	1823.93	2500.0	39.34	1.0
69006.0	23.6	173.79	1.15	18.96	6.0	1818.18	2500.0	39.09	1.0
69064.0	23.6	173.79	1.15	19.0	6.0	1845.02	2500.0	38.56	1.0
69129.0	23.59	173.79	1.14	19.14	6.0	1683.5	2500.0	39.58	1.0
69189.0	23.53	173.79	1.15	19.06	6.0	1813.35	2500.0	39.01	1.0
69249.0	23.57	173.79	1.14	19.24	6.0	1616.38	2500.0	39.94	1.0
69312.0	23.65	173.79	1.15	19.36	6.0	1815.98	2500.0	41.43	1.0
69367.0	23.74	173.79	1.15	19.49	6.0	1741.76	2500.0	44.31	1.0
69438.0	23.75	173.79	1.15	19.54	6.0	1601.2	2500.0	45.09	1.0
69496.0	23.56	173.79	1.14	19.33	6.0	1728.11	2500.0	41.37	1.0
69560.0	23.38	173.79	1.14	18.78	6.0	1517.6	2500.0	39.74	1.0
69621.0	23.39	173.79	1.14	18.26	6.0	1570.35	2500.0	36.8	1.0
69686.0	23.58	173.79	1.14	17.94	6.0	1711.55	2500.0	32.05	1.0
69741.0	23.52	173.79	1.15	17.89	6.0	1594.73	2500.0	31.11	1.0
69805.0	23.63	173.79	1.15	17.98	6.0	1471.74	2500.0	31.31	1.0
69875.0	23.38	173.79	1.14	18.28	6.0	1782.74	2500.0	32.41	1.0
69934.0	23.32	173.79	1.15	18.4	6.0	1561.2	2500.0	34.28	1.0
70027.0	23.35	173.79	1.15	19.21	6.0	1755.62	2500.0	41.36	1.0
70096.0	23.38	173.79	1.15	19.53	6.0	1623.73	2500.0	44.31	1.0
70146.0	23.37	173.79	1.15	19.7	6.0	1662.23	2500.0	43.48	1.0
70210.0	23.51	173.79	1.15	19.84	6.0	1702.22	2500.0	44.95	1.0
70275.0	23.5	173.79	1.15	19.91	6.0	1427.76	2500.0	47.75	1.0

================================Data log ends here================================