Log created on 1-5-2018__15.1.36
Tes1

Time	MAT	CHT	MAP	AFR	TPS	RPM	CCM	Cons	State
8245.0	23.1	23.8	1.12	17.45	9.0	1859.2	3600.0	100.0	1.0
8302.0	23.12	23.86	1.12	17.36	9.0	2058.46	3600.0	100.0	1.0
8360.0	23.38	24.14	1.12	16.97	9.0	1814.66	3600.0	100.0	1.0
8419.0	23.13	23.84	1.12	17.13	9.0	1986.76	3600.0	100.0	1.0
8473.0	23.28	23.9	1.13	16.95	9.0	1883.71	3600.0	100.0	1.0
8538.0	23.51	24.0	1.13	16.78	9.0	1665.19	3600.0	100.0	1.0
8596.0	23.74	24.22	1.13	16.7	9.0	1747.44	3600.0	100.0	1.0
8650.0	23.69	24.28	1.13	16.83	9.0	1609.27	3600.0	100.0	1.0
8709.0	23.6	24.27	1.13	17.03	9.0	1782.95	3600.0	100.0	1.0
8772.0	23.38	24.06	1.12	17.8	9.0	1769.91	3600.0	100.0	1.0
8830.0	23.34	24.07	1.12	18.03	9.0	1592.69	3600.0	100.0	1.0
8885.0	22.91	23.66	1.12	17.9	9.0	1835.54	3600.0	100.0	1.0
8949.0	23.18	23.88	1.12	17.39	9.0	1784.86	3600.0	100.0	1.0
9001.0	23.7	24.2	1.12	17.05	9.0	1840.27	3600.0	100.0	1.0
9065.0	23.5	23.94	1.12	17.16	9.0	1822.82	3600.0	100.0	1.0
9123.0	23.22	23.87	1.12	17.54	9.0	1990.71	3600.0	100.0	1.0
9187.0	23.38	24.11	1.12	17.59	9.0	1910.34	3600.0	100.0	1.0
9245.0	23.19	24.05	1.12	17.65	9.0	1999.73	3600.0	100.0	1.0
9299.0	23.37	24.1	1.12	17.71	9.0	1856.67	3600.0	100.0	1.0
9358.0	23.17	23.99	1.12	17.7	9.0	1940.74	3600.0	100.0	1.0
9416.0	23.62	24.26	1.12	17.6	9.0	1671.31	3600.0	100.0	1.0
9475.0	23.45	24.07	1.12	18.35	9.0	1878.99	3600.0	100.0	1.0
9535.0	23.06	23.72	1.12	18.94	9.0	1914.24	3600.0	100.0	1.0
9592.0	23.63	24.15	1.12	18.56	9.0	1643.84	3600.0	100.0	1.0
9651.0	23.91	24.34	1.12	18.12	9.0	1809.63	3600.0	100.0	1.0
9706.0	23.94	24.37	1.13	17.58	9.0	1776.83	3600.0	100.0	1.0
9763.0	23.96	24.41	1.13	17.21	9.0	1918.16	3600.0	100.0	1.0
9822.0	23.65	24.14	1.12	17.48	9.0	1883.0	3600.0	100.0	1.0
9880.0	23.58	23.78	1.12	17.26	9.0	1960.53	3600.0	100.0	1.0
9929.0	23.25	23.64	1.12	17.64	9.0	1830.38	3600.0	100.0	1.0
9987.0	23.16	23.46	1.13	17.53	9.0	2104.38	3600.0	100.0	1.0
10045.0	23.21	23.66	1.12	17.72	9.0	1891.79	3600.0	100.0	1.0
10104.0	22.95	23.55	1.12	18.17	9.0	2009.65	3600.0	100.0	1.0
10163.0	23.03	23.68	1.12	18.63	9.0	1754.18	3600.0	100.0	1.0
10218.0	23.18	23.79	1.13	18.79	9.0	1617.43	3600.0	100.0	1.0
10283.0	23.61	24.25	1.13	18.7	9.0	1649.08	3600.0	100.0	1.0
10341.0	23.9	24.5	1.13	17.71	9.0	1562.17	3600.0	100.0	1.0
10396.0	23.64	24.36	1.12	18.6	9.0	1439.68	3600.0	100.0	1.0
10455.0	23.38	24.04	1.12	19.07	9.0	1901.62	3600.0	100.0	1.0
10510.0	23.33	24.02	1.11	19.41	9.0	1830.16	3600.0	100.0	1.0
10574.0	23.39	24.12	1.12	18.99	9.0	1754.39	3600.0	100.0	1.0
10633.0	23.5	24.01	1.12	18.91	9.0	1922.09	3600.0	100.0	1.0
10697.0	23.63	24.14	1.13	18.86	9.0	1700.68	3600.0	100.0	1.0
10753.0	23.61	24.14	1.13	18.77	9.0	1638.45	3600.0	100.0	1.0
10817.0	23.43	24.04	1.12	18.57	9.0	1702.22	3600.0	100.0	1.0
10875.0	23.46	23.86	1.12	18.23	9.0	1848.2	3600.0	100.0	1.0
10940.0	23.69	24.15	1.13	18.1	9.0	1662.97	3600.0	100.0	1.0
10998.0	23.95	24.28	1.13	18.22	9.0	1829.05	3600.0	100.0	1.0
11060.0	23.73	24.18	1.13	18.71	9.0	1735.11	3600.0	100.0	1.0
11118.0	23.92	24.29	1.13	18.38	9.0	1722.95	3600.0	100.0	1.0
11176.0	24.01	24.41	1.13	18.18	9.0	1752.95	3600.0	100.0	1.0
11226.0	24.07	24.43	1.13	18.27	9.0	1870.32	3600.0	100.0	1.0
11290.0	23.88	24.28	1.12	18.63	9.0	1895.61	3600.0	100.0	1.0
11350.0	23.72	24.08	1.12	18.74	9.0	1758.5	3600.0	100.0	1.0
11408.0	23.49	23.95	1.12	18.85	9.0	1908.64	3600.0	100.0	1.0
11466.0	23.7	24.12	1.12	18.46	9.0	1901.86	3600.0	100.0	1.0
11531.0	23.45	23.7	1.12	18.67	9.0	2008.84	3600.0	100.0	1.0
11589.0	23.39	23.96	1.13	18.4	9.0	1867.3	3600.0	100.0	1.0
11648.0	23.16	23.75	1.12	18.67	9.0	1887.03	3600.0	100.0	1.0
11709.0	23.36	23.95	1.12	18.54	9.0	1793.4	3600.0	100.0	1.0
11761.0	23.18	23.79	1.12	18.58	9.0	1827.93	3600.0	100.0	1.0
11820.0	23.2	23.81	1.12	18.09	9.0	1905.73	3600.0	100.0	1.0
11884.0	23.36	23.9	1.13	18.24	9.0	1973.68	3600.0	100.0	1.0
11943.0	23.76	24.22	1.12	18.11	9.0	1955.16	3600.0	100.0	1.0
11993.0	24.01	24.41	1.13	18.05	9.0	1829.71	3600.0	100.0	1.0
12051.0	24.0	24.25	1.13	18.4	9.0	1790.62	3600.0	100.0	1.0
12115.0	23.61	23.9	1.12	18.98	9.0	2006.96	3600.0	100.0	1.0
12180.0	23.6	23.82	1.13	19.09	9.0	1747.84	3600.0	100.0	1.0
12232.0	23.62	23.98	1.13	18.92	9.0	1746.22	3600.0	100.0	1.0
12288.0	23.93	24.39	1.12	18.05	9.0	1880.17	3600.0	100.0	1.0
12352.0	24.11	24.43	1.13	17.75	9.0	1742.97	3600.0	100.0	1.0
12410.0	24.12	24.53	1.13	18.52	9.0	1466.28	3600.0	100.0	1.0
12472.0	24.38	24.76	1.13	18.78	8.0	1543.85	3600.0	100.0	1.0
12530.0	23.94	24.38	1.12	19.12	8.0	1654.9	3600.0	100.0	1.0
12585.0	23.6	24.1	1.12	19.3	8.0	1501.65	3600.0	100.0	1.0
12650.0	23.63	24.28	1.12	18.72	9.0	1731.5	3600.0	100.0	1.0
12715.0	23.86	24.61	1.12	18.13	9.0	1573.98	3600.0	100.0	1.0
12775.0	23.74	24.64	1.12	17.72	8.0	1450.54	3600.0	100.0	1.0
12839.0	23.8	24.74	1.13	16.99	8.0	1592.02	3600.0	100.0	1.0
12898.0	23.73	24.59	1.13	16.55	8.0	1688.62	3600.0	100.0	1.0
12959.0	23.87	24.78	1.13	16.24	8.0	1751.93	3600.0	86.75	1.0
13018.0	23.88	24.77	1.13	16.49	8.0	1753.57	3600.0	27.85	1.0
13076.0	23.91	24.85	1.13	17.08	8.0	1638.09	3600.0	100.0	1.0
13136.0	23.94	24.82	1.13	17.36	8.0	1755.41	3600.0	100.0	1.0
13201.0	23.9	24.82	1.13	17.49	8.0	1511.33	3600.0	100.0	1.0
13259.0	23.94	24.86	1.13	17.33	8.0	1914.49	3600.0	100.0	1.0
13315.0	23.82	24.64	1.13	17.36	8.0	1846.38	3600.0	100.0	1.0
13379.0	23.75	24.69	1.13	17.23	8.0	1603.93	3600.0	100.0	1.0
13437.0	23.7	24.63	1.13	16.95	8.0	1832.17	3600.0	100.0	1.0
13497.0	24.01	24.88	1.13	16.82	8.0	1807.45	3600.0	100.0	1.0
13557.0	23.49	24.52	1.12	17.99	7.0	1716.25	3600.0	100.0	1.0
13616.0	23.34	24.43	1.13	18.08	8.0	1650.35	3600.0	100.0	1.0
13675.0	23.42	24.45	1.12	18.38	8.0	1843.88	3600.0	100.0	1.0
13730.0	23.44	24.35	1.12	18.57	8.0	1700.1	3600.0	100.0	1.0
13789.0	23.44	24.41	1.12	17.91	7.0	1755.0	3600.0	100.0	1.0
13847.0	23.26	24.3	1.12	17.7	8.0	1811.16	3600.0	100.0	1.0
13902.0	23.45	24.51	1.12	17.38	8.0	1667.78	3600.0	100.0	1.0
13967.0	23.45	24.61	1.12	16.87	8.0	1601.54	3600.0	100.0	1.0
14016.0	23.57	24.74	1.12	16.83	8.0	1718.41	3600.0	100.0	1.0
14074.0	23.77	24.94	1.13	16.9	8.0	1459.71	3600.0	100.0	1.0
14136.0	23.66	24.92	1.13	17.08	8.0	1340.0	3600.0	100.0	1.0
14194.0	23.37	24.75	1.12	17.48	7.0	1757.68	3600.0	100.0	1.0
14253.0	23.23	24.64	1.12	17.4	8.0	1716.64	3600.0	100.0	1.0
14314.0	23.58	24.87	1.12	17.53	8.0	1622.5	3600.0	100.0	1.0
14372.0	23.69	24.9	1.13	17.53	8.0	1550.71	3600.0	100.0	1.0
14428.0	23.59	24.65	1.12	17.8	7.0	1772.42	3600.0	100.0	1.0
14486.0	23.18	24.38	1.12	18.21	8.0	1551.67	3600.0	100.0	1.0
14547.0	23.3	24.45	1.12	17.88	8.0	1395.87	3600.0	100.0	1.0
14606.0	23.45	24.45	1.13	17.56	7.0	1801.37	3600.0	100.0	1.0
14665.0	23.24	24.39	1.12	17.78	8.0	1585.12	3600.0	100.0	1.0
14721.0	23.53	24.61	1.13	17.54	7.0	1430.62	3600.0	100.0	1.0
14781.0	23.73	24.76	1.13	17.61	7.0	1292.32	3600.0	100.0	1.0
14840.0	24.08	24.95	1.13	17.25	7.0	1674.11	3600.0	100.0	1.0
14896.0	23.53	24.59	1.12	18.05	7.0	1521.92	3600.0	100.0	1.0
14959.0	23.63	24.59	1.13	18.91	7.0	1448.72	3600.0	100.0	1.0
15014.0	23.95	24.83	1.13	18.68	7.0	1521.45	3600.0	100.0	1.0
15074.0	23.66	24.63	1.13	18.79	7.0	1450.96	3600.0	100.0	1.0
15134.0	23.67	24.64	1.13	18.49	7.0	1658.74	3600.0	100.0	1.0
15194.0	23.79	24.69	1.13	18.06	7.0	1420.45	3600.0	100.0	1.0
15254.0	24.08	24.95	1.13	17.73	7.0	1357.1	3600.0	100.0	1.0
15303.0	23.75	24.67	1.12	18.02	7.0	1568.55	3600.0	100.0	1.0
15368.0	23.67	24.71	1.13	17.59	7.0	1486.47	3600.0	100.0	1.0
15429.0	23.81	24.8	1.13	17.09	7.0	1372.24	3600.0	100.0	1.0
15488.0	23.93	24.82	1.13	17.08	7.0	1399.12	3600.0	100.0	1.0
15549.0	23.79	24.67	1.12	17.27	7.0	1461.99	3600.0	100.0	1.0
15601.0	23.35	24.35	1.12	17.6	7.0	1369.49	3600.0	100.0	1.0
15669.0	23.73	24.64	1.12	17.58	7.0	1164.33	3600.0	100.0	1.0
15724.0	23.8	24.73	1.12	17.49	7.0	1154.29	3600.0	100.0	1.0
15785.0	23.47	24.64	1.12	17.55	7.0	1261.67	3600.0	100.0	1.0
15835.0	23.46	24.68	1.12	17.59	8.0	1387.48	3600.0	100.0	1.0
15899.0	23.44	24.51	1.12	17.65	7.0	1189.15	3600.0	100.0	1.0
15954.0	23.51	24.55	1.12	17.54	8.0	979.11	3600.0	100.0	1.0
16015.0	23.88	24.84	1.12	17.27	8.0	1423.96	3600.0	100.0	1.0
16074.0	23.97	24.79	1.13	17.01	7.0	1406.07	3600.0	100.0	1.0
16129.0	24.05	24.83	1.13	17.31	7.0	1397.17	3600.0	100.0	1.0
16184.0	24.02	24.82	1.13	17.75	7.0	1276.49	3600.0	100.0	1.0
16248.0	24.08	24.69	1.13	17.74	8.0	1732.9	3600.0	100.0	1.0
16304.0	24.18	24.83	1.12	17.76	8.0	1659.11	3600.0	100.0	1.0
16353.0	24.15	24.79	1.13	17.6	8.0	1506.48	3600.0	100.0	1.0
16417.0	23.98	24.89	1.13	17.55	8.0	1592.36	3600.0	100.0	1.0
16482.0	23.47	24.57	1.12	17.8	8.0	1407.26	3600.0	100.0	1.0
16537.0	23.54	24.52	1.12	18.33	8.0	1517.45	3600.0	100.0	1.0
16602.0	23.35	24.52	1.12	18.96	9.0	1801.15	3600.0	100.0	1.0
16657.0	23.01	24.04	1.12	19.38	8.0	1700.49	3600.0	100.0	1.0
16715.0	23.3	24.07	1.12	19.31	9.0	1397.17	3600.0	100.0	1.0
16774.0	23.44	24.29	1.12	18.94	9.0	1770.33	3600.0	100.0	1.0
16835.0	23.35	24.06	1.13	19.25	9.0	1625.49	3600.0	100.0	1.0
16887.0	23.61	24.45	1.13	19.55	9.0	1589.66	3600.0	100.0	1.0
16949.0	23.86	24.86	1.13	19.67	9.0	1440.09	3600.0	100.0	1.0
17007.0	23.47	24.6	1.12	19.81	8.0	1692.24	3600.0	100.0	1.0
17062.0	23.29	24.28	1.13	19.83	9.0	1557.63	3600.0	100.0	1.0
17121.0	23.23	24.44	1.12	19.9	9.0	1651.26	3600.0	100.0	1.0
17182.0	23.06	24.49	1.13	19.8	9.0	1507.84	3600.0	100.0	1.0
17241.0	23.23	24.65	1.12	19.37	9.0	1546.55	3600.0	100.0	1.0
17301.0	23.36	24.68	1.12	19.21	9.0	1474.2	3600.0	100.0	1.0
17351.0	23.61	24.85	1.13	19.11	9.0	1354.52	3600.0	100.0	1.0
17416.0	23.72	24.97	1.13	19.5	8.0	1383.51	3600.0	100.0	1.0
17471.0	23.63	24.77	1.12	19.46	9.0	1662.23	3600.0	100.0	1.0
17534.0	24.09	25.09	1.12	18.85	9.0	1431.57	3600.0	100.0	1.0
17585.0	23.9	24.84	1.13	18.9	8.0	1452.36	3600.0	100.0	1.0
17643.0	24.13	25.02	1.12	18.6	9.0	1622.32	3600.0	100.0	1.0
17704.0	24.31	25.25	1.12	18.1	9.0	1465.56	3600.0	100.0	1.0
17763.0	24.03	25.06	1.12	17.96	9.0	1749.48	3600.0	100.0	1.0
17818.0	23.98	24.94	1.12	17.99	9.0	1680.67	3600.0	100.0	1.0
17876.0	23.77	24.8	1.12	17.92	8.0	1445.23	3600.0	100.0	1.0
17932.0	23.73	24.77	1.13	17.69	9.0	1483.97	3600.0	100.0	1.0
17996.0	23.79	24.95	1.12	17.6	9.0	1406.47	3600.0	100.0	1.0
18052.0	24.02	24.97	1.12	17.51	9.0	1356.97	3600.0	100.0	1.0
18101.0	24.12	25.06	1.13	17.49	9.0	1202.6	3600.0	100.0	1.0
18156.0	24.2	25.13	1.13	17.35	9.0	1300.73	3600.0	100.0	1.0
18214.0	24.35	25.2	1.13	17.23	9.0	1504.97	3600.0	100.0	1.0
18270.0	24.37	25.21	1.13	17.33	8.0	1328.96	3600.0	100.0	1.0
18328.0	24.41	25.32	1.13	17.24	9.0	1805.71	3600.0	100.0	1.0
18390.0	24.22	25.38	1.13	17.29	8.0	1734.3	3600.0	100.0	1.0
18448.0	24.24	25.42	1.13	16.89	9.0	1442.72	3600.0	100.0	1.0
18498.0	24.3	25.36	1.13	16.66	8.0	1724.34	3600.0	100.0	1.0
18562.0	24.34	25.46	1.13	16.47	8.0	1576.46	3600.0	57.95	1.0
18620.0	24.19	25.45	1.13	16.91	8.0	1736.71	3600.0	100.0	1.0
18681.0	24.2	25.52	1.13	17.18	8.0	1638.45	3600.0	100.0	1.0
18734.0	24.09	25.47	1.13	17.5	8.0	1595.74	3600.0	100.0	1.0
18795.0	24.22	25.58	1.13	17.63	9.0	1438.57	3600.0	100.0	1.0
18853.0	24.32	25.61	1.13	17.37	9.0	1851.62	3600.0	100.0	1.0
18907.0	24.28	25.57	1.13	17.53	9.0	1625.66	3600.0	100.0	1.0
18967.0	24.23	25.57	1.13	17.63	8.0	1484.12	3600.0	100.0	1.0
19020.0	24.17	25.51	1.13	17.55	9.0	1735.51	3600.0	100.0	1.0
19090.0	24.27	25.62	1.13	17.92	8.0	1648.35	3600.0	100.0	1.0
19145.0	24.09	25.57	1.14	17.93	8.0	1587.81	3600.0	100.0	1.0
19205.0	24.15	25.64	1.14	17.65	8.0	1653.44	3600.0	100.0	1.0
19263.0	24.23	25.62	1.13	17.29	8.0	1853.45	3600.0	100.0	1.0
19318.0	24.24	25.67	1.13	17.18	8.0	1755.82	3600.0	100.0	1.0
19377.0	24.2	25.63	1.13	17.2	8.0	1493.73	3600.0	100.0	1.0
19438.0	24.26	25.61	1.13	16.84	8.0	1624.26	3600.0	100.0	1.0
19503.0	24.23	25.65	1.13	16.41	9.0	1719.59	3600.0	70.19	1.0
19566.0	24.14	25.64	1.13	16.56	9.0	1743.58	3600.0	77.0	1.0
19624.0	24.18	25.68	1.13	16.84	8.0	1708.04	3600.0	100.0	1.0
19683.0	24.14	25.59	1.14	16.68	8.0	1876.41	3600.0	100.0	1.0
19738.0	24.18	25.62	1.14	16.71	8.0	1729.7	3600.0	100.0	1.0
19803.0	24.17	25.64	1.13	16.45	8.0	1879.7	3600.0	56.62	1.0
19860.0	24.16	25.65	1.13	16.28	8.0	1688.81	3600.0	8.43	1.0
19918.0	24.19	25.64	1.13	15.94	8.0	1929.51	3600.0	-39.89	1.0
19974.0	24.18	25.65	1.13	15.77	8.0	1862.2	3600.0	-100.0	1.0
20032.0	24.16	25.64	1.13	15.74	8.0	1754.18	3600.0	-85.92	1.0
20090.0	24.08	25.75	1.13	15.65	9.0	1902.1	3600.0	-100.0	1.0
20149.0	24.0	25.67	1.13	15.84	9.0	1755.0	3600.0	-76.86	1.0
20204.0	24.1	25.62	1.13	16.17	9.0	1925.3	3600.0	-90.78	1.0
20262.0	24.06	25.53	1.13	16.3	8.0	1704.74	3600.0	61.6	1.0
20320.0	24.23	25.7	1.13	16.34	8.0	1957.2	3600.0	58.29	1.0
20384.0	24.4	25.82	1.13	16.53	9.0	1734.51	3600.0	98.6	1.0
20439.0	24.27	25.65	1.13	16.64	8.0	1715.27	3600.0	62.26	1.0
20503.0	24.24	25.68	1.13	16.63	9.0	1756.44	3600.0	95.55	1.0
20561.0	24.23	25.78	1.13	16.5	9.0	1660.39	3600.0	66.64	1.0
20617.0	24.14	25.74	1.13	16.45	9.0	1838.69	3600.0	52.77	1.0
20674.0	24.09	25.72	1.13	16.26	9.0	1613.25	3600.0	21.51	1.0
20732.0	24.12	25.82	1.12	16.14	9.0	1679.73	3600.0	-35.14	1.0
20788.0	24.02	25.77	1.12	15.96	9.0	1628.13	3600.0	-13.55	1.0
20851.0	24.01	25.67	1.13	15.66	9.0	1564.13	3600.0	-100.0	1.0
20907.0	23.79	25.64	1.12	15.77	8.0	1829.71	3600.0	-100.0	1.0
20965.0	23.55	25.3	1.12	15.87	8.0	1614.47	3600.0	-97.07	1.0
21023.0	23.74	25.43	1.12	15.64	9.0	1853.22	3600.0	-100.0	1.0
21085.0	23.84	25.36	1.12	15.65	8.0	1784.44	3600.0	-100.0	1.0
21138.0	24.04	25.31	1.12	15.74	9.0	1661.87	3600.0	-100.0	1.0
21196.0	23.95	25.48	1.13	15.77	9.0	1811.81	3600.0	-100.0	1.0
21257.0	23.81	25.48	1.13	15.95	9.0	1665.93	3600.0	-56.4	1.0
21315.0	23.77	25.55	1.13	15.83	9.0	1612.9	3600.0	-64.33	1.0
21373.0	23.91	25.6	1.13	16.07	9.0	1749.07	3600.0	-21.16	1.0
21434.0	24.02	25.58	1.13	16.31	9.0	1600.68	3600.0	36.08	1.0
21497.0	24.2	25.7	1.12	16.43	9.0	1683.69	3600.0	36.93	1.0
21553.0	24.42	25.82	1.13	16.37	9.0	1653.44	3600.0	67.89	1.0
21611.0	24.56	25.87	1.12	16.94	8.0	1572.33	3600.0	100.0	1.0
21671.0	24.45	25.79	1.13	17.49	8.0	1520.84	3600.0	100.0	1.0
21736.0	24.58	25.9	1.13	17.53	8.0	1584.95	3600.0	100.0	1.0
21791.0	24.61	25.76	1.14	17.28	8.0	1527.49	3600.0	100.0	1.0
21850.0	24.7	25.9	1.13	16.86	8.0	1786.14	3600.0	100.0	1.0
21909.0	24.54	25.83	1.13	16.75	8.0	1662.23	3600.0	100.0	1.0
21964.0	24.57	25.94	1.13	17.06	8.0	1760.15	3600.0	100.0	1.0
22023.0	24.56	25.95	1.13	17.14	8.0	1863.12	3600.0	100.0	1.0
22081.0	24.47	25.73	1.13	17.67	8.0	1914.49	3600.0	100.0	1.0
22134.0	24.59	25.83	1.13	17.98	8.0	1870.79	3600.0	100.0	1.0
22193.0	24.64	26.01	1.13	17.96	8.0	1950.84	3600.0	100.0	1.0
22253.0	24.64	26.02	1.13	17.95	8.0	1805.92	3600.0	100.0	1.0
22318.0	24.7	26.0	1.14	17.57	9.0	1677.85	3600.0	100.0	1.0
22371.0	24.79	26.02	1.13	16.99	9.0	1789.12	3600.0	100.0	1.0
22432.0	24.5	25.81	1.13	16.51	8.0	1641.86	3600.0	100.0	1.0
22490.0	24.65	26.04	1.13	16.4	8.0	1656.91	3600.0	13.62	1.0
22548.0	24.67	25.99	1.13	16.32	8.0	1684.83	3600.0	10.39	1.0
22603.0	24.67	25.86	1.13	16.42	8.0	1743.98	3600.0	74.5	1.0
22661.0	24.63	25.87	1.13	16.64	8.0	1495.96	3600.0	100.0	1.0
22716.0	24.6	25.93	1.13	16.57	8.0	1516.22	3600.0	82.07	1.0
22780.0	24.65	25.95	1.13	16.53	8.0	1708.43	3600.0	58.11	1.0
22839.0	24.64	25.96	1.13	16.48	8.0	1548.15	3600.0	93.58	1.0
22899.0	24.5	25.95	1.13	16.37	8.0	1761.6	3600.0	50.99	1.0
22951.0	24.46	25.89	1.13	16.37	9.0	1539.25	3600.0	19.16	1.0
23007.0	24.4	25.82	1.14	16.26	9.0	1629.55	3600.0	6.6	1.0
23070.0	24.55	25.95	1.13	16.28	9.0	1796.62	3600.0	-15.3	1.0
23129.0	24.47	26.01	1.13	16.41	8.0	1515.0	3600.0	78.07	1.0
23189.0	24.29	25.8	1.13	16.33	9.0	1662.42	3600.0	21.9	1.0
23247.0	24.32	25.91	1.13	16.4	9.0	1663.16	3600.0	24.83	1.0
23302.0	24.38	25.89	1.13	16.63	8.0	1509.36	3600.0	98.52	1.0
23365.0	24.46	26.09	1.13	16.43	8.0	1750.7	3600.0	42.68	1.0
23424.0	24.41	25.96	1.13	16.39	9.0	1537.99	3600.0	24.24	1.0
23479.0	24.55	26.11	1.13	16.39	9.0	1635.41	3600.0	64.82	1.0
23537.0	24.52	26.09	1.13	16.61	9.0	1817.08	3600.0	100.0	1.0
23596.0	24.39	25.95	1.13	16.59	8.0	1544.96	3600.0	100.0	1.0
23656.0	24.45	26.08	1.13	16.38	8.0	1660.58	3600.0	98.1	1.0
23714.0	24.42	26.11	1.13	16.36	9.0	1559.9	3600.0	65.22	1.0
23775.0	24.39	26.02	1.13	16.39	8.0	1456.45	3600.0	29.3	1.0
23833.0	24.45	26.12	1.13	16.26	8.0	1813.35	3600.0	48.14	1.0
23888.0	24.48	26.05	1.13	16.03	8.0	1740.95	3600.0	-31.52	1.0
23947.0	24.52	26.19	1.13	15.84	8.0	1580.94	3600.0	-100.0	1.0
24005.0	24.54	26.23	1.13	15.76	8.0	1709.6	3600.0	-89.12	1.0
24066.0	24.51	26.21	1.13	15.67	8.0	1561.85	3600.0	-100.0	1.0
24119.0	24.51	26.23	1.13	15.65	8.0	1864.51	3600.0	-100.0	1.0
24183.0	24.52	26.26	1.13	15.8	8.0	1653.07	3600.0	-100.0	1.0
24239.0	24.61	26.18	1.13	15.86	9.0	1511.64	3600.0	-81.59	1.0
24297.0	24.47	26.23	1.13	15.82	8.0	1655.26	3600.0	-100.0	1.0
24352.0	24.51	26.32	1.13	15.88	8.0	1667.96	3600.0	-70.8	1.0
24411.0	24.52	26.3	1.13	16.24	8.0	1419.51	3600.0	20.57	1.0
24465.0	24.59	26.36	1.13	16.32	9.0	1693.19	3600.0	59.31	1.0
24518.0	24.46	26.17	1.13	16.77	8.0	1522.07	3600.0	100.0	1.0
24579.0	24.49	26.35	1.13	17.01	8.0	1683.69	3600.0	100.0	1.0
24632.0	24.52	26.41	1.13	16.82	8.0	1729.51	3600.0	100.0	1.0
24690.0	24.55	26.29	1.13	16.99	8.0	1668.71	3600.0	100.0	1.0
24745.0	24.63	26.34	1.13	17.11	8.0	1519.76	3600.0	100.0	1.0
24796.0	24.59	26.32	1.13	17.02	8.0	1521.3	3600.0	100.0	1.0
24860.0	24.46	26.18	1.13	17.18	8.0	1667.04	3600.0	100.0	1.0
24919.0	24.43	25.98	1.13	16.82	8.0	1609.1	3600.0	100.0	1.0
24974.0	24.54	26.15	1.13	16.43	8.0	1842.75	3600.0	100.0	1.0
25037.0	24.37	25.91	1.13	16.32	8.0	1623.55	3600.0	18.47	1.0
25093.0	24.35	26.09	1.13	16.12	8.0	1477.83	3600.0	10.32	1.0
25151.0	24.46	26.27	1.13	16.14	8.0	1730.5	3600.0	2.46	1.0
25205.0	24.41	26.11	1.13	16.38	7.0	1625.84	3600.0	-35.0	1.0
25264.0	24.45	26.23	1.13	16.38	7.0	1383.89	3600.0	31.07	1.0
25319.0	24.48	26.38	1.13	16.41	8.0	1611.34	3600.0	74.18	1.0
25376.0	24.55	26.22	1.13	16.39	8.0	1654.17	3600.0	80.3	1.0
25432.0	24.49	26.23	1.13	16.45	8.0	1629.02	3600.0	28.69	1.0
25490.0	24.46	26.19	1.14	16.88	8.0	1330.26	3600.0	100.0	1.0
25545.0	24.41	26.22	1.13	17.03	8.0	1574.14	3600.0	100.0	1.0
25604.0	24.38	26.24	1.13	17.11	8.0	1466.56	3600.0	100.0	1.0
25665.0	24.43	26.44	1.13	17.53	8.0	1324.74	3600.0	100.0	1.0
25718.0	24.47	26.52	1.13	17.41	8.0	1644.02	3600.0	100.0	1.0
25774.0	24.36	26.5	1.13	17.94	9.0	1500.6	3600.0	100.0	1.0
25823.0	24.45	26.56	1.13	18.33	8.0	1634.7	3600.0	100.0	1.0
25887.0	24.45	26.44	1.13	18.32	9.0	1628.66	3600.0	100.0	1.0
25936.0	24.56	26.45	1.13	18.61	9.0	1661.31	3600.0	100.0	1.0
26001.0	24.46	26.19	1.13	18.78	8.0	1389.92	3600.0	100.0	1.0
26059.0	24.49	26.35	1.13	18.05	9.0	1767.41	3600.0	100.0	1.0
26115.0	24.5	26.31	1.13	17.6	9.0	1683.69	3600.0	100.0	1.0
26170.0	24.33	26.34	1.13	17.23	9.0	1530.77	3600.0	100.0	1.0
26241.0	24.46	26.45	1.13	16.7	8.0	1717.62	3600.0	100.0	1.0
26293.0	24.44	26.45	1.13	16.48	8.0	1585.46	3600.0	91.43	1.0
26348.0	24.46	26.54	1.13	16.79	8.0	1667.41	3600.0	100.0	1.0
26413.0	24.51	26.6	1.13	16.75	8.0	1530.92	3600.0	100.0	1.0
26462.0	24.43	26.5	1.13	16.66	8.0	1644.38	3600.0	100.0	1.0
26520.0	24.51	26.58	1.13	16.43	8.0	1607.03	3600.0	100.0	1.0
26578.0	24.64	26.72	1.13	16.3	9.0	1707.65	3600.0	5.37	1.0
26634.0	24.6	26.59	1.13	16.24	9.0	1559.25	3600.0	54.97	1.0
26691.0	24.55	26.64	1.13	16.22	8.0	1728.91	3600.0	37.72	1.0
26753.0	24.51	26.72	1.13	16.06	8.0	1651.44	3600.0	-23.05	1.0
26811.0	24.37	26.75	1.13	15.94	9.0	1617.6	3600.0	-69.8	1.0
26874.0	24.37	26.68	1.13	16.02	8.0	1768.03	3600.0	-19.0	1.0
26930.0	24.24	26.41	1.13	16.33	8.0	1620.4	3600.0	-24.12	1.0
26988.0	23.83	26.05	1.13	16.74	8.0	1649.08	3600.0	100.0	1.0
27048.0	23.84	26.17	1.13	16.25	9.0	1602.22	3600.0	100.0	1.0
27102.0	23.65	25.96	1.12	16.6	8.0	1642.76	3600.0	75.57	1.0
27162.0	23.6	26.08	1.12	16.61	8.0	1567.56	3600.0	100.0	1.0
27214.0	23.58	26.07	1.12	16.54	9.0	1394.05	3600.0	100.0	1.0
27276.0	23.79	26.16	1.13	16.4	9.0	1513.93	3600.0	93.6	1.0
27334.0	24.08	26.44	1.13	16.41	9.0	1676.54	3600.0	100.0	1.0
27395.0	24.1	26.43	1.13	16.37	9.0	1525.17	3600.0	35.69	1.0
27453.0	24.12	26.53	1.13	16.36	9.0	1562.34	3600.0	53.5	1.0
27508.0	24.06	26.49	1.13	16.07	9.0	1513.62	3600.0	-1.64	1.0
27566.0	24.13	26.5	1.13	16.06	9.0	1448.72	3600.0	-16.51	1.0
27621.0	24.05	26.43	1.13	16.04	8.0	1581.78	3600.0	-57.82	1.0
27679.0	24.27	26.57	1.12	15.91	9.0	1672.43	3600.0	-50.51	1.0
27735.0	24.29	26.54	1.13	15.76	9.0	1518.22	3600.0	-100.0	1.0
27799.0	24.36	26.67	1.13	15.67	9.0	1743.38	3600.0	-85.27	1.0
27857.0	24.59	26.85	1.13	15.57	8.0	1614.81	3600.0	-100.0	1.0
27907.0	24.39	26.78	1.13	15.9	8.0	1534.06	3600.0	-58.77	1.0
27968.0	24.51	26.88	1.13	16.58	8.0	1425.45	3600.0	23.87	1.0
28026.0	24.25	26.75	1.13	16.84	8.0	1601.54	3600.0	100.0	1.0
28082.0	23.73	26.24	1.12	17.16	8.0	1443.42	3600.0	100.0	1.0
28140.0	23.96	26.38	1.12	16.76	8.0	1639.7	3600.0	100.0	1.0
28195.0	24.15	26.6	1.13	16.55	9.0	1495.07	3600.0	100.0	1.0
28254.0	24.14	26.8	1.13	16.79	9.0	1761.18	3600.0	100.0	1.0
28312.0	24.17	26.89	1.13	17.26	8.0	1578.78	3600.0	100.0	1.0
28374.0	24.04	26.61	1.13	18.01	8.0	1673.73	3600.0	100.0	1.0
28427.0	24.11	26.88	1.13	18.3	8.0	1606.34	3600.0	100.0	1.0
28487.0	24.1	26.8	1.13	18.12	8.0	1754.39	3600.0	100.0	1.0
28540.0	24.2	26.85	1.13	17.58	8.0	1510.73	3600.0	100.0	1.0
28596.0	24.19	26.92	1.13	16.84	9.0	1472.32	3600.0	100.0	1.0
28654.0	24.12	26.81	1.13	16.35	9.0	1599.66	3600.0	85.83	1.0
28708.0	24.25	26.82	1.13	16.07	9.0	1462.84	3600.0	34.63	1.0
28773.0	24.11	26.93	1.13	15.85	8.0	1700.1	3600.0	-51.83	1.0
28827.0	24.07	26.85	1.13	15.69	8.0	1627.25	3600.0	-73.86	1.0
28887.0	24.22	26.95	1.13	15.57	8.0	1496.71	3600.0	-100.0	1.0
28942.0	24.03	26.9	1.13	15.47	8.0	1739.74	3600.0	-100.0	1.0
29000.0	23.99	26.85	1.13	15.45	8.0	1519.91	3600.0	-100.0	1.0
29056.0	24.13	26.92	1.13	15.33	8.0	1597.95	3600.0	-100.0	1.0
29114.0	24.2	26.98	1.13	15.31	9.0	1797.91	3600.0	-100.0	1.0
29173.0	24.19	26.84	1.13	15.4	8.0	1510.12	3600.0	-100.0	1.0
29234.0	24.09	26.9	1.13	15.41	9.0	1620.05	3600.0	-100.0	1.0
29293.0	24.05	26.94	1.13	15.75	9.0	1696.83	3600.0	-100.0	1.0
29348.0	24.15	27.0	1.13	15.79	9.0	1544.48	3600.0	-100.0	1.0
29407.0	24.03	26.98	1.13	16.01	8.0	1715.46	3600.0	-80.75	1.0
29470.0	23.98	26.96	1.13	16.0	9.0	1571.01	3600.0	-81.76	1.0
29526.0	24.15	27.15	1.13	16.58	9.0	1666.3	3600.0	33.97	1.0
29584.0	24.19	27.15	1.13	16.92	9.0	1520.68	3600.0	100.0	1.0
29639.0	24.17	27.02	1.12	16.75	9.0	1661.87	3600.0	100.0	1.0
29698.0	24.26	27.03	1.13	16.58	8.0	1724.14	3600.0	87.64	1.0
29762.0	24.28	27.15	1.13	16.32	8.0	1774.94	3600.0	75.2	1.0
29817.0	24.24	27.09	1.13	16.21	8.0	1631.68	3600.0	54.68	1.0
29881.0	24.25	27.1	1.13	16.04	8.0	1520.53	3600.0	-47.28	1.0
29930.0	24.11	27.0	1.13	15.8	9.0	1689.38	3600.0	-73.27	1.0
29995.0	24.12	27.08	1.13	15.58	9.0	1552.47	3600.0	-100.0	1.0
30050.0	24.08	27.12	1.13	15.83	8.0	1402.26	3600.0	-100.0	1.0
30108.0	24.19	27.24	1.13	15.95	8.0	1600.0	3600.0	-80.08	1.0
30163.0	24.14	27.19	1.13	16.01	9.0	1520.22	3600.0	-26.79	1.0
30227.0	24.14	27.14	1.13	16.26	9.0	1312.11	3600.0	50.13	1.0
30287.0	23.85	27.03	1.13	16.29	8.0	1567.07	3600.0	7.79	1.0
30346.0	24.11	27.13	1.13	16.37	9.0	1396.0	3600.0	0.37	1.0
30400.0	24.17	27.15	1.13	16.42	8.0	1619.17	3600.0	70.54	1.0
30458.0	24.2	27.08	1.13	16.31	8.0	1679.92	3600.0	14.24	1.0
30517.0	24.23	27.0	1.13	16.39	8.0	1695.68	3600.0	70.14	1.0
30577.0	24.32	27.2	1.13	16.57	8.0	1554.4	3600.0	100.0	1.0
30629.0	24.37	27.19	1.13	16.4	8.0	1821.71	3600.0	39.66	1.0
30691.0	24.29	27.12	1.13	16.34	9.0	1746.62	3600.0	81.38	1.0
30754.0	24.22	27.24	1.13	16.04	9.0	1457.44	3600.0	11.51	1.0
30803.0	24.27	27.21	1.13	15.87	8.0	1546.55	3600.0	-48.61	1.0
30862.0	24.15	27.22	1.13	16.02	8.0	1675.04	3600.0	-49.66	1.0
30923.0	24.1	27.24	1.13	16.35	8.0	1522.69	3600.0	17.7	1.0
30981.0	24.12	27.2	1.13	16.53	8.0	1694.34	3600.0	57.2	1.0
31039.0	24.12	27.11	1.13	16.58	8.0	1552.96	3600.0	100.0	1.0
31100.0	24.11	27.19	1.13	16.84	8.0	1615.33	3600.0	92.66	1.0
31153.0	24.19	27.28	1.13	16.85	8.0	1582.78	3600.0	100.0	1.0
31209.0	24.22	27.19	1.13	16.97	8.0	1444.53	3600.0	100.0	1.0
31264.0	24.14	27.24	1.13	17.24	9.0	1547.99	3600.0	100.0	1.0
31323.0	24.04	27.04	1.13	17.21	9.0	1561.85	3600.0	100.0	1.0
31387.0	24.05	27.15	1.13	17.08	8.0	1712.33	3600.0	100.0	1.0
31436.0	24.13	27.28	1.13	16.89	8.0	1562.5	3600.0	100.0	1.0
31495.0	24.22	27.33	1.13	16.65	8.0	1658.93	3600.0	96.51	1.0
31556.0	24.24	27.44	1.13	16.43	8.0	1659.11	3600.0	50.48	1.0
31608.0	24.08	27.25	1.13	16.51	9.0	1565.44	3600.0	60.15	1.0
31663.0	24.1	27.3	1.13	16.81	9.0	1406.21	3600.0	100.0	1.0
31722.0	24.09	27.17	1.13	16.96	9.0	1787.63	3600.0	100.0	1.0
31782.0	24.17	27.24	1.13	16.79	9.0	1703.58	3600.0	100.0	1.0
31842.0	24.0	27.15	1.13	16.94	8.0	1395.48	3600.0	100.0	1.0
31897.0	24.09	27.52	1.13	16.68	9.0	1558.93	3600.0	100.0	1.0
31961.0	24.2	27.45	1.13	16.35	8.0	1561.52	3600.0	82.82	1.0
32022.0	24.19	27.49	1.13	16.23	8.0	1460.42	3600.0	34.73	1.0
32074.0	24.09	27.41	1.13	16.3	8.0	1731.1	3600.0	52.81	1.0
32135.0	24.15	27.42	1.13	16.33	8.0	1652.89	3600.0	65.28	1.0
32193.0	24.22	27.52	1.13	16.16	9.0	1351.23	3600.0	-12.12	1.0
32247.0	24.09	27.21	1.14	16.0	8.0	1662.6	3600.0	17.4	1.0
32306.0	24.28	27.42	1.13	15.99	9.0	1519.14	3600.0	-100.0	1.0
32367.0	24.13	27.45	1.13	16.16	8.0	1536.26	3600.0	0.63	1.0
32424.0	24.18	27.53	1.13	16.08	9.0	1725.13	3600.0	-11.29	1.0
32480.0	24.1	27.41	1.13	16.17	9.0	1621.1	3600.0	-48.37	1.0
32543.0	24.28	27.52	1.13	16.29	8.0	1303.44	3600.0	3.52	1.0
32599.0	24.25	27.55	1.13	16.22	8.0	1709.79	3600.0	46.26	1.0
32662.0	24.19	27.55	1.13	16.27	8.0	1606.0	3600.0	50.17	1.0
32714.0	24.22	27.6	1.13	16.34	9.0	1635.77	3600.0	58.68	1.0
32775.0	24.22	27.7	1.13	16.29	8.0	1501.65	3600.0	12.87	1.0
32833.0	24.23	27.72	1.13	16.17	8.0	1520.22	3600.0	-19.57	1.0
32893.0	23.85	27.58	1.13	16.03	8.0	1488.39	3600.0	-44.18	1.0
32952.0	23.95	27.67	1.13	16.07	9.0	1448.02	3600.0	-45.12	1.0
33012.0	24.1	27.62	1.13	16.03	8.0	1401.21	3600.0	-1.11	1.0
33068.0	24.24	27.69	1.13	15.81	8.0	1512.55	3600.0	-41.92	1.0
33131.0	24.26	27.73	1.13	15.74	8.0	1481.48	3600.0	-100.0	1.0
33189.0	24.3	27.75	1.13	15.52	8.0	1626.9	3600.0	-100.0	1.0
33245.0	24.28	27.76	1.13	15.39	8.0	1468.57	3600.0	-100.0	1.0
33301.0	24.2	27.71	1.13	15.46	8.0	1449.42	3600.0	-100.0	1.0
33359.0	24.22	27.63	1.13	15.38	8.0	1589.99	3600.0	-100.0	1.0
33421.0	24.05	27.62	1.13	15.31	9.0	1454.19	3600.0	-100.0	1.0
33479.0	24.07	27.74	1.13	15.15	8.0	1758.5	3600.0	-100.0	1.0
33538.0	24.11	27.68	1.13	15.05	8.0	1547.35	3600.0	-100.0	1.0
33593.0	24.09	27.59	1.13	15.15	8.0	1601.02	3600.0	-100.0	1.0
33652.0	24.01	27.5	1.13	15.15	9.0	1709.21	3600.0	-100.0	1.0
33708.0	24.06	27.48	1.13	15.37	8.0	1558.44	3600.0	-100.0	1.0
33772.0	23.83	27.48	1.13	15.38	9.0	1487.8	3600.0	-100.0	1.0
33827.0	23.96	27.55	1.13	15.4	8.0	1749.88	3600.0	-100.0	1.0
33886.0	23.99	27.76	1.13	15.46	8.0	1527.49	3600.0	-100.0	1.0
33947.0	24.05	27.84	1.13	15.56	8.0	1367.24	3600.0	-100.0	1.0
34006.0	24.08	27.77	1.13	15.62	9.0	1575.63	3600.0	-100.0	1.0
34067.0	24.05	27.62	1.13	15.89	8.0	1549.43	3600.0	-100.0	1.0
34125.0	24.04	27.76	1.13	16.1	8.0	1395.09	3600.0	11.97	1.0
34180.0	24.13	27.8	1.13	16.27	8.0	1638.45	3600.0	38.43	1.0
34238.0	24.22	27.79	1.13	16.11	8.0	1423.96	3600.0	17.22	1.0
34298.0	24.25	27.88	1.13	15.93	8.0	1510.42	3600.0	-13.41	1.0
34352.0	24.28	27.82	1.13	15.94	8.0	1683.31	3600.0	-79.61	1.0
34406.0	24.25	27.69	1.13	15.8	8.0	1531.08	3600.0	-60.05	1.0
34464.0	24.25	27.77	1.13	15.66	8.0	1546.23	3600.0	-100.0	1.0
34520.0	24.25	27.73	1.13	15.57	9.0	1626.72	3600.0	-100.0	1.0
34575.0	24.29	27.82	1.12	15.68	9.0	1499.85	3600.0	-100.0	1.0
34633.0	24.25	27.93	1.13	15.79	9.0	1509.97	3600.0	-67.2	1.0
34689.0	24.19	27.73	1.13	15.75	9.0	1734.1	3600.0	-85.32	1.0
34753.0	24.22	27.74	1.13	15.98	8.0	1486.33	3600.0	-36.63	1.0
34834.0	24.1	27.8	1.13	15.87	9.0	1703.19	3600.0	-35.1	1.0
34905.0	24.2	28.03	1.13	15.98	9.0	1569.37	3500.0	-50.43	1.0
34959.0	24.08	27.99	1.13	16.24	9.0	1567.23	3600.0	22.7	1.0
35017.0	24.07	27.77	1.13	16.19	9.0	1647.08	3600.0	30.92	1.0
35073.0	24.11	27.71	1.13	16.19	8.0	1551.83	3600.0	-26.53	1.0
35131.0	24.02	27.79	1.13	16.03	9.0	1505.57	3600.0	6.73	1.0
35191.0	24.02	27.87	1.13	15.78	9.0	1371.12	3600.0	-40.52	1.0
35250.0	24.01	27.95	1.13	15.56	9.0	1783.38	3600.0	-100.0	1.0
35305.0	24.07	27.96	1.13	15.52	9.0	1715.07	3600.0	-100.0	1.0
35363.0	23.89	27.79	1.13	15.4	8.0	1431.02	3600.0	-100.0	1.0
35412.0	24.04	27.95	1.13	15.36	9.0	1618.47	3600.0	-100.0	1.0
35477.0	24.07	28.03	1.13	15.33	8.0	1558.12	3500.0	-100.0	1.0
35527.0	24.06	28.03	1.13	15.49	8.0	1431.43	3500.0	-100.0	1.0
35592.0	24.14	27.86	1.13	15.49	8.0	1688.43	3600.0	-100.0	1.0
35653.0	24.2	27.98	1.13	15.38	8.0	1613.77	3600.0	-100.0	1.0
35702.0	24.26	28.03	1.13	15.29	8.0	1456.17	3500.0	-100.0	1.0
35773.0	24.26	28.15	1.13	15.19	8.0	1661.68	3500.0	-100.0	1.0
35825.0	24.31	28.11	1.13	15.21	8.0	1520.53	3500.0	-100.0	1.0
35881.0	24.26	28.24	1.13	15.52	9.0	1424.91	3500.0	-100.0	1.0
35940.0	24.32	28.19	1.13	15.63	9.0	1742.97	3500.0	-100.0	1.0
35995.0	24.05	28.1	1.13	15.78	9.0	1671.68	3500.0	-100.0	1.0
36060.0	24.17	28.2	1.13	15.91	8.0	1404.63	3500.0	-91.42	1.0
36120.0	24.14	28.15	1.13	15.8	8.0	1562.17	3500.0	-57.33	1.0
36169.0	24.19	27.95	1.13	15.68	8.0	1541.62	3600.0	-77.5	1.0
36234.0	24.22	28.19	1.13	15.52	8.0	1558.28	3500.0	-100.0	1.0
36289.0	24.25	28.28	1.13	15.47	8.0	1515.76	3500.0	-100.0	1.0
36339.0	24.28	28.35	1.13	15.73	8.0	1419.25	3500.0	-100.0	1.0
36403.0	24.24	28.44	1.13	15.57	8.0	1706.68	3500.0	-100.0	1.0
36462.0	24.2	28.28	1.13	15.61	8.0	1607.89	3500.0	-100.0	1.0
36517.0	24.27	28.3	1.13	15.67	9.0	1616.21	3500.0	-100.0	1.0
36576.0	24.32	28.4	1.13	15.72	9.0	1452.64	3500.0	-100.0	1.0
36637.0	24.22	28.27	1.13	15.88	8.0	1555.53	3500.0	-58.62	1.0
36689.0	24.23	28.32	1.13	15.82	8.0	1422.34	3500.0	-70.77	1.0
36750.0	24.21	28.44	1.13	15.73	8.0	1515.61	3500.0	-83.25	1.0
36800.0	24.22	28.38	1.13	15.73	8.0	1483.53	3500.0	-100.0	1.0
36858.0	24.27	28.47	1.13	15.47	9.0	1669.08	3500.0	-100.0	1.0
36914.0	24.15	28.34	1.13	15.39	9.0	1697.22	3500.0	-100.0	1.0
36973.0	24.22	28.37	1.13	15.54	8.0	1610.65	3500.0	-100.0	1.0
37028.0	24.22	28.44	1.13	15.57	8.0	1659.66	3500.0	-100.0	1.0
37087.0	24.23	28.39	1.13	15.63	8.0	1588.31	3500.0	-100.0	1.0
37142.0	24.24	28.3	1.13	15.84	8.0	1468.43	3500.0	-94.86	1.0
37207.0	24.15	28.4	1.13	15.93	8.0	1615.51	3500.0	-21.88	1.0
37261.0	24.17	28.36	1.13	15.87	8.0	1631.14	3500.0	-50.96	1.0
37319.0	24.17	28.45	1.13	15.96	9.0	1540.2	3500.0	-37.6	1.0
37374.0	24.13	28.46	1.13	16.8	8.0	1473.91	3500.0	99.61	1.0
37439.0	24.11	28.45	1.13	16.79	9.0	1739.74	3500.0	100.0	1.0
37494.0	24.02	28.37	1.13	16.89	8.0	1667.78	3500.0	100.0	1.0
37559.0	24.15	28.42	1.13	16.58	8.0	1370.49	3500.0	82.51	1.0
37613.0	24.17	28.52	1.12	16.17	8.0	1639.34	3500.0	48.72	1.0
37665.0	24.25	28.57	1.13	15.81	9.0	1481.34	3500.0	-58.53	1.0
37726.0	24.24	28.58	1.13	16.38	9.0	1522.38	3500.0	-2.99	1.0
37790.0	24.14	28.55	1.13	16.71	9.0	1355.99	3500.0	100.0	1.0
37846.0	24.29	28.58	1.13	16.58	9.0	1500.6	3500.0	100.0	1.0
37904.0	24.13	28.26	1.13	16.28	9.0	1532.65	3500.0	40.67	1.0
37958.0	24.26	28.5	1.13	16.26	8.0	1603.25	3500.0	-22.95	1.0
38013.0	24.23	28.53	1.13	16.27	8.0	1508.9	3500.0	40.45	1.0
38077.0	24.26	28.54	1.13	16.2	8.0	1426.8	3500.0	41.19	1.0
38132.0	24.26	28.53	1.13	16.21	8.0	1669.63	3500.0	-13.17	1.0
38191.0	24.32	28.58	1.13	16.16	9.0	1435.41	3500.0	-16.69	1.0
38246.0	24.25	28.61	1.13	16.17	9.0	1277.68	3500.0	22.07	1.0
38309.0	24.16	28.46	1.14	16.03	9.0	1780.2	3500.0	-44.12	1.0
38365.0	24.24	28.51	1.13	15.76	8.0	1635.06	3500.0	-100.0	1.0
38418.0	24.28	28.62	1.13	15.6	8.0	1418.57	3500.0	-100.0	1.0
38473.0	24.26	28.59	1.13	15.42	8.0	1701.84	3500.0	-100.0	1.0
38532.0	24.33	28.63	1.13	15.31	8.0	1547.19	3500.0	-100.0	1.0
38593.0	24.34	28.7	1.13	16.92	8.0	1621.1	3500.0	-100.0	1.0
38651.0	24.29	28.63	1.13	17.85	8.0	1532.65	3500.0	100.0	1.0
38707.0	24.35	28.64	1.13	18.05	8.0	1636.48	3500.0	100.0	1.0
38765.0	24.37	28.8	1.13	17.93	9.0	1378.42	3500.0	100.0	1.0
38827.0	24.31	28.69	1.13	17.37	9.0	1453.35	3500.0	100.0	1.0
38885.0	24.29	28.76	1.13	16.7	9.0	1590.16	3500.0	100.0	1.0
38940.0	24.19	28.77	1.13	16.3	9.0	1431.3	3500.0	100.0	1.0
38999.0	24.27	28.7	1.13	15.94	9.0	1626.19	3500.0	-26.31	1.0
39060.0	24.23	28.68	1.13	15.89	9.0	1655.45	3500.0	-80.81	1.0
39118.0	24.14	28.62	1.13	15.91	8.0	1460.85	3500.0	-90.01	1.0
39179.0	24.04	28.49	1.13	16.12	9.0	1515.92	3500.0	-1.61	1.0
39242.0	24.15	28.68	1.13	16.38	8.0	1604.28	3500.0	51.53	1.0
39298.0	24.22	28.77	1.13	16.41	9.0	1443.97	3500.0	85.79	1.0
39355.0	24.17	28.74	1.13	16.52	9.0	1695.87	3500.0	100.0	1.0
39416.0	24.17	28.86	1.13	16.35	9.0	1750.09	3500.0	81.63	1.0
39469.0	24.11	28.8	1.13	16.7	8.0	1573.65	3500.0	100.0	1.0
39530.0	24.24	28.72	1.13	16.76	9.0	1463.7	3500.0	100.0	1.0
39588.0	24.15	28.77	1.13	16.71	8.0	1766.78	3500.0	95.59	1.0
39647.0	24.2	28.88	1.13	16.46	8.0	1548.63	3500.0	96.16	1.0
39707.0	24.35	28.88	1.12	16.26	9.0	1398.99	3500.0	54.14	1.0
39766.0	24.22	28.85	1.13	16.11	9.0	1793.19	3500.0	-28.32	1.0
39827.0	24.05	28.75	1.13	16.03	9.0	1706.68	3500.0	4.95	1.0
39884.0	24.1	28.84	1.13	15.9	9.0	1404.63	3500.0	-86.04	1.0
39946.0	24.18	28.81	1.13	15.9	8.0	1359.8	3500.0	-40.17	1.0
40004.0	24.0	28.68	1.13	15.79	8.0	1446.2	3500.0	-100.0	1.0
40065.0	24.11	28.78	1.13	15.4	9.0	1498.65	3500.0	-100.0	1.0
40124.0	24.04	28.61	1.13	15.32	8.0	1473.77	3500.0	-100.0	1.0
40179.0	23.96	28.7	1.13	15.22	9.0	1295.78	3500.0	-100.0	1.0
40235.0	24.11	28.87	1.13	15.17	8.0	1184.93	3500.0	-100.0	1.0
40296.0	24.17	28.88	1.13	15.14	8.0	1436.51	3500.0	-100.0	1.0
40354.0	24.27	29.03	1.13	15.14	8.0	1452.93	3500.0	-100.0	1.0
40416.0	24.29	29.13	1.13	15.06	8.0	1616.03	3500.0	-100.0	1.0
40474.0	24.31	29.02	1.13	15.07	8.0	1367.49	3500.0	-100.0	1.0
40529.0	24.17	29.03	1.13	15.03	8.0	1516.07	3500.0	-100.0	1.0
40588.0	24.16	29.13	1.13	15.07	8.0	1739.74	3500.0	-100.0	1.0
40643.0	24.15	28.85	1.13	15.07	8.0	1595.24	3500.0	-100.0	1.0
40708.0	24.23	28.97	1.13	15.09	8.0	1555.86	3500.0	-100.0	1.0
40767.0	24.21	29.03	1.13	15.08	8.0	1614.47	3500.0	-100.0	1.0
40822.0	24.21	28.99	1.13	15.15	8.0	1459.0	3500.0	-100.0	1.0
40878.0	24.22	28.98	1.13	15.19	8.0	1293.55	3500.0	-100.0	1.0
40936.0	24.26	29.18	1.13	15.21	8.0	1722.95	3500.0	-100.0	1.0
40991.0	24.3	29.04	1.13	15.53	8.0	1575.13	3500.0	-100.0	1.0
41051.0	24.29	29.21	1.13	15.77	8.0	1370.24	3500.0	-90.01	1.0
41105.0	24.31	29.21	1.13	15.82	8.0	1397.56	3500.0	-66.86	1.0
41160.0	24.28	29.18	1.13	15.78	9.0	1489.13	3500.0	-100.0	1.0
41225.0	24.19	29.16	1.13	15.63	9.0	1259.66	3500.0	-100.0	1.0
41281.0	24.22	29.13	1.13	15.61	8.0	1459.29	3500.0	-100.0	1.0
41339.0	24.28	29.11	1.13	15.36	8.0	1544.16	3500.0	-100.0	1.0
41395.0	24.26	29.18	1.13	15.44	9.0	1583.28	3500.0	-100.0	1.0
41450.0	24.24	29.15	1.13	15.73	9.0	1477.54	3500.0	-100.0	1.0
41508.0	24.41	29.15	1.13	16.02	9.0	1512.1	3500.0	7.05	1.0
41563.0	24.21	29.02	1.13	15.9	8.0	1495.81	3500.0	-45.29	1.0
41622.0	24.3	29.15	1.13	15.79	8.0	1371.37	3500.0	-100.0	1.0
41677.0	24.31	29.32	1.13	15.72	8.0	1425.99	3500.0	-85.45	1.0
41733.0	24.26	29.11	1.13	15.6	8.0	1669.08	3500.0	-100.0	1.0
41797.0	24.32	29.14	1.13	15.33	8.0	1446.62	3500.0	-100.0	1.0
41852.0	24.29	29.18	1.13	15.11	9.0	1356.48	3500.0	-100.0	1.0
41911.0	24.2	29.18	1.13	15.0	9.0	1570.02	3500.0	-100.0	1.0
41960.0	24.16	28.98	1.13	14.97	9.0	1425.04	3500.0	-100.0	1.0
42021.0	23.96	29.0	1.13	15.01	8.0	1375.01	3500.0	-100.0	1.0
42086.0	24.12	29.05	1.13	14.94	9.0	1445.78	3500.0	-100.0	1.0
42141.0	24.11	28.81	1.13	14.99	9.0	1612.21	3500.0	-100.0	1.0
42200.0	24.2	29.16	1.13	15.04	9.0	1515.76	3500.0	-100.0	1.0
42255.0	24.11	29.1	1.13	15.35	8.0	1377.54	3500.0	-100.0	1.0
42316.0	24.19	29.27	1.13	15.38	8.0	1198.47	3500.0	-100.0	1.0
42370.0	24.09	29.31	1.13	15.38	8.0	1589.83	3500.0	-100.0	1.0
42425.0	24.18	29.28	1.13	15.56	8.0	1432.39	3500.0	-100.0	1.0
42483.0	24.13	29.3	1.13	16.14	8.0	1634.88	3500.0	6.61	1.0
42532.0	24.16	29.32	1.13	16.08	9.0	1521.14	3500.0	-45.42	1.0
42588.0	24.04	29.27	1.13	16.16	8.0	1561.85	3500.0	12.26	1.0
42651.0	24.16	29.39	1.13	16.17	9.0	1385.94	3500.0	23.67	1.0
42706.0	24.11	29.42	1.13	16.05	9.0	1545.91	3500.0	-23.54	1.0
42770.0	24.01	29.18	1.13	15.63	9.0	1407.92	3500.0	-89.49	1.0
42825.0	24.06	29.24	1.13	15.38	9.0	1331.79	3500.0	-100.0	1.0
42881.0	24.09	29.19	1.13	15.21	9.0	1382.87	3500.0	-100.0	1.0
42945.0	24.06	29.21	1.13	14.95	9.0	1513.47	3500.0	-100.0	1.0
43000.0	24.14	29.34	1.13	14.9	9.0	1352.33	3500.0	-100.0	1.0
43060.0	24.07	29.39	1.13	14.79	9.0	1773.26	3500.0	-100.0	1.0
43118.0	24.09	29.32	1.13	14.92	8.0	1565.93	3500.0	-100.0	1.0
43173.0	24.13	29.5	1.13	14.97	9.0	1416.83	3500.0	-100.0	1.0
43233.0	24.19	29.48	1.13	14.96	8.0	1730.9	3500.0	-100.0	1.0
43288.0	24.25	29.34	1.13	15.18	9.0	1639.88	3500.0	-100.0	1.0
43348.0	24.25	29.5	1.13	15.5	8.0	1489.28	3500.0	-100.0	1.0
43402.0	24.25	29.63	1.13	15.68	9.0	1683.31	3500.0	-100.0	1.0
43466.0	23.83	29.06	1.12	16.4	8.0	1566.42	3500.0	66.49	1.0
43522.0	23.81	29.23	1.12	16.53	9.0	1551.67	3500.0	54.05	1.0
43576.0	23.75	29.11	1.13	16.51	8.0	1438.02	3500.0	100.0	1.0
43635.0	23.86	29.02	1.13	16.4	8.0	1703.58	3500.0	34.72	1.0
43689.0	23.97	29.3	1.13	16.27	8.0	1619.52	3500.0	18.49	1.0
43754.0	24.01	29.41	1.12	15.82	8.0	1301.41	3500.0	-38.9	1.0
43808.0	24.05	29.4	1.13	15.57	8.0	1473.77	3500.0	-100.0	1.0
43865.0	23.97	29.26	1.13	15.55	8.0	1485.0	3500.0	-100.0	1.0
43923.0	23.94	29.35	1.13	15.61	8.0	1459.57	3500.0	-100.0	1.0
43983.0	24.0	29.46	1.13	15.85	8.0	1409.51	3500.0	-83.16	1.0
44037.0	23.88	29.35	1.13	15.68	8.0	1606.86	3500.0	-88.49	1.0
44097.0	24.01	29.4	1.13	15.59	9.0	1492.54	3500.0	-100.0	1.0
44147.0	23.99	29.31	1.13	15.64	8.0	1316.25	3500.0	-100.0	1.0
44203.0	23.99	29.42	1.13	15.61	9.0	1165.23	3500.0	-92.12	1.0
44261.0	24.01	29.52	1.12	15.58	8.0	1383.64	3500.0	-100.0	1.0
44316.0	23.74	29.08	1.12	15.68	9.0	1198.37	3500.0	-96.82	1.0
44371.0	23.72	29.28	1.12	15.54	8.0	1484.71	3500.0	-100.0	1.0
44430.0	23.8	29.24	1.13	15.53	8.0	1535.94	3500.0	-100.0	1.0
44491.0	23.68	29.41	1.13	15.43	8.0	1426.4	3500.0	-100.0	1.0
44541.0	23.85	29.43	1.13	15.47	8.0	1292.55	3500.0	-100.0	1.0
44600.0	23.9	29.5	1.13	15.26	8.0	1535.16	3500.0	-100.0	1.0
44655.0	24.04	29.43	1.13	15.39	8.0	1364.01	3500.0	-100.0	1.0
44720.0	23.91	29.53	1.13	15.46	8.0	1526.72	3500.0	-100.0	1.0
44769.0	24.0	29.61	1.12	15.59	8.0	1567.73	3500.0	-100.0	1.0
44830.0	23.78	29.53	1.13	15.5	8.0	1438.71	3500.0	-100.0	1.0
44886.0	24.1	29.78	1.12	15.53	8.0	1256.81	3500.0	-100.0	1.0
44945.0	23.93	29.5	1.13	15.52	8.0	1175.83	3500.0	-100.0	1.0
45005.0	23.99	29.68	1.13	15.38	9.0	1407.39	3500.0	-100.0	1.0
45065.0	23.93	29.3	1.13	15.37	8.0	1507.23	3500.0	-100.0	1.0
45114.0	24.2	29.72	1.13	15.46	9.0	1515.0	3500.0	-100.0	1.0
45169.0	24.16	29.8	1.13	15.66	8.0	1393.4	3500.0	-100.0	1.0
45234.0	24.15	29.81	1.13	15.68	9.0	1657.82	3500.0	-100.0	1.0
45289.0	24.21	29.72	1.13	15.71	8.0	1737.92	3500.0	-93.83	1.0
45353.0	24.28	29.9	1.13	15.91	8.0	1482.21	3500.0	-44.2	1.0
45409.0	24.44	30.05	1.13	16.22	8.0	1421.67	3500.0	0.09	1.0
45472.0	24.36	30.06	1.13	16.22	8.0	1594.22	3500.0	7.95	1.0
45533.0	24.3	29.98	1.13	16.06	8.0	1525.63	3500.0	31.71	1.0
45590.0	24.16	29.92	1.13	15.98	8.0	1493.28	3500.0	-63.13	1.0
45645.0	24.14	29.76	1.14	15.81	8.0	1687.48	3500.0	-92.18	1.0
45694.0	24.14	29.77	1.13	15.73	9.0	1608.23	3500.0	-100.0	1.0
45753.0	24.11	29.87	1.13	15.46	8.0	1292.32	3500.0	-100.0	1.0
45808.0	24.09	29.85	1.13	15.28	8.0	1537.67	3500.0	-100.0	1.0
45863.0	24.09	29.97	1.13	15.28	8.0	1597.61	3500.0	-100.0	1.0
45928.0	24.25	30.07	1.13	15.35	9.0	1310.5	3500.0	-100.0	1.0
45989.0	24.19	29.97	1.13	15.47	8.0	1354.04	3500.0	-100.0	1.0
46043.0	24.23	29.97	1.13	15.36	8.0	1562.83	3500.0	-100.0	1.0
46103.0	24.24	29.88	1.13	15.28	8.0	1461.99	3500.0	-100.0	1.0
46159.0	24.25	29.94	1.13	15.21	8.0	1285.57	3500.0	-100.0	1.0
46218.0	24.32	30.01	1.13	15.28	8.0	1482.65	3500.0	-100.0	1.0
46267.0	24.39	30.1	1.13	15.34	9.0	1473.19	3500.0	-100.0	1.0
46328.0	24.28	29.95	1.13	15.33	8.0	1312.34	3500.0	-100.0	1.0
46387.0	24.28	30.11	1.13	15.29	8.0	1768.45	3500.0	-100.0	1.0
46442.0	24.2	30.02	1.13	15.18	9.0	1691.86	3500.0	-100.0	1.0
46501.0	24.31	30.1	1.13	15.06	9.0	1404.1	3500.0	-100.0	1.0
46563.0	24.22	30.1	1.13	14.91	9.0	1622.15	3500.0	-100.0	1.0
46615.0	24.34	30.12	1.13	14.95	9.0	1480.31	3500.0	-100.0	1.0
46676.0	24.19	30.12	1.13	15.33	9.0	1395.09	3500.0	-100.0	1.0
46735.0	24.3	30.24	1.12	15.88	9.0	1684.07	3500.0	-63.57	1.0
46784.0	24.18	30.2	1.13	16.0	8.0	1755.62	3500.0	-80.33	1.0
46839.0	24.21	30.26	1.13	16.07	8.0	1611.52	3500.0	-20.11	1.0
46904.0	24.25	30.18	1.13	16.5	8.0	1418.84	3500.0	51.88	1.0
46958.0	24.23	30.29	1.13	16.62	8.0	1432.25	3500.0	100.0	1.0
47023.0	24.22	30.25	1.13	16.57	8.0	1605.14	3500.0	100.0	1.0
47078.0	24.3	30.25	1.13	16.36	9.0	1455.75	3500.0	100.0	1.0
47136.0	24.3	30.34	1.13	16.19	8.0	1532.65	3500.0	-4.17	1.0
47192.0	24.25	30.27	1.13	15.71	8.0	1638.99	3500.0	-22.97	1.0
47250.0	24.27	30.3	1.13	15.46	9.0	1408.05	3500.0	-100.0	1.0
47305.0	24.16	30.19	1.13	15.56	8.0	1288.99	3500.0	-100.0	1.0
47367.0	24.21	30.13	1.13	15.6	9.0	1300.28	3500.0	-100.0	1.0
47431.0	24.13	30.14	1.13	15.47	9.0	1498.65	3500.0	-100.0	1.0
47480.0	24.15	30.11	1.13	15.22	9.0	1397.82	3500.0	-100.0	1.0
47542.0	24.18	30.04	1.13	15.12	9.0	1214.57	3500.0	-100.0	1.0
47595.0	24.2	30.14	1.13	15.03	9.0	1765.12	3500.0	-100.0	1.0
47655.0	24.18	30.07	1.13	15.08	8.0	1688.81	3500.0	-100.0	1.0
47709.0	24.16	30.17	1.13	15.15	8.0	1391.98	3500.0	-100.0	1.0
47770.0	24.26	30.3	1.13	15.19	8.0	1455.32	3500.0	-100.0	1.0
47825.0	24.09	30.21	1.13	15.19	9.0	1355.63	3500.0	-100.0	1.0
47884.0	24.18	30.36	1.13	15.36	8.0	1588.81	3500.0	-100.0	1.0
47945.0	24.12	30.31	1.13	15.12	8.0	1543.69	3500.0	-100.0	1.0
48005.0	24.13	30.33	1.13	15.24	8.0	1310.85	3500.0	-100.0	1.0
48060.0	24.17	30.34	1.13	15.28	8.0	1321.7	3500.0	-100.0	1.0
48115.0	24.2	30.36	1.13	15.19	8.0	1430.48	3500.0	-100.0	1.0
48174.0	24.19	30.33	1.13	15.09	8.0	1435.68	3500.0	-100.0	1.0
48235.0	24.2	30.42	1.13	14.97	8.0	1254.08	3500.0	-100.0	1.0
48290.0	24.14	30.29	1.13	14.97	8.0	1243.06	3500.0	-100.0	1.0
48349.0	24.3	30.53	1.13	14.89	9.0	1457.73	3500.0	-100.0	1.0
48410.0	24.24	30.43	1.13	15.01	8.0	1403.05	3500.0	-100.0	1.0
48465.0	24.07	30.42	1.13	14.98	8.0	1330.5	3500.0	-100.0	1.0
48524.0	24.22	30.47	1.12	15.13	8.0	1476.96	3500.0	-100.0	1.0
48579.0	24.19	30.54	1.13	15.11	8.0	1516.99	3500.0	-100.0	1.0
48634.0	24.23	30.49	1.13	15.07	9.0	1348.8	3500.0	-100.0	1.0
48694.0	24.25	30.59	1.13	15.03	9.0	1565.6	3500.0	-100.0	1.0
48754.0	24.22	30.47	1.13	15.01	8.0	1413.23	3500.0	-100.0	1.0
48814.0	24.14	30.48	1.13	15.01	9.0	1562.01	3500.0	-100.0	1.0
48869.0	24.15	30.46	1.13	15.18	9.0	1565.93	3500.0	-100.0	1.0
48918.0	24.32	30.55	1.13	15.37	9.0	1450.96	3500.0	-100.0	1.0
48983.0	24.16	30.47	1.13	15.51	9.0	1492.09	3500.0	-100.0	1.0
49038.0	24.17	30.42	1.13	15.35	9.0	1610.65	3500.0	-100.0	1.0
49097.0	24.12	30.42	1.13	15.5	9.0	1477.4	3500.0	-100.0	1.0
49158.0	24.03	30.53	1.14	15.59	9.0	1346.86	3500.0	-100.0	1.0
49213.0	24.04	30.45	1.13	15.81	8.0	1187.55	3500.0	-100.0	1.0
49266.0	24.15	30.66	1.13	15.79	8.0	1562.66	3500.0	-73.12	1.0
49327.0	24.25	30.57	1.13	15.88	8.0	1402.39	3500.0	-100.0	1.0
49380.0	24.31	30.62	1.13	15.75	8.0	1532.8	3500.0	-80.52	1.0
49440.0	24.24	30.47	1.14	15.54	8.0	1380.45	3500.0	-100.0	1.0
49499.0	24.12	30.51	1.13	15.44	8.0	1662.79	3500.0	-100.0	1.0
49554.0	24.22	30.58	1.13	15.23	8.0	1563.15	3500.0	-100.0	1.0
49610.0	24.29	30.61	1.13	15.29	8.0	1548.31	3500.0	-100.0	1.0
49669.0	24.34	30.7	1.13	15.2	8.0	1244.09	3500.0	-100.0	1.0
49730.0	24.31	30.73	1.13	15.14	8.0	1534.06	3500.0	-100.0	1.0
49788.0	24.38	30.79	1.13	15.1	8.0	1413.63	3500.0	-100.0	1.0
49838.0	24.35	30.88	1.13	15.23	8.0	1527.18	3500.0	-100.0	1.0
49899.0	24.38	30.88	1.13	15.48	9.0	1452.64	3500.0	-100.0	1.0
49957.0	24.13	30.66	1.13	15.6	9.0	1523.93	3500.0	-100.0	1.0
50019.0	24.26	30.79	1.13	15.54	9.0	1408.72	3500.0	-100.0	1.0
50074.0	24.21	30.74	1.13	15.51	9.0	1221.9	3500.0	-100.0	1.0
50132.0	24.26	30.79	1.13	15.36	9.0	1627.07	3500.0	-100.0	1.0
50194.0	24.25	30.6	1.13	15.18	8.0	1551.83	3500.0	-100.0	1.0
50244.0	24.22	30.78	1.13	15.1	8.0	1390.69	3500.0	-100.0	1.0
50302.0	24.21	30.82	1.13	15.02	8.0	1540.2	3500.0	-100.0	1.0
50358.0	24.26	30.87	1.13	14.87	8.0	1667.41	3500.0	-100.0	1.0
50416.0	24.29	30.95	1.13	14.89	8.0	1493.28	3500.0	-100.0	1.0
50478.0	24.3	30.88	1.13	15.01	8.0	1349.53	3500.0	-100.0	1.0
50536.0	24.35	30.81	1.13	15.2	8.0	1453.21	3500.0	-100.0	1.0
50597.0	24.32	30.88	1.13	15.13	8.0	1513.78	3500.0	-100.0	1.0
50653.0	24.27	30.93	1.13	15.04	8.0	1376.53	3500.0	-100.0	1.0
50702.0	24.25	30.93	1.13	15.0	8.0	1406.6	3500.0	-100.0	1.0
50766.0	24.33	30.94	1.13	14.96	9.0	1460.0	3500.0	-100.0	1.0
50826.0	24.41	30.83	1.13	15.0	8.0	1577.95	3500.0	-100.0	1.0
50881.0	24.42	30.83	1.13	14.91	8.0	1420.32	3500.0	-100.0	1.0
50936.0	24.25	30.76	1.13	14.9	8.0	1347.71	3500.0	-100.0	1.0
50990.0	24.14	30.73	1.14	14.92	9.0	1543.05	3500.0	-100.0	1.0
51050.0	24.15	30.63	1.13	14.89	8.0	1487.51	3500.0	-100.0	1.0
51111.0	24.25	30.82	1.13	14.72	8.0	1388.12	3500.0	-100.0	1.0
51170.0	24.31	30.9	1.13	14.73	8.0	1394.57	3500.0	-100.0	1.0
51225.0	24.38	30.88	1.13	14.61	8.0	1312.91	3500.0	-100.0	1.0
51280.0	24.29	30.92	1.12	14.6	9.0	1335.47	3500.0	-100.0	1.0
51345.0	24.14	30.87	1.13	14.77	8.0	1646.18	3500.0	-100.0	1.0
51395.0	24.21	30.72	1.13	14.87	8.0	1551.35	3500.0	-100.0	1.0
51450.0	24.15	30.69	1.13	15.02	8.0	1390.69	3500.0	-100.0	1.0
51509.0	24.18	30.65	1.13	15.06	8.0	1482.51	3500.0	-100.0	1.0
51564.0	24.19	30.9	1.13	14.98	8.0	1640.78	3500.0	-100.0	1.0
51623.0	24.32	31.15	1.13	15.0	8.0	1578.95	3500.0	-100.0	1.0
51684.0	24.35	31.07	1.13	15.16	8.0	1472.03	3500.0	-100.0	1.0
51737.0	24.29	31.18	1.13	15.14	9.0	1496.11	3500.0	-100.0	1.0
51792.0	24.21	31.18	1.13	15.1	9.0	1671.68	3500.0	-100.0	1.0
51848.0	24.17	31.0	1.13	15.28	8.0	1572.66	3500.0	-100.0	1.0
51907.0	24.21	31.07	1.13	15.28	8.0	1261.99	3500.0	-100.0	1.0
51962.0	24.19	31.13	1.13	15.39	8.0	1609.61	3500.0	-100.0	1.0
52021.0	24.25	30.88	1.13	15.55	8.0	1495.66	3500.0	-100.0	1.0
52082.0	24.25	31.11	1.13	16.09	8.0	1409.64	3500.0	-66.44	1.0
52141.0	24.31	31.18	1.13	16.37	8.0	1675.42	3500.0	71.81	1.0
52201.0	24.34	31.23	1.13	16.4	8.0	1718.8	3500.0	28.8	1.0

================================Data log ends here================================