Log created on 30-4-2018__17.7.14
Tes 1

Time	MAT	CHT	MAP	AFR	TPS	RPM	CCM	Cons	State
39366.0	27.08	27.09	833.32	19.86	9.0	0.0	3600.0	0.0	0.0
39410.0	27.05	27.08	833.32	19.86	9.0	0.0	3600.0	0.0	0.0
39454.0	27.11	27.11	833.32	19.86	9.0	0.0	3600.0	0.0	0.0
39499.0	27.17	27.02	833.32	19.86	9.0	0.0	3600.0	0.0	0.0
39548.0	27.06	27.03	833.32	19.87	9.0	0.0	3600.0	0.0	0.0
39593.0	27.0	26.98	833.32	19.86	9.0	0.0	3600.0	0.0	0.0
39638.0	27.09	27.07	833.32	19.86	9.0	0.0	3600.0	0.0	0.0
39682.0	27.27	27.22	833.32	19.86	9.0	0.0	3600.0	0.0	0.0
39726.0	27.19	27.11	833.32	19.86	9.0	0.0	3600.0	0.0	0.0
39771.0	27.08	27.05	833.32	19.86	9.0	0.0	3600.0	0.0	0.0
39815.0	27.06	26.86	833.32	19.86	9.0	0.0	3600.0	0.0	0.0
39859.0	27.0	26.9	833.32	19.86	9.0	0.0	3600.0	0.0	0.0
39909.0	26.97	26.9	833.32	19.86	9.0	0.0	3600.0	0.0	0.0
39953.0	27.29	27.15	833.32	19.86	9.0	0.0	3600.0	0.0	0.0
39997.0	27.14	27.12	833.32	19.86	9.0	0.0	3600.0	0.0	0.0
40041.0	27.05	27.13	833.32	19.86	9.0	0.0	3600.0	0.0	0.0
40086.0	27.05	26.82	833.32	19.86	9.0	0.0	3600.0	0.0	0.0
40130.0	27.03	26.88	833.32	19.85	9.0	0.0	3600.0	0.0	0.0
40174.0	27.0	26.89	833.32	19.85	9.0	0.0	3600.0	0.0	0.0
40224.0	27.1	26.99	833.32	19.86	9.0	0.0	3600.0	0.0	0.0
40268.0	27.08	26.99	833.32	19.86	9.0	0.0	3600.0	0.0	0.0
40312.0	27.15	27.19	833.32	19.86	9.0	0.0	3600.0	0.0	0.0
40363.0	26.9	26.95	833.32	19.87	9.0	0.0	3600.0	0.0	0.0
40407.0	26.98	27.0	833.32	19.85	9.0	0.0	3600.0	0.0	0.0
40451.0	27.04	27.02	833.32	19.85	9.0	0.0	3600.0	0.0	0.0
40501.0	27.1	27.0	833.32	19.86	9.0	0.0	3600.0	0.0	0.0
40545.0	27.07	27.02	833.32	19.85	9.0	0.0	3600.0	0.0	0.0
40584.0	27.06	27.11	833.32	19.85	9.0	0.0	3600.0	0.0	0.0
40634.0	27.03	27.09	833.32	19.85	9.0	0.0	3600.0	0.0	0.0
40678.0	27.02	27.11	833.32	19.85	9.0	0.0	3600.0	0.0	0.0
40728.0	27.05	27.04	833.32	19.86	9.0	0.0	3600.0	0.0	0.0
40772.0	27.1	27.1	833.32	19.85	9.0	0.0	3600.0	0.0	0.0
40822.0	27.38	27.29	833.32	19.85	9.0	0.0	3600.0	0.0	0.0
40866.0	27.16	27.16	833.32	19.86	9.0	0.0	3600.0	0.0	0.0
40910.0	27.1	27.09	833.32	19.86	9.0	0.0	3600.0	0.0	0.0
40954.0	27.02	26.83	833.32	19.86	9.0	0.0	3600.0	0.0	0.0
40999.0	27.02	26.86	833.32	19.86	9.0	0.0	3600.0	0.0	0.0
41043.0	26.94	26.82	833.32	19.86	9.0	0.0	3600.0	0.0	0.0
41088.0	27.11	26.89	833.32	19.86	9.0	0.0	3600.0	0.0	0.0
41132.0	27.08	26.96	833.32	19.85	9.0	0.0	3600.0	0.0	0.0
41182.0	27.18	27.13	833.32	19.86	9.0	0.0	3600.0	0.0	0.0
41232.0	27.08	27.04	833.32	19.86	9.0	0.0	3600.0	0.0	0.0
41276.0	27.05	27.01	833.32	19.86	9.0	0.0	3600.0	0.0	0.0
41320.0	26.98	26.98	833.32	19.87	9.0	0.0	3600.0	0.0	0.0
41370.0	26.98	26.97	833.32	19.86	9.0	0.0	3600.0	0.0	0.0
41425.0	27.03	26.97	833.32	19.86	9.0	0.0	3600.0	0.0	0.0
41469.0	27.04	27.04	833.32	19.86	9.0	0.0	3600.0	0.0	0.0
41513.0	27.03	27.01	833.32	19.86	9.0	0.0	3600.0	0.0	0.0
41564.0	27.05	26.96	833.32	19.87	9.0	0.0	3600.0	0.0	0.0
41614.0	27.05	26.98	833.32	19.86	9.0	0.0	3600.0	0.0	0.0
41658.0	27.12	27.0	833.32	19.85	9.0	0.0	3600.0	0.0	0.0
41702.0	27.22	27.15	833.32	19.86	9.0	0.0	3600.0	0.0	0.0
41752.0	27.11	27.03	833.32	19.86	9.0	0.0	3600.0	0.0	0.0
41796.0	27.11	26.97	833.32	19.86	9.0	0.0	3600.0	0.0	0.0
41835.0	27.05	26.94	833.32	19.87	9.0	0.0	3600.0	0.0	0.0
41885.0	27.02	26.95	833.32	19.86	9.0	0.0	3600.0	0.0	0.0
41934.0	27.1	26.93	833.32	19.86	9.0	0.0	3600.0	0.0	0.0
41985.0	27.21	27.02	833.32	19.86	9.0	0.0	3600.0	0.0	0.0
42029.0	27.09	26.97	833.32	19.86	9.0	0.0	3600.0	0.0	0.0
42079.0	27.06	27.15	833.32	19.86	9.0	0.0	3600.0	0.0	0.0
42123.0	26.93	26.85	833.32	19.86	9.0	0.0	3600.0	0.0	0.0
42167.0	27.0	26.93	833.32	19.85	9.0	0.0	3600.0	0.0	0.0
42217.0	27.0	26.94	833.32	19.85	9.0	0.0	3600.0	0.0	0.0
42267.0	27.07	26.93	833.32	19.85	9.0	0.0	3600.0	0.0	0.0
42311.0	27.08	26.91	833.32	19.85	9.0	0.0	3600.0	0.0	0.0
42355.0	27.1	26.97	833.32	19.86	9.0	0.0	3600.0	0.0	0.0
42399.0	27.08	26.91	833.32	19.86	9.0	0.0	3600.0	0.0	0.0
42444.0	27.05	26.92	833.32	19.87	9.0	0.0	3600.0	0.0	0.0
42488.0	27.1	26.95	833.32	19.86	9.0	0.0	3600.0	0.0	0.0
42532.0	27.1	26.96	833.32	19.86	9.0	0.0	3600.0	0.0	0.0
42583.0	27.29	27.1	833.32	19.86	9.0	0.0	3600.0	0.0	0.0
42627.0	27.16	27.08	833.32	19.86	9.0	0.0	3600.0	0.0	0.0
42671.0	27.21	27.01	833.32	19.86	9.0	0.0	3600.0	0.0	0.0
42716.0	27.07	26.86	833.32	19.86	9.0	0.0	3600.0	0.0	0.0
42765.0	26.98	26.9	833.32	19.86	9.0	0.0	3600.0	0.0	0.0
42809.0	27.01	26.88	833.32	19.86	9.0	0.0	3600.0	0.0	0.0
42854.0	27.15	26.96	833.32	19.86	9.0	0.0	3600.0	0.0	0.0
42898.0	27.11	26.99	833.32	19.85	9.0	0.0	3600.0	0.0	0.0
42948.0	27.19	27.14	833.32	19.85	9.0	0.0	3600.0	0.0	0.0
42992.0	27.04	27.01	833.32	19.86	9.0	0.0	3600.0	0.0	0.0
43042.0	27.07	26.94	833.32	19.86	9.0	0.0	3600.0	0.0	0.0
43086.0	26.99	26.89	833.32	19.86	9.0	0.0	3600.0	0.0	0.0
43130.0	27.09	26.9	833.32	19.86	9.0	0.0	3600.0	0.0	0.0
43181.0	27.03	26.92	833.32	19.86	9.0	0.0	3600.0	0.0	0.0
43225.0	27.02	27.08	833.32	19.87	9.0	0.0	3600.0	0.0	0.0
43275.0	26.97	27.04	833.32	19.86	9.0	0.0	3600.0	0.0	0.0
43324.0	26.99	26.93	833.32	19.87	9.0	0.0	3600.0	0.0	0.0
43368.0	26.87	26.92	833.32	19.86	9.0	0.0	3600.0	0.0	0.0
43418.0	26.99	27.0	833.32	19.86	9.0	0.0	3600.0	0.0	0.0
43462.0	27.18	27.03	833.32	19.86	9.0	0.0	3600.0	0.0	0.0
43512.0	27.09	27.03	833.32	19.85	9.0	0.0	3600.0	0.0	0.0
43556.0	27.06	27.0	833.32	19.85	9.0	0.0	3600.0	0.0	0.0
43600.0	26.98	26.85	833.32	19.85	9.0	0.0	3600.0	0.0	0.0
43651.0	27.03	26.88	833.32	19.86	9.0	0.0	3600.0	0.0	0.0
43689.0	27.02	26.86	833.32	19.85	9.0	0.0	3600.0	0.0	0.0
43734.0	27.25	26.96	833.32	19.87	9.0	0.0	3600.0	0.0	0.0
43781.0	27.01	27.07	833.32	19.89	9.0	0.0	3600.0	0.0	0.0
43831.0	27.03	27.39	833.32	19.9	9.0	0.0	3600.0	0.0	0.0
43881.0	27.04	27.36	833.32	19.89	9.0	0.0	3600.0	0.0	0.0
43930.0	27.08	27.36	833.32	19.9	9.0	0.0	3600.0	0.0	0.0
43975.0	27.02	27.33	833.32	19.89	9.0	0.0	3600.0	0.0	0.0
44019.0	27.15	27.5	833.32	19.87	9.0	0.0	3600.0	0.0	2.0
44069.0	27.03	27.32	833.32	19.87	9.0	0.0	3600.0	0.0	2.0
44113.0	27.23	27.49	833.32	19.86	9.0	0.0	3600.0	0.0	2.0
44164.0	27.07	27.25	833.32	19.86	9.0	0.0	3600.0	0.0	2.0
44214.0	27.17	27.31	833.32	19.85	9.0	0.0	3600.0	0.0	2.0
44269.0	27.1	27.17	833.32	19.85	9.0	0.0	3600.0	0.0	2.0
44314.0	27.25	27.21	833.32	19.85	9.0	0.0	3600.0	0.0	2.0
44358.0	27.24	27.17	833.32	19.84	9.0	0.0	3600.0	0.0	2.0
44403.0	27.25	27.12	833.32	19.85	9.0	0.0	3600.0	0.0	2.0
44447.0	27.2	27.15	833.32	19.85	9.0	0.0	3600.0	0.0	2.0
44492.0	27.08	27.07	833.32	19.85	9.0	0.0	3600.0	0.0	2.0
44536.0	27.12	27.09	833.32	19.85	9.0	0.0	3600.0	0.0	0.0
44587.0	27.11	27.11	833.32	19.84	9.0	0.0	3600.0	0.0	0.0
44631.0	27.2	27.17	833.32	19.85	9.0	0.0	3600.0	0.0	0.0
44675.0	27.22	27.16	833.32	19.84	9.0	0.0	3600.0	0.0	0.0
44719.0	27.13	27.25	833.32	19.84	9.0	0.0	3600.0	0.0	0.0
44769.0	27.03	26.87	833.32	19.85	9.0	0.0	3600.0	0.0	0.0
44813.0	27.02	26.98	833.32	19.84	9.0	0.0	3600.0	0.0	0.0
44863.0	27.17	27.0	833.32	19.85	9.0	0.0	3600.0	0.0	0.0
44907.0	27.1	27.03	833.32	19.85	9.0	0.0	3600.0	0.0	0.0
44951.0	27.07	26.97	833.32	19.85	9.0	0.0	3600.0	0.0	0.0
45001.0	27.16	27.12	833.32	19.85	9.0	0.0	3600.0	0.0	0.0
45045.0	27.1	27.07	833.32	19.85	9.0	0.0	3600.0	0.0	0.0
45095.0	27.07	27.0	833.32	19.85	9.0	0.0	3600.0	0.0	0.0
45134.0	27.09	26.99	833.32	19.85	9.0	0.0	3600.0	0.0	0.0
45184.0	27.05	26.95	833.32	19.86	9.0	0.0	3600.0	0.0	0.0
45234.0	27.16	27.24	833.32	19.85	9.0	0.0	3600.0	0.0	0.0
45278.0	27.07	27.22	833.32	19.85	9.0	0.0	3600.0	0.0	0.0
45323.0	27.1	27.24	833.32	19.86	9.0	0.0	3600.0	0.0	0.0
45367.0	27.08	27.23	833.32	19.85	9.0	0.0	3600.0	0.0	0.0
45417.0	27.13	27.17	833.32	19.85	9.0	0.0	3600.0	0.0	0.0
45461.0	27.13	27.18	833.32	19.85	9.0	0.0	3600.0	0.0	0.0
45505.0	27.2	27.2	833.32	19.85	9.0	0.0	3600.0	0.0	0.0
45549.0	27.16	27.18	833.32	19.85	9.0	0.0	3600.0	0.0	0.0
45594.0	27.29	27.41	833.32	19.85	9.0	0.0	3600.0	0.0	0.0
45638.0	27.1	27.32	833.32	19.85	9.0	0.0	3600.0	0.0	0.0
45682.0	27.05	27.27	833.32	19.86	9.0	0.0	3600.0	0.0	0.0
45726.0	27.02	27.28	833.32	19.85	9.0	0.0	3600.0	0.0	0.0
45771.0	26.95	27.2	833.32	19.85	9.0	0.0	3600.0	0.0	0.0
45820.0	26.99	27.2	833.32	19.85	9.0	0.0	3600.0	0.0	0.0
45871.0	27.1	27.16	833.32	19.86	9.0	0.0	3600.0	0.0	0.0
45915.0	27.07	27.08	833.32	19.85	9.0	0.0	3600.0	0.0	0.0
45965.0	26.81	27.05	833.32	19.86	9.0	0.0	3600.0	0.0	0.0
46004.0	26.88	27.08	833.32	19.86	9.0	0.0	3600.0	0.0	0.0
46054.0	27.01	27.12	833.32	19.85	9.0	0.0	3600.0	0.0	0.0
46098.0	27.08	27.08	833.32	19.85	9.0	0.0	3600.0	0.0	0.0
46147.0	27.13	27.09	833.32	19.85	9.0	0.0	3600.0	0.0	0.0
46192.0	27.09	27.08	833.32	19.85	9.0	0.0	3600.0	0.0	0.0
46236.0	27.16	27.12	833.32	19.86	9.0	0.0	3600.0	0.0	0.0
46280.0	27.09	27.09	833.32	19.86	9.0	0.0	3600.0	0.0	0.0
46330.0	27.05	27.14	833.32	19.87	9.0	0.0	3600.0	0.0	0.0
46374.0	27.01	27.16	833.32	19.86	9.0	0.0	3600.0	0.0	0.0
46418.0	27.09	27.25	833.32	19.85	9.0	0.0	3600.0	0.0	0.0
46469.0	27.18	27.4	833.32	19.85	9.0	0.0	3600.0	0.0	0.0
46513.0	27.13	27.34	833.32	19.86	9.0	0.0	3600.0	0.0	0.0
46557.0	27.06	27.29	833.32	19.85	9.0	0.0	3600.0	0.0	0.0
46602.0	27.03	27.1	833.32	19.85	9.0	0.0	3600.0	0.0	0.0
46646.0	27.0	27.1	833.32	19.86	9.0	0.0	3600.0	0.0	0.0
46690.0	27.0	27.13	833.32	19.85	9.0	0.0	3600.0	0.0	0.0
46735.0	27.14	27.18	833.32	19.86	9.0	0.0	3600.0	0.0	0.0
46779.0	27.09	27.21	833.32	19.85	9.0	0.0	3600.0	0.0	0.0
46828.0	27.22	27.32	833.32	19.86	9.0	0.0	3600.0	0.0	0.0
46873.0	27.07	27.17	833.32	19.85	9.0	0.0	3600.0	0.0	0.0
46922.0	27.15	27.09	833.32	19.86	9.0	0.0	3600.0	0.0	0.0
46967.0	27.1	27.14	833.32	19.86	9.0	0.0	3600.0	0.0	0.0
47011.0	27.02	27.15	833.32	19.85	9.0	0.0	3600.0	0.0	0.0
47062.0	27.05	27.16	833.32	19.86	9.0	0.0	3600.0	0.0	0.0
47106.0	27.11	27.23	833.32	19.85	9.0	0.0	3600.0	0.0	0.0
47156.0	27.13	27.23	833.32	19.86	9.0	0.0	3600.0	0.0	0.0
47197.0	27.19	27.36	833.32	19.87	9.0	0.0	3600.0	0.0	0.0
47250.0	27.15	27.63	833.32	19.87	9.0	0.0	3600.0	0.0	0.0
47295.0	27.13	27.6	833.32	19.9	9.0	0.0	3600.0	0.0	0.0
47345.0	26.84	27.46	833.32	19.89	9.0	0.0	3600.0	0.0	0.0
47387.0	26.99	27.48	833.32	19.88	9.0	0.0	3600.0	0.0	0.0
47437.0	27.33	27.75	833.32	19.89	9.0	0.0	3600.0	0.0	0.0
47479.0	27.3	27.6	833.32	19.89	9.0	0.0	3600.0	0.0	0.0
47533.0	27.26	27.58	833.32	19.89	9.0	1588.48	3600.0	0.0	2.0
47570.0	27.18	27.46	833.32	19.89	9.0	1465.27	3600.0	0.0	2.0
47620.0	27.25	27.46	833.32	19.88	9.0	1331.91	3600.0	0.0	2.0
47663.0	26.99	27.32	833.32	19.88	9.0	1222.2	3600.0	0.0	2.0
47718.0	27.1	27.43	833.32	19.88	9.0	1244.19	3600.0	0.0	2.0
47761.0	27.32	27.61	833.32	19.88	9.0	1136.79	3600.0	0.0	2.0
47804.0	27.27	27.45	833.32	19.89	9.0	1510.73	3600.0	0.0	2.0
47847.0	27.3	27.35	833.32	19.9	9.0	1740.75	3600.0	0.0	2.0
47899.0	27.19	27.31	833.32	19.88	9.0	1473.77	3600.0	0.0	2.0
47948.0	27.04	26.92	833.32	19.88	9.0	1321.7	3600.0	0.0	2.0
47991.0	27.05	27.06	833.32	19.88	9.0	1415.9	3600.0	0.0	2.0
48040.0	27.15	27.29	833.32	19.88	9.0	1332.62	3600.0	0.0	2.0
48090.0	27.21	27.26	833.32	19.88	9.0	1267.64	3600.0	0.0	2.0
48139.0	27.26	27.38	833.32	19.89	9.0	1558.6	3600.0	0.0	2.0
48182.0	27.23	27.25	833.32	19.88	9.0	1667.59	3600.0	0.0	2.0
48229.0	27.15	27.21	833.32	19.88	9.0	1627.43	3600.0	0.0	2.0
48277.0	27.19	27.23	833.32	19.88	9.0	1550.71	3600.0	0.0	2.0
48321.0	27.21	27.34	833.32	19.88	9.0	1466.42	3600.0	0.0	2.0
48364.0	27.32	27.5	833.32	19.89	9.0	1550.71	3600.0	0.0	2.0
48416.0	27.31	27.46	833.32	19.88	9.0	1728.11	3600.0	0.0	2.0
48459.0	27.25	27.36	833.32	19.88	9.0	1601.37	3600.0	0.0	2.0
48502.0	27.16	27.23	833.32	19.87	9.0	1533.59	3600.0	0.0	1.0
48552.0	27.12	27.29	833.32	19.86	9.0	1680.67	3600.0	56.65	1.0
48606.0	27.0	27.14	833.32	19.89	9.0	1889.17	3600.0	56.77	1.0
48655.0	27.25	27.39	833.32	19.89	9.0	1782.74	3600.0	54.83	1.0
48697.0	27.25	27.32	833.32	19.89	9.0	1598.47	3600.0	54.85	1.0
48746.0	27.13	27.21	833.32	19.89	9.0	1661.87	3600.0	56.79	1.0
48790.0	27.31	27.26	833.32	19.89	9.0	1575.8	3600.0	54.79	1.0
48834.0	27.35	27.42	833.32	19.89	9.0	1438.43	3600.0	56.83	1.0
48887.0	27.36	27.44	833.32	19.91	9.0	1646.54	3600.0	56.93	1.0
48936.0	27.24	27.32	833.32	19.91	9.0	1844.34	3600.0	54.99	1.0
48980.0	27.4	27.46	833.32	19.91	9.0	1768.87	3600.0	57.01	1.0
49019.0	27.36	27.45	833.32	19.89	9.0	1637.73	3600.0	55.01	1.0
49072.0	27.19	27.13	833.32	19.89	9.0	1673.92	3600.0	54.82	1.0
49116.0	27.18	27.13	833.32	19.89	9.0	1900.42	3600.0	56.76	1.0
49163.0	27.29	27.3	833.32	19.89	9.0	1966.18	3600.0	56.78	1.0
49207.0	27.31	27.34	833.32	19.88	9.0	1907.43	3600.0	54.81	1.0
49251.0	27.19	27.29	833.32	19.89	9.0	1783.38	3600.0	56.75	1.0
49298.0	27.19	27.24	833.32	19.91	9.0	1831.73	3600.0	56.98	1.0
49342.0	27.24	27.2	833.32	19.9	9.0	1960.53	3600.0	54.96	1.0
49395.0	27.33	27.46	833.32	19.89	9.0	1935.73	3600.0	54.85	1.0
49439.0	27.32	27.46	833.32	19.89	9.0	1942.0	3600.0	56.88	1.0
49486.0	27.16	27.27	833.32	19.9	9.0	1798.99	3600.0	56.83	1.0
49536.0	27.28	27.38	833.32	19.9	9.0	1824.37	3600.0	54.95	1.0
49589.0	27.26	27.44	833.32	19.89	9.0	1930.25	3600.0	54.85	1.0
49636.0	27.38	27.45	833.32	19.89	9.0	1827.49	3600.0	54.85	1.0
49686.0	27.37	27.48	833.32	19.87	9.0	2005.08	3600.0	56.68	1.0
49727.0	27.47	27.64	833.32	19.87	9.0	2137.36	3600.0	56.73	1.0
49777.0	27.29	27.46	833.32	19.87	9.0	2035.55	3600.0	54.74	1.0
49818.0	27.2	27.45	833.32	19.88	9.0	1997.34	3600.0	56.81	1.0
49862.0	27.23	27.4	833.32	19.87	9.0	2124.65	3600.0	54.84	1.0
49915.0	27.32	27.56	833.32	19.89	9.0	2128.87	3600.0	54.78	1.0
49956.0	27.3	27.65	833.32	19.88	9.0	2217.62	3600.0	54.77	1.0
50003.0	27.36	27.54	833.32	19.87	9.0	2368.55	3600.0	54.8	1.0
50048.0	27.38	27.55	833.32	19.87	9.0	2315.17	3600.0	56.82	1.0
50101.0	27.41	27.5	833.32	19.86	9.0	2339.73	3600.0	56.76	1.0
50148.0	27.4	27.43	833.32	19.87	9.0	2305.21	3600.0	54.71	1.0
50189.0	27.38	27.5	833.32	19.87	9.0	2420.92	3600.0	54.73	1.0
50242.0	27.3	27.45	833.32	19.86	9.0	2348.52	3600.0	54.73	1.0
50283.0	27.27	27.47	833.32	19.87	9.0	2351.1	3600.0	56.77	1.0
50336.0	27.28	27.41	833.32	19.88	9.0	2339.73	3600.0	56.84	1.0
50380.0	27.3	27.41	833.32	19.87	9.0	2366.3	3600.0	54.88	1.0
50427.0	27.21	27.34	833.32	19.87	9.0	2280.33	3600.0	54.79	1.0
50475.0	27.27	27.29	833.32	19.86	9.0	2325.58	3600.0	56.69	1.0
50522.0	27.23	27.31	833.32	19.86	9.0	2300.97	3600.0	56.74	1.0
50566.0	27.04	27.21	833.32	19.87	9.0	2361.46	3600.0	54.76	1.0
50613.0	27.22	27.31	833.32	19.89	9.0	2407.32	3600.0	54.94	1.0
50666.0	27.2	27.33	833.32	19.88	9.0	2475.25	3600.0	54.87	1.0
50713.0	27.23	27.34	833.32	19.88	9.0	2512.98	3600.0	54.97	1.0
50754.0	27.24	27.35	833.32	19.9	9.0	2589.78	3600.0	54.98	1.0
50802.0	27.31	27.36	833.32	19.88	9.0	2393.11	3600.0	54.87	1.0
50849.0	27.31	27.38	833.32	19.89	9.0	2649.71	3600.0	55.0	1.0
50902.0	27.22	27.34	833.32	19.89	9.0	2417.79	3600.0	54.93	1.0
50944.0	27.25	27.34	833.32	19.87	9.0	2547.12	3600.0	54.81	1.0
50984.0	27.26	27.34	833.32	19.88	9.0	2550.59	3600.0	54.89	1.0
51032.0	27.26	27.35	833.32	19.88	9.0	2557.11	3600.0	54.91	1.0
51085.0	27.28	27.34	833.32	19.89	9.0	2421.31	3600.0	54.91	1.0
51132.0	27.21	27.27	833.32	19.89	9.0	2527.38	3600.0	54.96	1.0
51173.0	27.3	27.25	833.32	19.91	9.0	2529.08	3600.0	55.11	1.0
51212.0	27.23	27.16	833.32	19.9	9.0	2579.09	3600.0	57.03	1.0
51259.0	27.25	27.16	833.32	19.88	9.0	2550.59	3600.0	56.97	1.0
51300.0	27.19	27.11	833.32	19.9	9.0	2621.92	3600.0	56.98	1.0
51356.0	27.25	27.17	833.32	19.88	9.0	2515.93	3600.0	54.96	1.0
51394.0	27.32	27.24	833.32	19.89	9.0	2651.11	3600.0	56.9	1.0
51450.0	27.4	27.27	833.32	19.87	9.0	2637.13	3600.0	54.84	1.0
51497.0	27.37	27.31	833.32	19.88	9.0	2659.1	3600.0	54.86	1.0
51550.0	27.36	27.3	833.32	19.89	9.0	2632.5	3600.0	54.96	1.0
51597.0	27.37	27.27	833.32	19.88	9.0	2683.36	3600.0	54.94	1.0
51645.0	27.26	27.21	833.32	19.88	9.0	2687.21	3600.0	54.85	1.0
51692.0	27.17	26.85	833.32	19.87	9.0	2711.5	3600.0	55.01	1.0
51742.0	27.25	27.1	833.32	19.84	9.0	2651.11	3600.0	54.66	1.0
51789.0	27.25	27.1	833.32	19.86	9.0	2694.93	3600.0	54.79	1.0
51836.0	27.27	27.21	833.32	19.83	9.0	2783.96	3600.0	54.8	1.0
51884.0	27.24	27.33	833.32	19.85	9.0	2678.57	3600.0	54.59	1.0
51931.0	27.31	27.33	833.32	19.77	9.0	2572.9	3600.0	56.82	1.0
51978.0	27.18	27.16	833.32	19.37	9.0	2797.46	3600.0	54.29	1.0
52025.0	27.28	27.27	833.32	19.09	9.0	2573.34	3600.0	50.13	1.0
52066.0	27.2	27.16	833.32	18.93	9.0	2751.28	3600.0	50.24	1.0
52114.0	27.26	27.19	833.32	18.84	9.0	2738.73	3600.0	49.34	1.0
52164.0	27.4	27.39	833.32	18.81	9.0	2699.3	3600.0	48.11	1.0
52217.0	27.36	27.34	833.32	18.9	9.0	2649.71	3600.0	47.39	1.0
52258.0	27.37	27.28	833.32	18.82	9.0	2621.46	3600.0	48.64	1.0
52305.0	27.29	27.25	833.32	19.02	9.0	2706.12	3600.0	47.99	1.0
52346.0	27.27	27.22	833.32	18.87	9.0	2680.96	3600.0	47.85	1.0
52400.0	27.29	27.21	833.32	19.14	9.0	2732.74	3600.0	48.73	1.0
52447.0	27.34	27.16	833.32	18.57	9.0	2583.98	3600.0	48.13	1.0
52494.0	27.29	27.19	833.32	18.21	9.0	2730.75	3600.0	44.24	1.0
52536.0	27.34	27.18	833.32	17.98	9.0	2674.27	3600.0	40.3	1.0
52583.0	27.35	27.18	833.32	17.83	9.0	2686.25	3600.0	40.55	1.0
52630.0	27.51	27.41	833.32	17.78	9.0	2681.92	3600.0	39.37	1.0
52671.0	27.36	27.24	833.32	17.82	9.0	2698.33	3600.0	39.47	1.0
52718.0	27.36	27.24	833.32	17.63	9.0	2692.03	3600.0	36.71	1.0
52766.0	27.29	27.23	833.32	17.83	9.0	2732.24	3600.0	39.9	1.0
52807.0	27.14	27.12	833.32	17.8	9.0	2709.05	3600.0	39.36	1.0
52864.0	27.31	27.19	833.32	17.8	9.0	2655.34	3600.0	37.85	1.0
52904.0	27.41	27.26	833.32	17.89	9.0	2690.1	3600.0	38.13	1.0
52958.0	27.3	27.17	833.32	17.66	9.0	2699.3	3600.0	37.61	1.0
52999.0	27.46	27.35	833.32	17.51	9.0	2660.05	3600.0	38.01	1.0
53047.0	27.19	27.11	833.32	17.5	9.0	2626.05	3600.0	37.15	1.0
53094.0	27.32	27.25	833.32	17.41	9.0	2735.23	3600.0	34.74	1.0
53135.0	27.28	27.2	833.32	17.4	9.0	2594.26	3600.0	34.39	1.0
53182.0	27.33	27.16	833.32	17.45	9.0	2737.23	3600.0	34.51	1.0
53235.0	27.36	27.16	833.32	17.51	9.0	2630.66	3600.0	34.88	1.0
53276.0	27.44	27.27	833.32	17.58	9.0	2644.57	3600.0	38.02	1.0
53323.0	27.38	27.24	833.32	17.7	9.0	2684.32	3600.0	38.5	1.0
53371.0	27.49	27.31	833.32	17.76	9.0	2578.21	3600.0	39.81	1.0
53419.0	27.46	27.19	833.32	17.67	9.0	2613.24	3600.0	39.18	1.0
53466.0	27.41	27.17	833.32	17.59	9.0	2583.53	3600.0	35.84	1.0
53513.0	27.32	27.15	833.32	17.51	9.0	2633.89	3600.0	35.2	1.0
53563.0	27.31	27.13	833.32	17.5	9.0	2739.23	3600.0	35.02	1.0
53601.0	27.3	27.15	833.32	17.44	9.0	2645.97	3600.0	36.4	1.0
53648.0	27.28	27.16	833.32	17.4	9.0	2626.51	3600.0	37.15	1.0
53699.0	27.26	28.08	833.32	17.31	9.0	2576.43	3500.0	35.32	1.0
53737.0	27.27	27.75	833.32	17.46	9.0	2677.14	3600.0	33.71	1.0
53784.0	27.18	27.49	833.32	17.35	9.0	2716.41	3600.0	34.55	1.0
53834.0	27.18	27.36	833.32	17.35	9.0	2682.88	3600.0	36.01	1.0
53881.0	27.28	27.31	833.32	17.35	9.0	2794.86	3600.0	35.74	1.0
53929.0	27.27	27.22	833.32	17.09	9.0	2566.73	3600.0	31.66	1.0
53977.0	27.37	27.21	833.32	16.86	9.0	2675.7	3600.0	31.5	1.0
54024.0	27.32	27.2	833.32	16.77	9.0	2740.23	3600.0	28.02	1.0
54071.0	27.28	27.22	833.32	16.73	9.0	2620.55	3600.0	28.89	1.0
54118.0	27.24	27.19	833.32	16.68	9.0	2650.64	3600.0	27.62	1.0
54165.0	27.22	27.14	833.32	16.68	9.0	2560.16	3600.0	28.64	1.0
54207.0	27.1	27.07	833.32	16.72	9.0	2673.32	3600.0	29.62	1.0
54254.0	27.24	27.16	833.32	16.86	9.0	2510.88	3600.0	30.03	1.0
54301.0	27.34	27.29	833.32	16.9	9.0	2597.4	3600.0	30.92	1.0
54348.0	27.37	27.59	833.32	17.03	9.0	2695.9	3600.0	30.21	1.0
54395.0	27.29	27.5	833.32	17.19	9.0	2485.5	3600.0	30.69	1.0
54436.0	27.26	27.28	833.32	17.47	9.0	2682.88	3600.0	35.51	1.0
54483.0	27.29	27.26	833.32	17.41	9.0	2568.49	3600.0	36.21	1.0
54531.0	27.29	27.35	833.32	17.5	9.0	2656.28	3600.0	36.38	1.0
54579.0	27.3	27.28	833.32	17.39	9.0	2686.25	3600.0	36.92	1.0
54629.0	27.38	27.41	833.32	17.41	9.0	2701.24	3600.0	34.74	1.0
54667.0	27.33	27.35	833.32	17.3	9.0	2598.75	3600.0	35.99	1.0
54723.0	27.33	27.28	833.32	17.37	9.0	2499.17	3600.0	34.0	1.0
54761.0	27.35	27.21	833.32	17.48	9.0	2625.13	3600.0	36.4	1.0
54817.0	27.23	27.19	833.32	17.42	9.0	2657.22	3600.0	34.34	1.0
54856.0	27.25	27.22	833.32	17.27	9.0	2571.13	3600.0	35.67	1.0
54897.0	27.41	27.32	833.32	16.98	9.0	2799.55	3600.0	32.05	1.0
54944.0	27.4	27.35	833.32	16.66	9.0	2573.34	3600.0	27.78	1.0
54994.0	27.44	27.3	833.32	16.41	9.0	2617.8	3600.0	26.1	1.0
55043.0	27.22	27.14	833.32	16.27	9.0	2561.04	3600.0	22.79	1.0
55080.0	27.24	27.2	833.32	16.43	9.0	2625.13	3600.0	25.97	1.0
55137.0	27.09	27.19	833.32	16.4	9.0	2414.29	3600.0	24.27	1.0
55175.0	27.23	27.25	833.32	16.41	9.0	2383.98	3600.0	26.49	1.0
55222.0	27.2	27.27	833.32	16.28	9.0	2533.36	3600.0	25.36	1.0
55270.0	27.23	27.25	833.32	16.25	9.0	2360.35	3600.0	21.96	1.0
55317.0	26.79	26.71	833.32	16.74	9.0	2620.09	3600.0	28.67	1.0
55364.0	26.84	26.82	833.32	16.67	9.0	2405.0	3600.0	28.16	1.0
55405.0	26.88	26.98	833.32	16.64	9.0	2518.05	3600.0	27.43	1.0
55443.0	26.95	27.02	833.32	16.6	9.0	2532.07	3600.0	25.81	1.0
55499.0	27.25	27.3	833.32	16.45	9.0	2502.08	3600.0	24.75	1.0
55538.0	27.21	27.17	833.32	16.54	9.0	2524.83	3600.0	27.0	1.0
55585.0	27.24	27.25	833.32	16.6	9.0	2557.98	3600.0	26.0	1.0
55632.0	27.14	27.12	833.32	16.46	9.0	2328.11	3600.0	27.28	1.0
55680.0	27.21	27.25	833.32	16.23	9.0	2445.79	3600.0	22.92	1.0
55720.0	27.17	27.17	833.32	16.33	9.0	2376.43	3600.0	22.92	1.0
55764.0	27.28	27.17	833.32	16.36	9.0	2256.32	3600.0	25.79	1.0
55812.0	27.12	27.12	833.32	16.29	9.0	2323.06	3600.0	23.09	1.0
55854.0	27.07	27.1	833.32	16.33	9.0	2436.65	3600.0	23.05	1.0
55907.0	27.13	26.9	833.32	16.69	9.0	2209.46	3600.0	27.76	1.0
55945.0	27.3	27.11	833.32	17.01	9.0	2317.32	3600.0	29.98	1.0
55992.0	27.21	27.01	833.32	17.1	9.0	2375.67	3600.0	30.68	1.0
56039.0	27.15	26.91	833.32	17.08	9.0	2203.94	3600.0	31.07	1.0
56086.0	27.17	27.01	833.32	17.32	9.0	2413.52	3600.0	32.34	1.0
56125.0	27.12	26.96	833.32	17.24	9.0	2291.13	3600.0	34.99	1.0
56177.0	27.22	26.98	833.32	17.12	9.0	2312.32	3600.0	34.05	1.0
56225.0	27.3	26.93	833.32	17.13	9.0	2377.18	3600.0	33.54	1.0
56266.0	27.23	26.91	833.32	17.18	9.0	2449.38	3600.0	30.6	1.0
56320.0	27.22	26.97	833.32	17.15	9.0	2516.36	3600.0	32.13	1.0
56360.0	27.26	27.1	833.32	16.93	9.0	2305.92	3600.0	32.08	1.0
56404.0	27.16	27.0	833.32	16.64	9.0	2331.0	3600.0	30.64	1.0
56452.0	27.24	27.05	833.32	16.41	9.0	2383.6	3600.0	27.05	1.0
56499.0	27.13	26.92	833.32	16.33	9.0	2249.21	3600.0	23.32	1.0
56546.0	27.15	27.05	833.32	16.28	9.0	2298.5	3600.0	22.26	1.0
56593.0	26.96	26.97	833.32	16.61	9.0	2186.91	3600.0	27.17	1.0
56637.0	27.17	27.14	833.32	17.04	9.0	2344.48	3600.0	31.09	1.0
56684.0	27.12	27.2	833.32	17.27	9.0	2347.42	3600.0	33.93	1.0
56732.0	27.29	27.49	833.32	17.4	9.0	2400.77	3600.0	34.51	1.0
56770.0	27.35	27.46	833.32	17.35	9.0	2309.47	3600.0	35.73	1.0
56817.0	27.31	27.38	833.32	17.6	9.0	2250.9	3600.0	36.64	1.0
56864.0	27.25	27.29	833.32	17.12	9.0	2323.42	3600.0	35.58	1.0
56911.0	27.39	27.44	833.32	16.94	9.0	2199.41	3600.0	29.72	1.0
56949.0	27.36	27.34	833.32	16.76	9.0	2321.62	3600.0	28.65	1.0
57003.0	27.3	27.26	833.32	16.83	9.0	2321.62	3600.0	28.83	1.0
57044.0	27.35	27.27	833.32	16.83	9.0	2365.18	3600.0	29.08	1.0
57082.0	27.45	27.37	833.32	16.79	9.0	2284.5	3600.0	30.2	1.0
57129.0	27.38	27.32	833.32	16.82	9.0	2169.2	3600.0	30.5	1.0
57183.0	27.23	27.26	833.32	16.48	9.0	2255.3	3600.0	26.21	1.0
57225.0	27.28	27.33	833.32	16.34	9.0	2299.56	3600.0	25.37	1.0
57272.0	27.2	27.16	833.32	16.46	9.0	2392.34	3600.0	26.5	1.0
57316.0	27.22	27.22	833.32	16.61	9.0	2282.06	3600.0	25.21	1.0
57363.0	27.23	27.31	833.32	16.53	9.0	2483.44	3600.0	25.36	1.0
57404.0	27.3	27.36	833.32	16.16	9.0	2245.85	3600.0	21.88	1.0
57451.0	27.35	27.5	833.32	16.44	9.0	2499.17	3600.0	26.16	1.0
57496.0	27.3	27.43	833.32	16.42	9.0	2409.64	3600.0	25.33	1.0
57548.0	27.26	27.56	833.32	16.5	9.0	2219.59	3600.0	25.19	1.0
57590.0	27.26	27.53	833.32	16.23	9.0	2280.67	3600.0	25.0	1.0
57637.0	27.26	27.6	833.32	16.41	9.0	2328.11	3600.0	25.5	1.0
57684.0	27.28	27.56	833.32	16.31	9.0	2398.08	3600.0	23.19	1.0
57732.0	27.44	27.7	833.32	16.4	9.0	2393.87	3600.0	25.98	1.0
57769.0	27.35	27.68	833.32	16.21	9.0	2457.4	3600.0	23.64	1.0
57823.0	27.33	27.57	833.32	16.12	9.0	2226.84	3600.0	21.3	1.0
57870.0	27.37	27.61	833.32	16.07	9.0	2497.92	3600.0	23.85	1.0
57912.0	27.32	27.67	833.32	15.95	9.0	2266.2	3600.0	21.03	1.0
57959.0	27.26	27.64	833.32	16.1	9.0	2500.0	3600.0	21.01	1.0
58003.0	27.37	27.8	833.32	16.02	9.0	2409.25	3600.0	21.86	1.0
58055.0	27.3	27.81	833.32	16.05	9.0	2233.8	3600.0	22.03	1.0
58102.0	27.4	27.86	833.32	16.0	9.0	2344.12	3600.0	18.41	1.0
58150.0	27.42	27.96	833.32	16.04	9.0	2348.52	3600.0	20.04	1.0
58191.0	27.37	27.8	833.32	15.86	9.0	2457.4	3600.0	20.29	1.0
58238.0	27.39	27.63	833.32	15.77	9.0	2324.14	3600.0	17.2	1.0
58286.0	27.36	27.59	833.32	15.67	9.0	2407.7	3600.0	16.13	1.0
58339.0	27.35	27.56	833.32	15.68	9.0	2444.99	3600.0	17.6	1.0
58386.0	27.28	27.39	833.32	15.76	9.0	2503.76	3600.0	17.91	1.0
58424.0	27.26	27.41	833.32	15.66	9.0	2368.92	3600.0	16.11	1.0
58472.0	27.26	27.33	833.32	15.69	9.0	2617.8	3600.0	15.6	1.0
58519.0	27.14	26.93	833.32	15.67	9.0	2389.68	3600.0	17.39	1.0
58566.0	27.22	27.11	833.32	15.68	9.0	2504.17	3600.0	17.26	1.0
58613.0	27.13	27.12	833.32	15.62	9.0	2498.75	3600.0	16.14	1.0
58654.0	27.27	27.37	833.32	15.81	9.0	2572.46	3600.0	19.66	1.0
58702.0	27.26	27.29	833.32	15.74	8.0	2377.56	3600.0	16.72	1.0
58756.0	27.21	27.36	833.32	15.69	8.0	2615.52	3600.0	16.65	1.0
58803.0	27.02	27.3	833.32	15.59	9.0	2382.09	3600.0	16.76	1.0
58850.0	27.21	27.44	833.32	15.7	9.0	2559.73	3600.0	17.98	1.0
58903.0	27.14	27.4	833.32	15.77	9.0	2331.0	3600.0	18.95	1.0
58950.0	27.22	27.51	833.32	15.84	9.0	2455.39	3600.0	19.89	1.0
58997.0	27.19	27.48	833.32	15.8	9.0	2433.88	3600.0	17.0	1.0
59044.0	27.22	27.48	833.32	15.9	9.0	2413.9	3600.0	18.53	1.0
59088.0	27.2	27.51	833.32	15.69	9.0	2295.33	3600.0	17.23	1.0
59136.0	27.27	27.84	833.32	15.82	9.0	2277.9	3600.0	16.92	1.0
59177.0	27.26	27.72	833.32	15.76	9.0	2092.34	3600.0	19.42	1.0
59222.0	27.31	27.71	833.32	15.86	9.0	2265.18	3600.0	16.92	1.0
59275.0	27.17	27.59	833.32	16.08	9.0	2182.14	3600.0	20.74	1.0
59322.0	27.22	27.55	833.32	16.83	9.0	2279.64	3600.0	29.02	1.0
59369.0	27.2	27.54	833.32	17.08	9.0	2225.52	3600.0	31.92	1.0
59413.0	27.14	27.41	833.32	18.01	9.0	2149.0	3600.0	38.11	1.0
59460.0	27.06	27.36	833.32	17.75	9.0	2211.74	3600.0	39.62	1.0
59507.0	27.06	27.23	833.32	18.55	9.0	2209.46	3600.0	45.26	1.0
59551.0	27.05	27.35	833.32	19.0	9.0	2084.2	3600.0	48.16	1.0
59604.0	27.02	27.26	833.32	19.36	9.0	2246.52	3600.0	52.12	1.0
59652.0	27.15	27.41	833.32	19.55	9.0	2166.06	3600.0	52.12	1.0
59689.0	27.13	27.36	833.32	19.66	9.0	2211.74	3600.0	54.84	1.0
59737.0	27.22	27.4	833.32	19.75	9.0	2175.8	3600.0	53.84	1.0
59784.0	27.23	27.39	833.32	19.81	9.0	2255.3	3600.0	54.37	1.0
59831.0	26.93	27.21	833.32	19.85	9.0	2312.67	3600.0	54.75	1.0
59875.0	27.08	27.37	833.32	19.86	9.0	2240.48	3600.0	56.75	1.0
59922.0	27.13	27.34	833.32	19.88	9.0	2321.98	3600.0	56.93	1.0
59964.0	27.16	27.41	833.32	19.88	9.0	2359.23	3600.0	56.96	1.0
60016.0	27.0	27.11	833.32	19.88	9.0	2108.81	3600.0	56.97	1.0
60060.0	27.11	27.21	833.32	19.89	9.0	2243.16	3600.0	55.07	1.0
60107.0	26.82	27.07	833.32	19.9	9.0	2217.62	3600.0	55.12	1.0
60154.0	27.07	27.45	833.32	19.91	9.0	2242.82	3600.0	55.18	1.0
60198.0	27.06	27.33	833.32	19.91	9.0	2122.54	3600.0	57.17	1.0
60246.0	27.26	27.36	833.32	19.92	9.0	2224.53	3600.0	57.27	1.0
60288.0	27.16	27.28	833.32	19.91	9.0	2072.97	3600.0	57.15	1.0
60337.0	27.3	27.5	833.32	19.89	9.0	1969.28	3600.0	55.05	1.0
60390.0	27.3	27.55	833.32	19.89	9.0	2124.34	3600.0	55.03	1.0
60437.0	27.24	27.59	833.32	19.89	9.0	2163.88	3600.0	55.09	1.0
60481.0	27.33	27.71	833.32	19.88	9.0	2207.51	3600.0	57.03	1.0
60534.0	27.22	27.68	833.32	19.9	9.0	2210.11	3600.0	57.05	1.0
60587.0	27.19	27.73	833.32	19.91	9.0	2072.4	3600.0	57.14	1.0
60625.0	27.2	27.53	833.32	19.9	9.0	2081.89	3600.0	55.17	1.0
60673.0	27.35	27.85	833.32	19.91	9.0	2185.63	3600.0	55.21	1.0
60720.0	27.38	27.81	833.32	19.9	9.0	2208.81	3600.0	55.1	1.0
60767.0	27.33	27.82	833.32	19.89	9.0	2155.79	3600.0	55.09	1.0
60816.0	27.37	27.78	833.32	19.9	9.0	2242.15	3600.0	57.17	1.0
60863.0	27.35	27.74	833.32	19.9	9.0	2290.78	3600.0	57.11	1.0
60905.0	27.36	27.69	833.32	19.89	9.0	2347.05	3600.0	57.02	1.0
60957.0	27.34	27.66	833.32	19.9	9.0	2419.75	3600.0	57.13	1.0
60996.0	27.34	27.74	833.32	19.88	9.0	2368.55	3600.0	55.11	1.0
61058.0	27.27	27.69	833.32	19.9	9.0	2292.53	3600.0	57.11	1.0
61111.0	27.21	27.68	833.32	19.9	9.0	2571.13	3600.0	57.14	1.0
61158.0	27.27	27.62	833.32	19.9	9.0	2340.82	3600.0	57.13	1.0
61205.0	27.34	27.64	833.32	19.89	9.0	2497.92	3600.0	57.02	1.0
61258.0	27.27	27.61	833.32	19.91	9.0	2303.44	3600.0	57.17	1.0
61305.0	27.39	27.73	833.32	19.91	9.0	2552.76	3600.0	57.22	1.0
61352.0	27.36	27.66	833.32	19.91	9.0	2501.67	3600.0	57.2	1.0
61405.0	27.25	27.73	833.32	19.91	9.0	2590.67	3600.0	57.2	1.0
61447.0	27.31	27.71	833.32	19.91	9.0	2576.88	3600.0	57.16	1.0
61499.0	27.18	27.32	833.32	19.9	9.0	2668.09	3600.0	57.16	1.0
61541.0	27.36	27.57	833.32	19.91	9.0	2499.58	3600.0	57.28	1.0
61588.0	26.91	27.24	833.32	19.91	9.0	2582.2	3600.0	57.19	1.0
61635.0	27.1	27.46	833.32	19.9	9.0	2600.55	3600.0	57.2	1.0
61688.0	27.04	27.18	833.32	19.92	9.0	2589.78	3600.0	57.26	1.0
61729.0	27.11	27.33	833.32	19.92	9.0	2574.67	3600.0	57.29	1.0
61776.0	27.13	27.44	833.32	19.9	9.0	2369.29	3600.0	57.19	1.0
61824.0	27.13	27.3	833.32	19.91	9.0	2486.74	3600.0	57.21	1.0
61864.0	27.15	27.48	833.32	19.9	9.0	2589.78	3600.0	57.17	1.0
61913.0	27.13	27.53	833.32	19.9	9.0	2422.48	3600.0	57.2	1.0
61960.0	27.26	27.89	833.32	19.91	9.0	2526.1	3600.0	57.21	1.0
62007.0	27.26	27.79	833.32	19.91	9.0	2647.37	3600.0	57.26	1.0
62054.0	27.28	27.77	833.32	19.89	9.0	2444.99	3600.0	57.12	1.0
62101.0	27.32	27.87	833.32	19.88	9.0	2606.88	3600.0	57.03	1.0
62148.0	27.1	27.49	833.32	19.89	9.0	2697.36	3600.0	57.05	1.0
62195.0	27.25	27.65	833.32	19.9	9.0	2640.84	3600.0	57.19	1.0
62254.0	26.91	27.41	833.32	19.92	9.0	2605.52	3600.0	57.33	1.0
62310.0	27.04	27.53	833.32	19.92	9.0	2568.93	3600.0	55.33	1.0
62357.0	26.89	27.46	833.32	19.93	9.0	2530.79	3600.0	55.44	1.0
62404.0	26.99	27.63	833.32	19.92	9.0	2498.33	3600.0	55.36	1.0
62457.0	26.95	27.77	833.32	19.91	9.0	2316.24	3600.0	55.29	1.0
62504.0	27.1	27.71	833.32	19.9	9.0	2533.78	3600.0	55.25	1.0
62552.0	27.05	27.91	833.32	19.91	9.0	2457.0	3600.0	55.31	1.0
62605.0	27.17	27.86	833.32	19.91	9.0	2459.42	3600.0	55.34	1.0
62643.0	27.25	27.81	833.32	19.9	9.0	2537.64	3600.0	57.31	1.0
62696.0	27.28	27.87	833.32	19.89	9.0	2287.98	3600.0	57.18	1.0
62743.0	27.31	28.03	833.32	19.88	9.0	2478.93	3500.0	57.09	1.0
62790.0	27.32	27.98	833.32	19.89	9.0	2267.92	3600.0	57.12	1.0
62837.0	27.29	27.88	833.32	19.9	9.0	2470.36	3600.0	57.19	1.0
62878.0	27.3	27.83	833.32	19.89	9.0	2368.55	3600.0	57.14	1.0
62931.0	27.44	27.87	833.32	19.88	9.0	2235.47	3600.0	57.02	1.0
62976.0	27.38	27.87	833.32	19.87	9.0	2141.33	3600.0	55.04	1.0
63023.0	27.29	27.82	833.32	19.89	9.0	2385.5	3600.0	55.09	1.0
63076.0	27.18	28.14	833.32	19.74	9.0	2430.33	3500.0	55.03	1.0
63117.0	27.22	27.91	833.32	19.59	9.0	2355.16	3600.0	55.22	1.0
63170.0	27.09	27.89	833.32	19.43	9.0	2481.8	3600.0	52.03	1.0
63217.0	27.12	28.14	833.32	19.35	9.0	2440.21	3500.0	51.26	1.0
63264.0	27.18	28.09	833.32	19.27	9.0	2489.63	3500.0	52.53	1.0
63306.0	27.17	28.18	833.32	19.24	9.0	2588.88	3500.0	52.23	1.0
63358.0	27.23	28.1	833.32	19.2	9.0	2373.79	3500.0	51.96	1.0
63406.0	27.22	28.51	833.32	19.22	9.0	2627.89	3500.0	51.75	1.0
63453.0	27.32	28.5	833.32	19.19	9.0	2400.77	3500.0	51.85	1.0
63492.0	27.32	28.26	833.32	19.18	9.0	2304.86	3500.0	49.79	1.0
63539.0	27.38	28.23	833.32	19.25	9.0	2510.04	3500.0	50.08	1.0
63586.0	27.39	28.16	833.32	19.2	9.0	2560.6	3500.0	50.0	1.0
63633.0	27.45	28.08	833.32	19.25	9.0	2586.21	3500.0	50.1	1.0
63680.0	27.42	27.96	833.32	19.24	9.0	2545.82	3600.0	50.38	1.0
63727.0	27.36	27.99	833.32	19.31	9.0	2577.76	3600.0	50.55	1.0
63774.0	27.28	27.86	833.32	19.3	9.0	2554.06	3600.0	50.79	1.0
63821.0	27.45	27.84	833.32	19.28	9.0	2427.58	3600.0	50.72	1.0
63869.0	27.25	27.76	833.32	19.29	9.0	2451.38	3600.0	50.76	1.0
63917.0	27.35	27.91	833.32	19.24	9.0	2538.5	3600.0	50.34	1.0
63958.0	27.22	27.95	833.32	19.25	9.0	2573.34	3600.0	50.37	1.0
64005.0	27.25	27.97	833.32	19.21	9.0	2431.12	3600.0	50.07	1.0
64052.0	27.37	28.33	833.32	19.23	9.0	2515.93	3500.0	49.88	1.0
64099.0	27.4	28.2	833.32	19.2	9.0	2560.6	3500.0	49.97	1.0
64146.0	27.52	28.25	833.32	19.23	9.0	2346.68	3500.0	49.91	1.0
64193.0	27.49	28.19	833.32	19.22	9.0	2608.24	3500.0	50.09	1.0
64232.0	27.47	28.14	833.32	19.19	9.0	2523.55	3500.0	52.01	1.0
64279.0	27.43	28.19	833.32	19.25	9.0	2400.77	3500.0	52.08	1.0
64326.0	27.41	28.24	833.32	19.22	9.0	2495.01	3500.0	52.11	1.0
64373.0	27.5	28.23	833.32	19.25	9.0	2510.46	3500.0	52.12	1.0
64420.0	27.42	28.61	833.32	19.26	9.0	2564.98	3500.0	52.45	1.0
64477.0	27.32	28.37	833.32	19.31	9.0	2664.77	3500.0	50.83	1.0
64515.0	27.25	28.37	833.32	19.29	9.0	2568.05	3500.0	52.79	1.0
64562.0	27.28	28.22	833.32	19.24	9.0	2528.66	3500.0	52.3	1.0
64609.0	27.27	28.28	833.32	19.21	9.0	2564.1	3500.0	52.07	1.0
64656.0	27.28	28.18	833.32	19.2	9.0	2552.76	3500.0	51.98	1.0
64703.0	27.3	28.36	833.32	19.17	9.0	2573.78	3500.0	51.73	1.0
64751.0	27.28	28.62	833.32	19.17	9.0	2547.12	3500.0	51.71	1.0
64792.0	27.27	28.66	833.32	19.2	9.0	2536.35	3500.0	51.62	1.0
64839.0	27.27	28.34	833.32	19.22	9.0	2585.32	3500.0	52.11	1.0
64881.0	27.31	28.23	833.32	19.19	9.0	2574.67	3500.0	51.9	1.0
64928.0	27.28	28.14	833.32	19.28	9.0	2507.1	3500.0	52.32	1.0
64975.0	27.27	30.24	833.32	19.23	9.0	2439.42	3500.0	52.18	1.0
65013.0	27.34	29.76	833.32	19.28	9.0	2565.42	3500.0	50.38	1.0
65067.0	27.29	29.09	833.32	19.27	9.0	2391.96	3500.0	50.56	1.0
65114.0	27.39	29.36	833.32	19.27	9.0	2484.27	3500.0	50.73	1.0
65161.0	27.31	28.99	833.32	19.27	9.0	2483.03	3500.0	50.63	1.0
65208.0	27.32	28.83	833.32	19.22	9.0	2510.46	3500.0	50.15	1.0
65255.0	27.36	28.88	833.32	19.2	9.0	2575.55	3500.0	50.0	1.0
65308.0	27.33	28.99	833.32	19.22	9.0	2390.06	3500.0	50.19	1.0
65355.0	27.19	28.54	833.32	19.22	9.0	2575.55	3500.0	50.21	1.0
65402.0	27.3	28.37	833.32	19.18	9.0	2358.12	3500.0	49.85	1.0
65449.0	27.27	28.21	833.32	19.23	9.0	2541.94	3500.0	50.28	1.0
65497.0	27.37	28.59	833.32	19.2	9.0	2341.92	3500.0	50.05	1.0
65544.0	27.27	28.37	833.32	19.23	9.0	2585.32	3500.0	50.2	1.0
65586.0	27.27	28.3	833.32	19.2	9.0	2360.35	3500.0	50.05	1.0
65639.0	27.19	28.08	833.32	19.23	9.0	2587.1	3500.0	50.25	1.0
65677.0	27.26	28.07	833.32	19.19	9.0	2495.84	3500.0	52.08	1.0
65724.0	27.26	28.21	833.32	19.21	9.0	2420.92	3500.0	51.85	1.0
65771.0	27.29	28.36	833.32	19.19	9.0	2418.96	3500.0	51.94	1.0
65818.0	27.3	28.58	833.32	19.16	9.0	2498.33	3500.0	51.82	1.0
65871.0	27.33	28.4	833.32	19.16	9.0	2302.38	3500.0	51.62	1.0
65912.0	27.27	28.64	833.32	19.16	9.0	2636.2	3500.0	51.65	1.0
65966.0	27.32	28.41	833.32	19.16	9.0	2435.06	3500.0	51.61	1.0
66008.0	27.39	28.31	833.32	19.23	9.0	2512.14	3500.0	51.87	1.0
66061.0	27.16	28.38	833.32	19.23	9.0	2525.68	3500.0	52.2	1.0
66102.0	27.28	28.54	833.32	19.25	9.0	2571.13	3500.0	52.38	1.0
66164.0	27.25	28.19	833.32	19.27	9.0	2687.21	3500.0	50.59	1.0
66217.0	27.28	28.94	833.32	19.25	9.0	2480.16	3500.0	50.48	1.0
66258.0	27.16	28.55	833.32	19.24	9.0	2699.3	3500.0	50.51	1.0
66306.0	27.22	28.78	833.32	19.21	9.0	2478.11	3500.0	50.07	1.0
66353.0	27.24	28.56	833.32	19.22	9.0	2593.36	3500.0	50.15	1.0
66400.0	27.22	28.69	833.32	19.2	9.0	2416.24	3500.0	50.0	1.0
66453.0	27.26	28.7	833.32	19.49	9.0	2660.05	3500.0	53.86	1.0
66494.0	27.14	28.37	833.32	19.64	9.0	2670.94	3500.0	55.23	1.0
66547.0	27.25	28.5	833.32	19.77	9.0	2502.08	3500.0	56.05	1.0
66589.0	27.18	28.26	833.32	19.81	9.0	2703.68	3500.0	56.59	1.0
66636.0	27.43	28.36	833.32	19.86	9.0	2485.91	3500.0	56.97	1.0
66716.0	27.31	28.18	833.32	19.88	9.0	2616.43	3500.0	57.17	1.0
66784.0	27.32	28.07	833.32	19.9	9.0	2606.88	3500.0	55.28	1.0
66831.0	27.36	28.14	833.32	19.91	9.0	2420.14	3500.0	55.38	1.0
66884.0	27.36	28.2	833.32	19.93	9.0	2657.22	3500.0	55.51	1.0
66925.0	27.35	28.2	833.32	19.94	9.0	2428.76	3500.0	55.6	1.0
66972.0	27.44	28.28	833.32	19.93	9.0	2604.62	3500.0	55.53	1.0
67019.0	27.45	28.4	833.32	19.93	9.0	2416.63	3500.0	55.53	1.0
67073.0	27.46	28.45	833.32	19.93	9.0	2676.18	3500.0	55.56	1.0
67120.0	27.39	28.3	833.32	19.93	9.0	2665.25	3500.0	55.58	1.0
67167.0	27.36	28.33	833.32	19.93	9.0	2465.48	3500.0	55.58	1.0
67209.0	27.28	28.4	833.32	19.93	9.0	2693.0	3500.0	55.57	1.0
67256.0	27.31	28.38	833.32	19.93	9.0	2467.11	3500.0	55.6	1.0
67303.0	27.24	28.39	833.32	19.94	9.0	2635.28	3500.0	55.61	1.0
67350.0	27.27	28.76	833.32	19.94	9.0	2454.19	3500.0	55.62	1.0
67397.0	27.33	28.63	833.32	19.93	9.0	2701.73	3500.0	55.57	1.0
67444.0	27.36	28.51	833.32	19.94	9.0	2523.55	3500.0	55.6	1.0
67491.0	27.39	28.47	833.32	19.94	9.0	2528.66	3500.0	55.63	1.0
67538.0	27.47	28.49	833.32	19.94	9.0	2656.75	3500.0	55.62	1.0
67587.0	27.34	28.38	833.32	19.93	9.0	2403.08	3500.0	55.59	1.0
67634.0	27.35	28.49	833.32	19.94	9.0	2544.96	3500.0	55.65	1.0
67675.0	27.28	28.52	833.32	19.94	9.0	2444.59	3500.0	55.68	1.0
67722.0	27.37	28.43	833.32	19.94	9.0	2513.4	3500.0	55.65	1.0
67769.0	27.38	28.44	833.32	19.94	9.0	2551.02	3500.0	55.67	1.0
67822.0	27.45	28.54	833.32	19.95	9.0	2314.81	3500.0	55.72	1.0
67855.0	27.3	29.24	833.32	19.92	9.0	2486.74	3500.0	57.65	1.0
67908.0	27.29	28.88	833.32	19.94	9.0	2480.16	3500.0	57.55	1.0
67955.0	27.24	28.37	833.32	19.93	9.0	2442.2	3500.0	57.63	1.0
68002.0	27.33	28.55	833.32	19.93	9.0	2417.02	3500.0	57.54	1.0
68049.0	27.12	28.32	833.32	19.94	9.0	2491.69	3500.0	57.66	1.0
68097.0	27.22	28.33	833.32	19.94	9.0	2356.27	3500.0	57.59	1.0
68139.0	27.2	28.23	833.32	19.93	9.0	2447.78	3500.0	57.6	1.0
68203.0	27.28	28.34	833.32	19.93	9.0	2347.42	3500.0	57.63	1.0
68250.0	27.19	28.23	833.32	19.93	9.0	2442.2	3500.0	57.6	1.0
68303.0	27.22	28.6	833.32	19.94	9.0	2236.8	3500.0	57.63	1.0
68344.0	27.16	28.52	833.32	19.94	9.0	2424.83	3500.0	57.62	1.0
68391.0	27.22	28.52	833.32	19.94	9.0	2217.62	3500.0	57.61	1.0
68435.0	27.24	28.56	833.32	19.93	9.0	2250.22	3500.0	55.6	1.0
68489.0	27.36	28.56	833.32	19.93	9.0	2261.08	3500.0	55.63	1.0
68530.0	27.38	28.46	833.32	19.93	9.0	2215.66	3500.0	55.64	1.0
68577.0	27.33	28.42	833.32	19.94	9.0	2203.29	3500.0	55.65	1.0
68621.0	27.3	28.36	833.32	19.91	9.0	2349.62	3500.0	57.48	1.0
68669.0	27.27	28.8	833.32	19.93	9.0	2285.19	3500.0	57.51	1.0
68721.0	27.22	28.82	833.32	19.92	9.0	2291.48	3500.0	57.47	1.0
68763.0	27.41	28.82	833.32	19.92	9.0	2286.59	3500.0	57.55	1.0
68807.0	27.46	28.74	833.32	19.92	9.0	2218.93	3500.0	55.59	1.0
68854.0	27.42	28.62	833.32	19.94	9.0	2316.24	3500.0	55.68	1.0
68908.0	27.35	28.67	833.32	19.92	9.0	2187.23	3500.0	55.52	1.0
68955.0	27.3	28.6	833.32	19.92	9.0	2236.14	3500.0	55.53	1.0
69008.0	27.46	28.91	833.32	19.93	9.0	2290.78	3500.0	55.58	1.0
69055.0	27.34	28.69	833.32	19.94	9.0	2387.77	3500.0	55.63	1.0
69093.0	27.37	28.77	833.32	19.93	9.0	2342.29	3500.0	57.61	1.0
69140.0	27.23	28.59	833.32	19.94	9.0	2374.92	3500.0	57.64	1.0
69193.0	27.38	28.65	833.32	19.93	9.0	2394.64	3500.0	57.61	1.0
69234.0	27.31	28.48	833.32	19.93	9.0	2411.58	3500.0	57.6	1.0
69287.0	27.54	28.84	833.32	19.93	9.0	2351.83	3500.0	57.59	1.0
69341.0	27.36	28.56	833.32	19.94	9.0	2399.23	3500.0	57.72	1.0
69388.0	27.31	28.77	833.32	19.95	9.0	2194.27	3500.0	57.7	1.0
69435.0	27.35	28.65	833.32	19.94	9.0	2359.23	3500.0	57.65	1.0
69479.0	27.33	28.64	833.32	19.94	9.0	2280.33	3500.0	55.69	1.0
69526.0	27.35	29.09	833.32	19.94	9.0	2194.27	3500.0	55.74	1.0
69573.0	27.47	29.57	833.32	19.95	9.0	2250.9	3500.0	55.75	1.0
69620.0	27.4	29.38	833.32	19.95	9.0	2173.91	3500.0	55.78	1.0
69664.0	27.4	29.07	833.32	19.95	9.0	2340.82	3500.0	57.74	1.0
69711.0	27.45	28.9	833.32	19.95	9.0	2188.5	3500.0	57.71	1.0
69758.0	27.29	28.66	833.32	19.95	9.0	2144.7	3500.0	57.73	1.0
69803.0	27.31	28.72	833.32	19.94	9.0	2106.15	3500.0	55.72	1.0
69856.0	27.28	28.62	833.32	19.95	9.0	1847.75	3500.0	55.76	1.0
69900.0	27.35	28.6	833.32	19.95	9.0	2113.87	3500.0	57.73	1.0
69947.0	27.33	28.72	833.32	19.93	9.0	1951.09	3500.0	57.6	1.0
69995.0	27.28	28.65	833.32	19.93	9.0	2242.82	3500.0	57.63	1.0
70038.0	27.34	28.87	833.32	19.93	9.0	2167.0	3500.0	55.69	1.0
70085.0	27.44	28.8	833.32	19.94	9.0	2192.98	3500.0	55.72	1.0
70133.0	27.42	28.7	833.32	19.94	9.0	2293.58	3500.0	55.7	1.0
70180.0	27.43	28.73	833.32	19.94	9.0	2159.52	3500.0	55.75	1.0
70230.0	27.23	28.59	833.32	19.95	9.0	2081.02	3500.0	57.79	1.0
70277.0	27.28	28.69	833.32	19.95	9.0	2289.38	3500.0	57.72	1.0
70324.0	27.21	28.53	833.32	19.93	9.0	2083.33	3500.0	57.64	1.0
70368.0	27.17	28.34	833.32	19.95	9.0	2130.68	3500.0	55.75	1.0
70421.0	26.93	28.35	833.32	19.93	9.0	2182.14	3500.0	55.74	1.0
70463.0	27.21	28.61	833.32	19.94	9.0	2196.84	3500.0	55.75	1.0
70510.0	27.13	28.75	833.32	19.94	9.0	2245.51	3500.0	55.74	1.0
70557.0	27.21	28.76	833.32	19.94	9.0	2335.72	3500.0	55.74	1.0
70601.0	27.05	28.39	833.32	19.94	9.0	2350.36	3500.0	57.76	1.0
70654.0	27.1	28.39	833.32	19.94	9.0	2423.26	3500.0	57.73	1.0
70707.0	26.91	28.7	833.32	19.93	9.0	2246.18	3500.0	57.7	1.0
70749.0	27.13	28.79	833.32	19.94	9.0	2389.3	3500.0	57.72	1.0
70796.0	27.22	28.77	833.32	19.94	9.0	2158.27	3500.0	57.73	1.0
70843.0	27.37	28.91	833.32	19.94	9.0	2417.79	3500.0	57.72	1.0
70887.0	27.28	28.74	833.32	19.93	9.0	2327.75	3500.0	55.8	1.0
70940.0	27.31	28.8	833.32	19.94	9.0	2275.49	3500.0	55.71	1.0
70987.0	27.31	28.74	833.32	19.94	9.0	2319.11	3500.0	55.69	1.0
71034.0	27.45	28.86	833.32	19.93	9.0	2261.08	3500.0	55.64	1.0
71081.0	27.46	29.58	833.32	19.93	9.0	2321.26	3500.0	55.64	1.0
71135.0	27.53	29.24	833.32	19.93	9.0	2229.49	3500.0	55.68	1.0
71179.0	27.46	29.68	833.32	19.93	9.0	2368.92	3500.0	57.63	1.0
71220.0	27.36	29.41	833.32	19.94	9.0	2377.18	3500.0	57.67	1.0
71273.0	27.35	29.13	833.32	19.95	9.0	2451.78	3500.0	57.76	1.0
71326.0	27.37	29.0	833.32	19.94	9.0	2282.41	3500.0	57.68	1.0
71367.0	27.4	29.06	833.32	19.93	9.0	2447.78	3500.0	57.64	1.0
71420.0	27.47	28.98	833.32	19.92	9.0	2219.59	3500.0	57.61	1.0
71474.0	27.57	29.44	833.32	19.92	9.0	2407.7	3500.0	57.58	1.0
71521.0	27.46	29.31	833.32	19.92	9.0	2170.14	3500.0	57.6	1.0
71571.0	27.47	29.16	833.32	19.92	9.0	2079.29	3500.0	55.64	1.0
71624.0	27.42	29.21	833.32	19.93	9.0	2219.59	3500.0	55.69	1.0
71686.0	27.28	29.08	833.32	19.94	9.0	2150.23	3500.0	57.7	1.0
71730.0	27.17	28.62	833.32	19.93	9.0	2195.55	3500.0	55.77	1.0
71777.0	27.18	28.7	833.32	19.94	9.0	2167.0	3500.0	55.73	1.0
71824.0	27.19	28.89	833.32	19.94	9.0	2007.49	3500.0	55.78	1.0
71874.0	27.17	28.95	833.32	19.94	9.0	2181.5	3500.0	57.66	1.0
71921.0	27.18	28.99	833.32	19.94	9.0	2297.09	3500.0	57.72	1.0
71953.0	27.26	28.96	833.32	19.94	9.0	2230.15	3500.0	55.84	1.0
72006.0	27.34	28.96	833.32	19.94	9.0	2191.06	3500.0	55.79	1.0
72053.0	27.35	29.27	833.32	19.95	9.0	2263.81	3500.0	55.81	1.0
72100.0	27.31	29.22	833.32	19.94	9.0	2170.14	3500.0	55.78	1.0
72148.0	27.45	29.33	833.32	19.93	9.0	2244.17	3500.0	55.71	1.0
72192.0	27.48	29.23	833.32	19.93	9.0	2294.98	3500.0	57.69	1.0
72240.0	27.46	29.13	833.32	19.94	9.0	2345.22	3500.0	57.73	1.0
72292.0	27.42	29.13	833.32	19.94	9.0	2199.41	3500.0	57.75	1.0
72339.0	27.25	28.94	833.32	19.94	9.0	2160.76	3500.0	57.76	1.0
72386.0	27.3	28.97	833.32	19.93	9.0	2261.08	3500.0	57.67	1.0
72436.0	27.22	28.9	833.32	19.94	9.0	2142.25	3500.0	55.76	1.0
72489.0	27.16	28.95	833.32	19.95	9.0	2238.81	3500.0	55.79	1.0
72530.0	27.28	28.91	833.32	19.95	9.0	2106.74	3500.0	55.84	1.0
72584.0	27.22	28.86	833.32	19.94	9.0	2169.51	3500.0	55.75	1.0
72628.0	27.21	28.9	833.32	19.94	9.0	2099.66	3500.0	57.72	1.0
72675.0	27.24	29.01	833.32	19.94	9.0	2201.35	3500.0	57.75	1.0
72722.0	27.29	29.05	833.32	19.95	9.0	2252.93	3500.0	57.8	1.0
72775.0	27.19	29.06	833.32	19.95	9.0	2340.09	3500.0	57.81	1.0
72822.0	27.25	29.0	833.32	19.95	9.0	2209.13	3500.0	57.82	1.0
72866.0	27.46	29.12	833.32	19.94	9.0	2299.2	3500.0	55.86	1.0
72920.0	27.43	29.1	833.32	19.94	9.0	2316.24	3500.0	55.77	1.0
72961.0	27.47	29.2	833.32	19.94	9.0	2397.7	3500.0	55.76	1.0
73008.0	27.39	29.23	833.32	19.94	9.0	2388.53	3500.0	55.8	1.0
73067.0	27.33	29.09	833.32	19.94	9.0	2468.73	3500.0	55.83	1.0
73114.0	27.47	29.35	833.32	19.94	9.0	2283.8	3500.0	55.77	1.0
73161.0	27.35	29.21	833.32	19.94	9.0	2476.88	3500.0	55.81	1.0
73208.0	27.42	29.1	833.32	19.94	9.0	2242.15	3500.0	55.81	1.0
73252.0	27.41	29.2	833.32	19.93	9.0	2260.4	3500.0	57.76	1.0
73309.0	27.38	29.22	833.32	19.94	9.0	2232.14	3500.0	55.85	1.0
73353.0	27.38	29.16	833.32	19.95	9.0	2286.59	3500.0	57.83	1.0
73400.0	27.36	29.06	833.32	19.95	9.0	2369.67	3500.0	57.81	1.0
73447.0	27.22	29.08	833.32	19.94	9.0	2355.53	3500.0	57.74	1.0
73485.0	27.26	29.06	833.32	19.94	9.0	2274.11	3500.0	55.77	1.0
73538.0	27.38	28.99	833.32	19.95	9.0	2305.56	3500.0	55.83	1.0
73585.0	27.35	28.99	833.32	19.94	9.0	2335.72	3500.0	55.83	1.0
73632.0	27.34	29.04	833.32	19.94	9.0	2290.78	3500.0	55.83	1.0
73679.0	27.35	29.12	833.32	19.95	9.0	2195.55	3500.0	55.86	1.0
73718.0	27.33	29.13	833.32	19.95	9.0	2286.59	3500.0	57.81	1.0
73771.0	27.33	29.11	833.32	19.95	9.0	2269.29	3500.0	57.85	1.0
73824.0	27.38	29.09	833.32	19.95	9.0	2300.61	3500.0	57.82	1.0
73871.0	27.31	29.03	833.32	19.95	9.0	2335.72	3500.0	57.83	1.0
73918.0	27.4	29.01	833.32	19.95	9.0	2414.68	3500.0	57.81	1.0
73966.0	27.25	28.95	833.32	19.93	9.0	2351.83	3500.0	57.72	1.0
74013.0	27.28	28.94	833.32	19.93	9.0	2406.93	3500.0	57.72	1.0
74057.0	27.0	28.85	833.32	19.94	9.0	2337.18	3500.0	55.75	1.0
74104.0	27.1	28.92	833.32	19.95	9.0	2192.98	3500.0	55.89	1.0
74151.0	26.97	28.76	833.32	19.95	9.0	2300.61	3500.0	55.91	1.0
74199.0	27.15	28.88	833.32	19.96	9.0	2265.86	3500.0	55.95	1.0
74243.0	27.14	28.86	833.32	19.94	9.0	2316.96	3500.0	57.86	1.0
74295.0	27.1	28.82	833.32	19.96	9.0	2383.98	3500.0	57.89	1.0
74343.0	27.12	28.77	833.32	19.93	9.0	2450.18	3500.0	57.74	1.0
74390.0	27.07	29.02	833.32	19.95	9.0	2391.58	3500.0	57.82	1.0
74442.0	27.05	28.91	833.32	19.94	9.0	2467.92	3500.0	57.8	1.0
74484.0	27.1	28.97	833.32	19.95	9.0	2385.5	3500.0	57.91	1.0
74525.0	26.95	28.85	833.32	19.95	9.0	2463.86	3500.0	57.88	1.0
74578.0	27.1	28.97	833.32	19.96	9.0	2466.29	3500.0	57.98	1.0
74616.0	27.02	28.86	833.32	19.95	9.0	2406.16	3500.0	55.97	1.0
74673.0	27.17	28.93	833.32	19.95	9.0	2342.29	3500.0	57.9	1.0
74711.0	27.11	28.89	833.32	19.93	9.0	2299.2	3500.0	55.75	1.0
74758.0	27.24	28.87	833.32	19.94	9.0	2322.7	3500.0	55.81	1.0
74811.0	27.11	28.67	833.32	19.94	9.0	2383.98	3500.0	55.82	1.0
74858.0	27.1	29.23	833.32	19.94	9.0	2410.03	3500.0	55.81	1.0
74905.0	27.03	29.15	833.32	19.94	9.0	2377.93	3500.0	55.84	1.0
74953.0	27.04	29.03	833.32	19.94	9.0	2467.92	3500.0	55.85	1.0
75000.0	27.0	28.93	833.32	19.94	9.0	2296.39	3500.0	55.89	1.0
75043.0	27.18	29.02	833.32	19.93	9.0	2417.79	3500.0	57.83	1.0
75091.0	27.06	28.76	833.32	19.94	9.0	2370.42	3500.0	57.76	1.0
75139.0	27.23	28.91	833.32	19.93	9.0	2370.42	3500.0	57.7	1.0
75186.0	27.12	28.83	833.32	19.93	9.0	2435.06	3500.0	57.7	1.0
75233.0	27.17	29.43	833.32	19.94	9.0	2479.34	3500.0	57.76	1.0
75280.0	26.99	29.15	833.32	19.93	9.0	2393.11	3500.0	57.76	1.0
75327.0	27.07	29.19	833.32	19.94	9.0	2424.05	3500.0	57.8	1.0
75365.0	27.15	29.27	833.32	19.93	9.0	2287.28	3500.0	55.84	1.0
75412.0	27.11	29.19	833.32	19.94	9.0	2505.85	3500.0	55.8	1.0
75459.0	27.19	29.21	833.32	19.94	9.0	2285.19	3500.0	55.81	1.0
75507.0	27.2	29.23	833.32	19.94	9.0	2509.2	3500.0	55.8	1.0
75559.0	27.29	29.22	833.32	19.95	9.0	2297.79	3500.0	55.89	1.0
75613.0	27.32	29.26	833.32	19.94	9.0	2473.61	3500.0	55.87	1.0
75666.0	27.28	29.24	833.32	19.94	9.0	2269.29	3500.0	55.87	1.0
75719.0	27.29	29.21	833.32	19.94	9.0	2497.5	3500.0	55.9	1.0
75760.0	27.17	29.07	833.32	19.95	9.0	2275.49	3500.0	55.9	1.0
75807.0	27.24	29.16	833.32	19.94	9.0	2496.67	3500.0	55.86	1.0
75854.0	27.2	29.16	833.32	19.93	9.0	2278.25	3500.0	55.82	1.0
75908.0	27.28	29.24	833.32	19.93	9.0	2463.05	3500.0	55.78	1.0
75955.0	27.29	29.3	833.32	19.94	9.0	2260.4	3500.0	55.87	1.0
75999.0	27.39	29.31	833.32	19.93	9.0	2310.54	3500.0	57.8	1.0
76046.0	27.32	29.44	833.32	19.94	9.0	2373.42	3500.0	57.79	1.0
76093.0	27.37	29.36	833.32	19.94	9.0	2311.96	3500.0	57.84	1.0
76140.0	27.27	29.31	833.32	19.94	9.0	2401.54	3500.0	57.82	1.0
76188.0	27.31	29.32	833.32	19.93	9.0	2167.63	3500.0	57.8	1.0
76240.0	27.25	29.32	833.32	19.94	9.0	2237.47	3500.0	57.85	1.0
76279.0	27.26	29.29	833.32	19.94	9.0	2113.87	3500.0	55.89	1.0
76326.0	27.23	29.26	833.32	19.94	9.0	2405.39	3500.0	55.86	1.0
76374.0	27.24	29.31	833.32	19.94	9.0	2182.14	3500.0	55.89	1.0
76418.0	27.27	29.34	833.32	19.92	9.0	2275.49	3500.0	57.81	1.0
76471.0	27.3	29.3	833.32	19.94	9.0	2367.42	3500.0	57.77	1.0
76518.0	27.19	29.23	833.32	19.95	9.0	2296.39	3500.0	57.9	1.0
76571.0	26.89	29.04	833.32	19.94	9.0	2353.31	3500.0	57.93	1.0
76612.0	27.06	29.16	833.32	19.94	9.0	2255.64	3500.0	57.83	1.0
76659.0	27.01	29.11	833.32	19.95	9.0	2336.45	3500.0	57.9	1.0
76703.0	26.88	29.05	833.32	19.93	9.0	2210.43	3500.0	55.87	1.0
76756.0	27.03	29.12	833.32	19.94	9.0	2380.95	3500.0	55.95	1.0
76810.0	27.17	29.07	833.32	19.95	9.0	2234.14	3500.0	55.95	1.0
76857.0	27.22	29.04	833.32	19.93	9.0	2258.36	3500.0	56.0	1.0
76904.0	27.13	29.15	833.32	19.94	9.0	2363.69	3500.0	55.89	1.0
76945.0	27.08	29.09	833.32	19.96	9.0	2332.09	3500.0	56.01	1.0
76989.0	27.11	29.2	833.32	19.94	9.0	2255.64	3500.0	57.88	1.0
77042.0	27.09	29.25	833.32	19.95	9.0	2347.42	3500.0	57.89	1.0
77089.0	27.19	29.37	833.32	19.95	9.0	2380.95	3500.0	57.92	1.0
77146.0	27.2	29.36	833.32	19.95	9.0	2475.25	3500.0	55.98	1.0
77190.0	27.38	29.36	833.32	19.95	9.0	2397.7	3500.0	57.98	1.0
77242.0	27.29	29.29	833.32	19.92	9.0	2285.19	3500.0	57.93	1.0
77284.0	27.28	29.37	833.32	19.93	9.0	2348.15	3500.0	57.77	1.0
77331.0	27.12	29.02	833.32	19.92	9.0	2213.7	3500.0	57.8	1.0
77375.0	27.37	29.4	833.32	19.93	9.0	2361.46	3500.0	55.77	1.0
77422.0	27.22	29.49	833.32	19.94	9.0	2428.76	3500.0	55.93	1.0
77469.0	27.07	29.57	833.32	19.93	9.0	2517.62	3500.0	55.84	1.0
77522.0	27.05	29.41	833.32	19.95	9.0	2319.11	3500.0	55.96	1.0
77570.0	27.04	29.35	833.32	19.94	9.0	2501.67	3500.0	55.91	1.0
77617.0	27.02	29.32	833.32	19.95	9.0	2283.8	3500.0	55.94	1.0
77658.0	27.09	29.35	833.32	19.94	9.0	2471.17	3500.0	55.9	1.0
77711.0	27.04	29.24	833.32	19.91	9.0	2260.4	3500.0	55.87	1.0
77758.0	27.19	29.43	833.32	19.92	9.0	2463.86	3500.0	55.76	1.0
77811.0	27.09	29.07	833.32	19.92	9.0	2239.47	3500.0	55.8	1.0
77855.0	27.3	29.34	833.32	19.92	9.0	2236.8	3500.0	57.73	1.0
77907.0	27.22	29.29	833.32	19.92	9.0	2258.36	3500.0	57.77	1.0
77961.0	27.39	29.46	833.32	19.92	9.0	2215.66	3500.0	57.81	1.0
78008.0	27.31	29.42	833.32	19.93	9.0	2295.68	3500.0	57.81	1.0
78055.0	27.29	29.42	833.32	19.93	9.0	2170.14	3500.0	57.81	1.0
78108.0	27.29	29.51	833.32	19.93	9.0	2245.51	3500.0	57.79	1.0
78161.0	27.27	29.53	833.32	19.95	9.0	2325.58	3500.0	57.89	1.0
78209.0	27.27	29.52	833.32	19.94	9.0	2390.06	3500.0	57.91	1.0

================================Data log ends here================================