Log created on 30-4-2018__16.12.27
KalibrasiCHT

Time	MAT	CHT	MAP	AFR	TPS	RPM	CCM	Cons	State
42167.0	32.58	694.0	833.32	20.0	34.0	0.0	3500.0	0.0	0.0
42220.0	32.28	692.0	833.32	20.0	36.0	0.0	3500.0	0.0	0.0
42273.0	32.53	692.0	833.32	20.0	37.0	0.0	3500.0	0.0	0.0
42321.0	32.61	701.0	833.32	20.0	37.0	0.0	3500.0	0.0	0.0
42370.0	32.35	693.0	833.32	20.0	38.0	0.0	3500.0	0.0	0.0
42423.0	32.48	695.0	833.32	20.0	38.0	0.0	3500.0	0.0	0.0
42471.0	32.05	701.0	833.32	20.0	39.0	0.0	3500.0	0.0	0.0
42514.0	32.27	694.0	833.32	20.0	39.0	0.0	3500.0	0.0	0.0
42567.0	32.35	699.0	833.32	20.0	39.0	0.0	3500.0	0.0	0.0
42615.0	32.15	691.0	833.32	20.0	39.0	0.0	3500.0	0.0	0.0
42663.0	32.17	694.0	833.32	20.0	39.0	0.0	3500.0	0.0	0.0
42712.0	32.08	688.0	833.32	20.0	39.0	0.0	3500.0	0.0	0.0
42760.0	32.19	694.0	833.32	20.0	39.0	0.0	3500.0	0.0	0.0
42813.0	32.09	695.0	833.32	20.0	39.0	0.0	3500.0	0.0	0.0
42861.0	32.09	696.0	833.32	20.0	39.0	0.0	3500.0	0.0	0.0
42914.0	32.35	695.0	833.32	20.0	39.0	0.0	3500.0	0.0	0.0
42962.0	32.21	692.0	833.32	20.0	39.0	0.0	3500.0	0.0	0.0
43016.0	32.41	693.0	833.32	20.0	39.0	0.0	3500.0	0.0	0.0
43064.0	32.46	701.0	833.32	20.0	39.0	0.0	3500.0	0.0	0.0
43112.0	32.26	693.0	833.32	20.0	39.0	0.0	3500.0	0.0	0.0
43160.0	32.34	695.0	833.32	20.0	39.0	0.0	3500.0	0.0	0.0
43213.0	32.07	703.0	833.32	20.0	39.0	0.0	3500.0	0.0	0.0
43267.0	32.26	694.0	833.32	20.0	39.0	0.0	3500.0	0.0	0.0
43315.0	32.26	693.0	833.32	20.0	39.0	0.0	3500.0	0.0	0.0
43363.0	32.03	693.0	833.32	20.0	39.0	0.0	3500.0	0.0	0.0
43411.0	32.36	694.0	833.32	20.0	39.0	0.0	3500.0	0.0	0.0
43464.0	32.26	688.0	833.32	20.0	37.0	0.0	3500.0	0.0	0.0
43512.0	32.31	694.0	833.32	20.0	34.0	0.0	3500.0	0.0	0.0
43566.0	32.41	696.0	833.32	20.0	33.0	0.0	3500.0	0.0	0.0
43614.0	32.23	690.0	833.32	20.0	32.0	0.0	3500.0	0.0	0.0
43662.0	32.38	694.0	833.32	20.0	32.0	0.0	3500.0	0.0	0.0
43715.0	32.41	695.0	833.32	20.0	32.0	0.0	3500.0	0.0	0.0
43768.0	32.12	692.0	833.32	20.0	31.0	0.0	3500.0	0.0	0.0
43822.0	32.26	694.0	833.32	20.0	31.0	0.0	3500.0	0.0	0.0
43870.0	32.28	701.0	833.32	20.0	31.0	0.0	3500.0	0.0	0.0
43918.0	32.15	693.0	833.32	20.0	31.0	0.0	3500.0	0.0	0.0
43971.0	32.24	696.0	833.32	20.0	31.0	0.0	3500.0	0.0	0.0
44019.0	32.04	703.0	833.32	20.0	32.0	0.0	3500.0	0.0	0.0
44067.0	32.18	694.0	833.32	20.0	31.0	0.0	3500.0	0.0	0.0
44115.0	32.15	698.0	833.32	20.0	31.0	0.0	3500.0	0.0	0.0
44164.0	32.18	695.0	833.32	20.0	31.0	0.0	3500.0	0.0	0.0
44217.0	32.44	696.0	833.32	20.0	31.0	0.0	3500.0	0.0	0.0
44265.0	32.25	692.0	833.32	20.0	31.0	0.0	3500.0	0.0	0.0
44313.0	32.56	694.0	833.32	20.0	31.0	0.0	3500.0	0.0	0.0
44360.0	32.67	694.0	833.32	20.0	31.0	0.0	3500.0	0.0	0.0
44408.0	32.54	695.0	833.32	20.0	32.0	0.0	3500.0	0.0	0.0
44463.0	32.7	701.0	833.32	20.0	32.0	0.0	3500.0	0.0	0.0
44510.0	32.09	690.0	833.32	20.0	32.0	0.0	3500.0	0.0	0.0
44564.0	32.38	694.0	833.32	20.0	32.0	0.0	3500.0	0.0	0.0
44611.0	32.35	699.0	833.32	20.0	32.0	0.0	3500.0	0.0	0.0
44659.0	32.26	690.0	833.32	20.0	32.0	0.0	3500.0	0.0	0.0
44713.0	32.32	693.0	833.32	20.0	32.0	0.0	3500.0	0.0	0.0
44761.0	32.06	693.0	833.32	20.0	32.0	0.0	3500.0	0.0	0.0
44815.0	32.16	694.0	833.32	20.0	32.0	0.0	3500.0	0.0	0.0
44868.0	32.11	697.0	833.32	20.0	32.0	0.0	3500.0	0.0	0.0
44916.0	31.77	688.0	833.32	20.0	32.0	0.0	3500.0	0.0	0.0
44969.0	32.1	693.0	833.32	20.0	32.0	0.0	3500.0	0.0	0.0
45011.0	31.83	701.0	833.32	20.0	32.0	0.0	3500.0	0.0	0.0
45065.0	31.94	693.0	833.32	20.0	32.0	0.0	3500.0	0.0	0.0
45113.0	32.06	695.0	833.32	20.0	32.0	0.0	3500.0	0.0	0.0
45166.0	31.71	692.0	833.32	20.0	32.0	0.0	3500.0	0.0	0.0
45214.0	32.09	692.0	833.32	20.0	32.0	0.0	3500.0	0.0	0.0
45262.0	31.97	688.0	833.32	20.0	32.0	0.0	3500.0	0.0	0.0
45310.0	31.98	692.0	833.32	20.0	32.0	0.0	3500.0	0.0	0.0
45359.0	32.09	695.0	833.32	20.0	32.0	0.0	3500.0	0.0	0.0
45412.0	31.94	688.0	833.32	20.0	32.0	0.0	3500.0	0.0	0.0
45465.0	31.91	695.0	833.32	20.0	32.0	0.0	3500.0	0.0	0.0
45513.0	31.88	694.0	833.32	20.0	32.0	0.0	3500.0	0.0	0.0
45561.0	31.82	693.0	833.32	20.0	32.0	0.0	3500.0	0.0	0.0
45615.0	32.01	693.0	833.32	20.0	32.0	0.0	3500.0	0.0	0.0
45663.0	31.86	689.0	833.32	20.0	32.0	0.0	3500.0	0.0	0.0
45711.0	32.0	694.0	833.32	20.0	32.0	0.0	3500.0	0.0	0.0
45764.0	32.03	698.0	833.32	20.0	32.0	0.0	3500.0	0.0	0.0
45812.0	31.7	688.0	833.32	20.0	32.0	0.0	3500.0	0.0	0.0
45865.0	31.94	693.0	833.32	20.0	32.0	0.0	3500.0	0.0	0.0
45914.0	31.83	693.0	833.32	20.0	32.0	0.0	3500.0	0.0	0.0
45962.0	31.79	693.0	833.32	20.0	32.0	0.0	3500.0	0.0	0.0
46010.0	32.04	695.0	833.32	20.0	31.0	0.0	3500.0	0.0	0.0
46063.0	31.94	692.0	833.32	20.0	32.0	0.0	3500.0	0.0	0.0
46116.0	32.22	693.0	833.32	20.0	32.0	0.0	3500.0	0.0	0.0
46164.0	32.51	701.0	833.32	20.0	33.0	0.0	3500.0	0.0	0.0
46213.0	32.25	691.0	833.32	20.0	35.0	0.0	3500.0	0.0	0.0
46261.0	32.5	692.0	833.32	20.0	37.0	0.0	3500.0	0.0	0.0
46314.0	32.38	701.0	833.32	20.0	37.0	0.0	3500.0	0.0	0.0
46362.0	32.48	695.0	833.32	20.0	38.0	0.0	3500.0	0.0	0.0
46415.0	32.47	695.0	833.32	20.0	38.0	0.0	3500.0	0.0	0.0
46464.0	32.1	692.0	833.32	20.0	39.0	0.0	3500.0	0.0	0.0
46512.0	32.38	693.0	833.32	20.0	39.0	0.0	3500.0	0.0	0.0
46565.0	32.39	688.0	833.32	20.0	39.0	0.0	3500.0	0.0	0.0
46613.0	32.4	692.0	833.32	20.0	39.0	0.0	3500.0	0.0	0.0
46661.0	32.41	695.0	833.32	20.0	39.0	0.0	3500.0	0.0	0.0
46714.0	32.3	688.0	833.32	20.0	39.0	0.0	3500.0	0.0	0.0
46768.0	32.34	695.0	833.32	20.0	39.0	0.0	3500.0	0.0	0.0
46816.0	32.22	694.0	833.32	20.0	39.0	0.0	3500.0	0.0	0.0
46864.0	32.16	693.0	833.32	20.0	39.0	0.0	3500.0	0.0	0.0
46911.0	32.34	693.0	833.32	20.0	39.0	0.0	3500.0	0.0	0.0
46959.0	32.4	701.0	833.32	20.0	39.0	0.0	3500.0	0.0	0.0
47012.0	32.41	694.0	833.32	20.0	39.0	0.0	3500.0	0.0	0.0
47067.0	32.34	699.0	833.32	20.0	39.0	0.0	3500.0	0.0	0.0
47115.0	32.09	689.0	833.32	20.0	39.0	0.0	3500.0	0.0	0.0
47162.0	32.44	694.0	833.32	20.0	39.0	0.0	3500.0	0.0	0.0
47210.0	32.54	698.0	833.32	20.0	39.0	0.0	3500.0	0.0	0.0
47263.0	32.65	693.0	833.32	20.0	39.0	0.0	3500.0	0.0	0.0
47311.0	32.99	695.0	833.32	20.0	39.0	0.0	3500.0	0.0	0.0
47365.0	32.88	692.0	833.32	20.0	39.0	0.0	3500.0	0.0	0.0
47413.0	33.22	693.0	833.32	20.0	39.0	0.0	3500.0	0.0	0.0
47461.0	33.43	698.0	833.32	20.0	39.0	0.0	3500.0	0.0	0.0
47509.0	33.44	694.0	833.32	20.0	39.0	0.0	3500.0	0.0	0.0
47562.0	33.77	697.0	833.32	20.0	39.0	0.0	3500.0	0.0	0.0
47610.0	33.6	690.0	833.32	20.0	39.0	0.0	3500.0	0.0	0.0
47664.0	33.86	695.0	833.32	20.0	39.0	0.0	3500.0	0.0	0.0
47712.0	34.19	694.0	833.32	20.0	39.0	0.0	3500.0	0.0	0.0
47765.0	34.12	692.0	833.32	20.0	39.0	0.0	3500.0	0.0	0.0
47813.0	34.28	692.0	833.32	20.0	39.0	0.0	3500.0	0.0	0.0
47861.0	34.33	690.0	833.32	20.0	39.0	0.0	3500.0	0.0	0.0
47915.0	34.34	691.0	833.32	20.0	39.0	0.0	3500.0	0.0	0.0
47963.0	34.71	701.0	833.32	20.0	39.0	0.0	3500.0	0.0	0.0
48016.0	34.43	703.0	833.32	20.0	39.0	0.0	3500.0	0.0	0.0
48064.0	34.72	694.0	833.32	20.0	39.0	0.0	3500.0	0.0	0.0
48112.0	34.93	699.0	833.32	20.0	39.0	0.0	3500.0	0.0	0.0
48165.0	34.78	693.0	833.32	20.0	39.0	0.0	3500.0	0.0	0.0
48208.0	35.26	695.0	833.32	20.0	39.0	0.0	3500.0	0.0	0.0
48262.0	35.21	694.0	833.32	20.0	39.0	0.0	3500.0	0.0	0.0
48315.0	35.39	694.0	833.32	20.0	39.0	0.0	3500.0	0.0	0.0
48363.0	35.56	701.0	833.32	20.0	39.0	0.0	3500.0	0.0	0.0
48411.0	35.36	691.0	833.32	20.0	39.0	0.0	3500.0	0.0	0.0
48459.0	35.84	694.0	833.32	20.0	39.0	0.0	3500.0	0.0	0.0
48507.0	35.62	692.0	833.32	20.0	39.0	0.0	3500.0	0.0	0.0
48561.0	36.0	692.0	833.32	20.0	39.0	0.0	3500.0	0.0	0.0
48614.0	36.3	695.0	833.32	20.0	39.0	0.0	3500.0	0.0	0.0
48662.0	36.0	693.0	833.32	20.0	39.0	0.0	3500.0	0.0	0.0
48710.0	36.44	693.0	833.32	20.0	39.0	0.0	3500.0	0.0	0.0
48763.0	36.52	688.0	833.32	20.0	39.0	0.0	3500.0	0.0	0.0
48812.0	36.64	694.0	833.32	20.0	39.0	0.0	3500.0	0.0	0.0
48860.0	36.89	695.0	833.32	20.0	39.0	0.0	3500.0	0.0	0.0
48913.0	36.88	690.0	833.32	20.0	39.0	0.0	3500.0	0.0	0.0
48961.0	36.98	692.0	833.32	20.0	39.0	0.0	3500.0	0.0	0.0
49014.0	37.16	694.0	833.32	20.0	39.0	0.0	3500.0	0.0	0.0
49062.0	37.3	694.0	833.32	20.0	39.0	0.0	3500.0	0.0	0.0
49111.0	37.65	696.0	833.32	20.0	39.0	0.0	3500.0	0.0	0.0
49158.0	37.69	703.0	833.32	20.0	39.0	0.0	3500.0	0.0	0.0
49212.0	38.02	695.0	833.32	20.0	39.0	0.0	3500.0	0.0	0.0
49265.0	38.49	703.0	833.32	20.0	39.0	0.0	3500.0	0.0	0.0
49313.0	38.41	692.0	833.32	20.0	39.0	0.0	3500.0	0.0	0.0
49367.0	39.04	694.0	833.32	20.0	39.0	0.0	3500.0	0.0	0.0
49415.0	39.28	701.0	833.32	20.0	39.0	0.0	3500.0	0.0	0.0
49463.0	39.43	695.0	833.32	20.0	39.0	0.0	3500.0	0.0	0.0
49511.0	39.62	697.0	833.32	20.0	39.0	0.0	3500.0	0.0	0.0
49564.0	39.67	694.0	833.32	20.0	39.0	0.0	3500.0	0.0	0.0
49617.0	39.96	695.0	833.32	20.0	39.0	0.0	3500.0	0.0	0.0
49666.0	40.15	696.0	833.32	20.0	39.0	0.0	3500.0	0.0	0.0
49719.0	40.15	688.0	833.32	20.0	39.0	0.0	3500.0	0.0	0.0
49767.0	40.45	695.0	833.32	20.0	39.0	0.0	3500.0	0.0	0.0
49815.0	40.28	703.0	833.32	20.0	39.0	0.0	3500.0	0.0	0.0
49862.0	40.61	696.0	833.32	20.0	39.0	0.0	3500.0	0.0	0.0
49916.0	40.78	696.0	833.32	20.0	39.0	0.0	3500.0	0.0	0.0
49964.0	40.61	694.0	833.32	20.0	39.0	0.0	3500.0	0.0	0.0
50012.0	41.15	695.0	833.32	20.0	39.0	0.0	3500.0	0.0	0.0
50065.0	41.47	688.0	833.32	20.0	39.0	0.0	3500.0	0.0	0.0
50113.0	41.48	693.0	833.32	20.0	39.0	0.0	3500.0	0.0	0.0
50161.0	41.81	696.0	833.32	20.0	39.0	0.0	3500.0	0.0	0.0
50214.0	41.91	696.0	833.32	20.0	39.0	0.0	3500.0	0.0	0.0
50268.0	42.18	696.0	833.32	20.0	39.0	0.0	3500.0	0.0	0.0
50316.0	42.21	695.0	833.32	20.0	39.0	0.0	3500.0	0.0	0.0
50364.0	42.26	694.0	833.32	20.0	39.0	0.0	3500.0	0.0	0.0
50412.0	42.7	695.0	833.32	20.0	39.0	0.0	3500.0	0.0	0.0
50460.0	42.88	703.0	833.32	20.0	39.0	0.0	3500.0	0.0	0.0
50513.0	43.06	696.0	833.32	20.0	39.0	0.0	3500.0	0.0	0.0
50562.0	43.32	695.0	833.32	20.0	39.0	0.0	3500.0	0.0	0.0
50615.0	43.24	690.0	833.32	20.0	39.0	0.0	3500.0	0.0	0.0
50663.0	43.65	696.0	833.32	20.0	39.0	0.0	3500.0	0.0	0.0
50711.0	43.69	703.0	833.32	20.0	39.0	0.0	3500.0	0.0	0.0
50764.0	43.89	695.0	833.32	20.0	39.0	0.0	3500.0	0.0	0.0
50812.0	44.11	697.0	833.32	20.0	39.0	0.0	3500.0	0.0	0.0
50866.0	44.05	694.0	833.32	20.0	39.0	0.0	3500.0	0.0	0.0
50914.0	44.52	695.0	833.32	20.0	39.0	0.0	3500.0	0.0	0.0
50967.0	44.81	703.0	833.32	20.0	39.0	0.0	3500.0	0.0	0.0
51015.0	44.74	692.0	833.32	20.0	39.0	0.0	3500.0	0.0	0.0
51058.0	45.29	696.0	833.32	20.0	39.0	0.0	3500.0	0.0	0.0
51111.0	45.6	689.0	833.32	20.0	39.0	0.0	3500.0	0.0	0.0
51165.0	45.79	697.0	833.32	20.0	39.0	0.0	3500.0	0.0	0.0
51213.0	46.17	696.0	833.32	20.0	39.0	0.0	3500.0	0.0	0.0
51261.0	46.31	689.0	833.32	20.0	39.0	0.0	3500.0	0.0	0.0
51314.0	46.63	696.0	833.32	20.0	39.0	0.0	3500.0	0.0	0.0
51362.0	46.8	695.0	833.32	20.0	39.0	0.0	3500.0	0.0	0.0
51410.0	46.88	700.0	833.32	20.0	39.0	0.0	3500.0	0.0	0.0
51464.0	47.41	702.0	833.32	20.0	39.0	0.0	3500.0	0.0	0.0
51517.0	47.46	703.0	833.32	20.0	39.0	0.0	3500.0	0.0	0.0
51565.0	47.68	697.0	833.32	20.0	39.0	0.0	3500.0	0.0	0.0
51613.0	48.03	698.0	833.32	20.0	39.0	0.0	3500.0	0.0	0.0
51666.0	48.05	694.0	833.32	20.0	39.0	0.0	3500.0	0.0	0.0
51714.0	48.32	698.0	833.32	20.0	39.0	0.0	3500.0	0.0	0.0
51762.0	48.36	697.0	833.32	20.0	39.0	0.0	3500.0	0.0	0.0
51816.0	48.58	696.0	833.32	20.0	39.0	0.0	3500.0	0.0	0.0
51869.0	48.7	699.0	833.32	20.0	39.0	0.0	3500.0	0.0	0.0
51911.0	48.32	694.0	833.32	20.0	39.0	0.0	3500.0	0.0	0.0
51959.0	49.02	698.0	833.32	20.0	39.0	0.0	3500.0	0.0	0.0
52013.0	49.25	703.0	833.32	20.0	39.0	0.0	3500.0	0.0	0.0
52061.0	49.2	696.0	833.32	20.0	39.0	0.0	3500.0	0.0	0.0
52114.0	49.75	699.0	833.32	20.0	39.0	0.0	3500.0	0.0	0.0
52162.0	49.56	696.0	833.32	20.0	39.0	0.0	3500.0	0.0	0.0
52215.0	49.84	696.0	833.32	20.0	39.0	0.0	3500.0	0.0	0.0
52263.0	50.06	703.0	833.32	20.0	39.0	0.0	3500.0	0.0	0.0
52312.0	49.77	696.0	833.32	20.0	39.0	0.0	3500.0	0.0	0.0
52365.0	50.28	699.0	833.32	20.0	39.0	0.0	3500.0	0.0	0.0
52413.0	50.17	703.0	833.32	20.0	39.0	0.0	3500.0	0.0	0.0
52466.0	50.3	699.0	833.32	20.0	39.0	0.0	3500.0	0.0	0.0
52514.0	50.74	698.0	833.32	20.0	39.0	0.0	3500.0	0.0	0.0
52562.0	50.56	698.0	833.32	20.0	39.0	0.0	3500.0	0.0	0.0
52616.0	50.95	697.0	833.32	20.0	39.0	0.0	3500.0	0.0	0.0
52664.0	50.91	688.0	833.32	20.0	39.0	0.0	3500.0	0.0	0.0
52712.0	50.81	698.0	833.32	20.0	39.0	0.0	3500.0	0.0	0.0
52765.0	51.16	700.0	833.32	20.0	39.0	0.0	3500.0	0.0	0.0
52813.0	51.09	693.0	833.32	20.0	39.0	0.0	3500.0	0.0	0.0
52867.0	51.18	698.0	833.32	20.0	39.0	0.0	3500.0	0.0	0.0
52915.0	51.16	699.0	833.32	20.0	39.0	0.0	3500.0	0.0	0.0
52968.0	51.08	696.0	833.32	20.0	39.0	0.0	3500.0	0.0	0.0
53016.0	51.59	700.0	833.32	20.0	39.0	0.0	3500.0	0.0	0.0
53064.0	51.51	696.0	833.32	20.0	39.0	0.0	3500.0	0.0	0.0
53117.0	51.77	698.0	833.32	20.0	39.0	0.0	3500.0	0.0	0.0
53166.0	51.9	703.0	833.32	20.0	39.0	0.0	3500.0	0.0	0.0
53214.0	51.66	696.0	833.32	20.0	39.0	0.0	3500.0	0.0	0.0
53262.0	52.14	700.0	833.32	20.0	39.0	0.0	3500.0	0.0	0.0
53315.0	52.22	703.0	833.32	20.0	39.0	0.0	3500.0	0.0	0.0
53363.0	52.31	701.0	833.32	20.0	39.0	0.0	3500.0	0.0	0.0
53416.0	52.66	700.0	833.32	20.0	39.0	0.0	3500.0	0.0	0.0
53465.0	52.5	697.0	833.32	20.0	39.0	0.0	3500.0	0.0	0.0
53513.0	52.91	699.0	833.32	20.0	39.0	0.0	3500.0	0.0	0.0
53566.0	53.11	703.0	833.32	20.0	39.0	0.0	3500.0	0.0	0.0
53614.0	52.91	698.0	833.32	20.0	39.0	0.0	3500.0	0.0	0.0
53662.0	53.4	700.0	833.32	20.0	39.0	0.0	3500.0	0.0	0.0
53715.0	53.49	703.0	833.32	20.0	39.0	0.0	3500.0	0.0	0.0
53769.0	53.48	701.0	833.32	20.0	39.0	0.0	3500.0	0.0	0.0
53817.0	53.66	700.0	833.32	20.0	39.0	0.0	3500.0	0.0	0.0
53864.0	53.56	696.0	833.32	20.0	39.0	0.0	3500.0	0.0	0.0
53912.0	53.76	701.0	833.32	20.0	39.0	0.0	3500.0	0.0	0.0
53965.0	53.95	702.0	833.32	20.0	39.0	0.0	3500.0	0.0	0.0
54013.0	53.91	709.0	833.32	20.0	39.0	0.0	3500.0	0.0	0.0
54062.0	54.16	698.0	833.32	20.0	39.0	0.0	3500.0	0.0	0.0
54115.0	54.52	701.0	833.32	20.0	39.0	0.0	3500.0	0.0	0.0
54168.0	54.3	696.0	833.32	20.0	39.0	0.0	3500.0	0.0	0.0
54216.0	54.75	700.0	833.32	20.0	39.0	0.0	3500.0	0.0	0.0
54264.0	55.22	711.0	833.32	20.0	39.0	0.0	3500.0	0.0	0.0
54318.0	54.92	711.0	833.32	20.0	39.0	0.0	3500.0	0.0	0.0
54366.0	55.27	702.0	833.32	20.0	39.0	0.0	3500.0	0.0	0.0
54413.0	55.55	703.0	833.32	20.0	39.0	0.0	3500.0	0.0	0.0
54467.0	55.51	701.0	833.32	20.0	39.0	0.0	3500.0	0.0	0.0
54514.0	55.94	702.0	833.32	20.0	39.0	0.0	3500.0	0.0	0.0
54568.0	55.78	692.0	833.32	20.0	39.0	0.0	3500.0	0.0	0.0
54616.0	55.88	702.0	833.32	20.0	39.0	0.0	3500.0	0.0	0.0
54670.0	56.12	704.0	833.32	20.0	39.0	0.0	3500.0	0.0	0.0
54717.0	55.86	711.0	833.32	20.0	39.0	0.0	3500.0	0.0	0.0
54765.0	56.26	703.0	833.32	20.0	39.0	0.0	3500.0	0.0	0.0
54818.0	56.43	703.0	833.32	20.0	39.0	0.0	3500.0	0.0	0.0
54866.0	56.23	702.0	833.32	20.0	39.0	0.0	3500.0	0.0	0.0
54915.0	56.77	704.0	833.32	20.0	39.0	0.0	3500.0	0.0	0.0
54963.0	56.64	702.0	833.32	20.0	39.0	0.0	3500.0	0.0	0.0
55011.0	56.89	703.0	833.32	20.0	39.0	0.0	3500.0	0.0	0.0
55059.0	56.92	705.0	833.32	20.0	39.0	0.0	3500.0	0.0	0.0
55107.0	56.84	703.0	833.32	20.0	39.0	0.0	3500.0	0.0	0.0
55155.0	57.07	704.0	833.32	20.0	39.0	0.0	3500.0	0.0	0.0
55203.0	57.16	704.0	833.32	20.0	39.0	0.0	3500.0	0.0	0.0
55251.0	57.39	705.0	833.32	20.0	39.0	0.0	3500.0	0.0	0.0
55305.0	57.58	710.0	833.32	20.0	39.0	0.0	3500.0	0.0	0.0
55358.0	57.23	700.0	833.32	20.0	39.0	0.0	3500.0	0.0	0.0
55406.0	57.55	705.0	833.32	20.0	39.0	0.0	3500.0	0.0	0.0
55448.0	57.07	701.0	833.32	20.0	39.0	0.0	3500.0	0.0	0.0
55496.0	57.66	706.0	833.32	20.0	39.0	0.0	3500.0	0.0	0.0
55549.0	57.53	713.0	833.32	20.0	39.0	0.0	3500.0	0.0	0.0
55598.0	57.39	702.0	833.32	20.0	39.0	0.0	3500.0	0.0	0.0
55646.0	57.75	707.0	833.32	20.0	39.0	0.0	3500.0	0.0	0.0
55699.0	57.94	711.0	833.32	20.0	39.0	0.0	3500.0	0.0	0.0
55747.0	57.89	705.0	833.32	20.0	39.0	0.0	3500.0	0.0	0.0
55795.0	58.04	707.0	833.32	20.0	39.0	0.0	3500.0	0.0	0.0
55848.0	57.87	706.0	833.32	20.0	39.0	0.0	3500.0	0.0	0.0
55902.0	58.09	706.0	833.32	20.0	39.0	0.0	3400.0	0.0	0.0
55950.0	58.19	715.0	833.32	20.0	39.0	0.0	3400.0	0.0	0.0
55998.0	58.19	704.0	833.32	20.0	39.0	0.0	3400.0	0.0	0.0
56046.0	58.67	715.0	833.32	20.0	39.0	0.0	3400.0	0.0	0.0
56094.0	58.35	704.0	833.32	20.0	39.0	0.0	3400.0	0.0	0.0
56147.0	58.94	708.0	833.32	20.0	39.0	0.0	3400.0	0.0	0.0
56201.0	58.99	709.0	833.32	20.0	39.0	0.0	3400.0	0.0	0.0
56249.0	58.87	706.0	833.32	20.0	39.0	0.0	3400.0	0.0	0.0
56297.0	59.25	707.0	833.32	20.0	39.0	0.0	3400.0	0.0	0.0
56345.0	59.07	706.0	833.32	20.0	39.0	0.0	3400.0	0.0	0.0
56398.0	59.19	706.0	833.32	20.0	39.0	0.0	3400.0	0.0	0.0
56446.0	59.3	717.0	833.32	20.0	39.0	0.0	3400.0	0.0	0.0
56500.0	59.24	704.0	833.32	20.0	39.0	0.0	3400.0	0.0	0.0
56553.0	59.33	709.0	833.32	20.0	39.0	0.0	3400.0	0.0	0.0
56596.0	59.26	715.0	833.32	20.0	39.0	0.0	3400.0	0.0	0.0
56649.0	59.3	707.0	833.32	20.0	39.0	0.0	3400.0	0.0	0.0
56697.0	59.58	708.0	833.32	20.0	39.0	0.0	3400.0	0.0	0.0
56745.0	59.45	708.0	833.32	20.0	39.0	0.0	3400.0	0.0	0.0
56799.0	59.53	709.0	833.32	20.0	39.0	0.0	3400.0	0.0	0.0
56852.0	59.69	711.0	833.32	20.0	39.0	0.0	3400.0	0.0	0.0
56900.0	59.62	704.0	833.32	20.0	39.0	0.0	3400.0	0.0	0.0
56948.0	59.76	709.0	833.32	20.0	39.0	0.0	3400.0	0.0	0.0
56996.0	59.62	719.0	833.32	20.0	39.0	0.0	3400.0	0.0	0.0
57043.0	59.74	711.0	833.32	20.0	39.0	0.0	3400.0	0.0	0.0
57098.0	59.84	711.0	833.32	20.0	39.0	0.0	3400.0	0.0	0.0
57151.0	59.45	706.0	833.32	20.0	39.0	0.0	3400.0	0.0	0.0
57199.0	59.79	709.0	833.32	20.0	39.0	0.0	3400.0	0.0	0.0
57246.0	59.95	716.0	833.32	20.0	39.0	0.0	3400.0	0.0	0.0
57294.0	59.75	709.0	833.32	20.0	39.0	0.0	3400.0	0.0	0.0
57342.0	59.89	711.0	833.32	20.0	39.0	0.0	3400.0	0.0	0.0
57396.0	59.79	719.0	833.32	20.0	39.0	0.0	3400.0	0.0	0.0
57449.0	59.95	711.0	833.32	20.0	39.0	0.0	3400.0	0.0	0.0
57497.0	60.07	711.0	833.32	20.0	39.0	0.0	3400.0	0.0	0.0
57545.0	60.0	710.0	833.32	20.0	39.0	0.0	3400.0	0.0	0.0
57598.0	60.08	710.0	833.32	20.0	39.0	0.0	3400.0	0.0	0.0
57647.0	60.24	719.0	833.32	20.0	39.0	0.0	3400.0	0.0	0.0
57700.0	60.2	719.0	833.32	20.0	39.0	0.0	3400.0	0.0	0.0
57748.0	60.33	713.0	833.32	20.0	39.0	0.0	3400.0	0.0	0.0
57796.0	60.27	717.0	833.32	20.0	39.0	0.0	3400.0	0.0	0.0
57849.0	60.18	711.0	833.32	20.0	39.0	0.0	3400.0	0.0	0.0
57897.0	60.37	712.0	833.32	20.0	39.0	0.0	3400.0	0.0	0.0
57946.0	60.08	712.0	833.32	20.0	39.0	0.0	3400.0	0.0	0.0
57999.0	60.23	712.0	833.32	20.0	39.0	0.0	3400.0	0.0	0.0
58047.0	60.46	719.0	833.32	20.0	39.0	0.0	3400.0	0.0	0.0
58100.0	60.22	719.0	833.32	20.0	39.0	0.0	3400.0	0.0	0.0
58148.0	60.44	713.0	833.32	20.0	39.0	0.0	3400.0	0.0	0.0
58196.0	60.54	719.0	833.32	20.0	39.0	0.0	3400.0	0.0	0.0
58244.0	60.47	715.0	833.32	20.0	39.0	0.0	3400.0	0.0	0.0
58298.0	60.77	715.0	833.32	20.0	39.0	0.0	3400.0	0.0	0.0
58351.0	60.45	708.0	833.32	20.0	39.0	0.0	3400.0	0.0	0.0
58399.0	60.53	712.0	833.32	20.0	39.0	0.0	3400.0	0.0	0.0
58446.0	60.69	719.0	833.32	20.0	39.0	0.0	3400.0	0.0	0.0
58494.0	60.37	712.0	833.32	20.0	39.0	0.0	3400.0	0.0	0.0
58548.0	60.66	714.0	833.32	20.0	39.0	0.0	3400.0	0.0	0.0
58601.0	60.49	715.0	833.32	20.0	39.0	0.0	3400.0	0.0	0.0
58649.0	60.57	715.0	833.32	20.0	39.0	0.0	3400.0	0.0	0.0
58702.0	60.76	716.0	833.32	20.0	39.0	0.0	3400.0	0.0	0.0
58750.0	60.56	708.0	833.32	20.0	39.0	0.0	3400.0	0.0	0.0
58799.0	60.76	714.0	833.32	20.0	39.0	0.0	3400.0	0.0	0.0
58847.0	61.02	723.0	833.32	20.0	39.0	0.0	3400.0	0.0	0.0
58900.0	61.03	712.0	833.32	20.0	39.0	0.0	3400.0	0.0	0.0
58948.0	61.24	717.0	833.32	20.0	39.0	0.0	3400.0	0.0	0.0
59001.0	61.34	717.0	833.32	20.0	39.0	0.0	3400.0	0.0	0.0
59049.0	60.96	715.0	833.32	20.0	39.0	0.0	3400.0	0.0	0.0
59098.0	61.31	716.0	833.32	20.0	39.0	0.0	3400.0	0.0	0.0
59151.0	60.98	710.0	833.32	20.0	39.0	0.0	3400.0	0.0	0.0
59199.0	61.21	714.0	833.32	20.0	39.0	0.0	3400.0	0.0	0.0
59247.0	61.32	727.0	833.32	20.0	39.0	0.0	3400.0	0.0	0.0
59300.0	61.39	708.0	833.32	20.0	39.0	0.0	3400.0	0.0	0.0
59348.0	61.35	717.0	833.32	20.0	39.0	0.0	3400.0	0.0	0.0
59402.0	61.18	717.0	833.32	20.0	39.0	0.0	3400.0	0.0	0.0
59450.0	61.24	716.0	833.32	20.0	39.0	0.0	3400.0	0.0	0.0
59498.0	61.45	717.0	833.32	20.0	39.0	0.0	3400.0	0.0	0.0
59546.0	61.43	717.0	833.32	20.0	39.0	0.0	3400.0	0.0	0.0
59599.0	61.44	718.0	833.32	20.0	39.0	0.0	3400.0	0.0	0.0
59648.0	61.68	727.0	833.32	20.0	39.0	0.0	3400.0	0.0	0.0
59701.0	61.68	712.0	833.32	20.0	39.0	0.0	3400.0	0.0	0.0
59749.0	61.73	718.0	833.32	20.0	39.0	0.0	3400.0	0.0	0.0
59802.0	61.64	719.0	833.32	20.0	39.0	0.0	3400.0	0.0	0.0
59844.0	61.72	720.0	833.32	20.0	39.0	0.0	3400.0	0.0	0.0
59897.0	61.92	720.0	833.32	20.0	39.0	0.0	3400.0	0.0	0.0
59952.0	61.6	716.0	833.32	20.0	39.0	0.0	3400.0	0.0	0.0
59999.0	61.71	718.0	833.32	20.0	39.0	0.0	3400.0	0.0	0.0
60047.0	61.75	727.0	833.32	20.0	39.0	0.0	3400.0	0.0	0.0
60095.0	61.52	718.0	833.32	20.0	39.0	0.0	3400.0	0.0	0.0
60143.0	61.75	720.0	833.32	20.0	39.0	0.0	3400.0	0.0	0.0
60191.0	61.5	714.0	833.32	20.0	39.0	0.0	3400.0	0.0	0.0
60234.0	61.84	721.0	833.32	20.0	39.0	0.0	3400.0	0.0	0.0
60281.0	61.62	720.0	833.32	20.0	39.0	0.0	3400.0	0.0	0.0
60329.0	61.79	719.0	833.32	20.0	39.0	0.0	3400.0	0.0	0.0
60378.0	62.08	721.0	833.32	20.0	39.0	0.0	3400.0	0.0	0.0
60426.0	62.06	720.0	833.32	20.0	39.0	0.0	3400.0	0.0	0.0
60479.0	62.08	720.0	833.32	20.0	39.0	0.0	3400.0	0.0	0.0
60527.0	62.18	731.0	833.32	20.0	39.0	0.0	3400.0	0.0	0.0
60580.0	62.18	710.0	833.32	20.0	39.0	0.0	3400.0	0.0	0.0
60634.0	62.09	721.0	833.32	20.0	39.0	0.0	3400.0	0.0	0.0
60682.0	62.33	721.0	833.32	20.0	39.0	0.0	3400.0	0.0	0.0
60730.0	62.18	722.0	833.32	20.0	39.0	0.0	3400.0	0.0	0.0
60778.0	62.37	723.0	833.32	20.0	39.0	0.0	3400.0	0.0	0.0
60831.0	62.28	733.0	833.32	20.0	39.0	0.0	3400.0	0.0	0.0
60884.0	62.1	723.0	833.32	20.0	39.0	0.0	3400.0	0.0	0.0
60933.0	62.07	723.0	833.32	20.0	39.0	0.0	3400.0	0.0	0.0
60981.0	62.05	727.0	833.32	20.0	39.0	0.0	3400.0	0.0	0.0
61028.0	61.88	724.0	833.32	20.0	39.0	0.0	3400.0	0.0	0.0
61081.0	61.89	724.0	833.32	20.0	39.0	0.0	3400.0	0.0	0.0
61135.0	61.73	732.0	833.32	20.0	39.0	0.0	3400.0	0.0	0.0
61182.0	61.69	721.0	833.32	20.0	39.0	0.0	3400.0	0.0	0.0
61231.0	61.91	731.0	833.32	20.0	39.0	0.0	3400.0	0.0	0.0
61284.0	61.56	723.0	833.32	20.0	39.0	0.0	3400.0	0.0	0.0
61332.0	62.11	724.0	833.32	20.0	39.0	0.0	3400.0	0.0	0.0
61380.0	61.98	727.0	833.32	20.0	39.0	0.0	3400.0	0.0	0.0
61433.0	62.02	724.0	833.32	20.0	39.0	0.0	3400.0	0.0	0.0
61481.0	62.17	724.0	833.32	20.0	39.0	0.0	3400.0	0.0	0.0
61535.0	61.96	733.0	833.32	20.0	39.0	0.0	3400.0	0.0	0.0
61583.0	62.15	722.0	833.32	20.0	39.0	0.0	3400.0	0.0	0.0
61631.0	62.33	731.0	833.32	20.0	39.0	0.0	3400.0	0.0	0.0
61684.0	61.88	725.0	833.32	20.0	39.0	0.0	3400.0	0.0	0.0
61732.0	62.39	726.0	833.32	20.0	39.0	0.0	3400.0	0.0	0.0
61786.0	62.38	720.0	833.32	20.0	39.0	0.0	3400.0	0.0	0.0
61834.0	62.23	724.0	833.32	20.0	39.0	0.0	3400.0	0.0	0.0
61882.0	62.45	726.0	833.32	20.0	39.0	0.0	3400.0	0.0	0.0
61935.0	62.21	735.0	833.32	20.0	39.0	0.0	3400.0	0.0	0.0
61983.0	62.43	724.0	833.32	20.0	39.0	0.0	3400.0	0.0	0.0
62031.0	62.59	735.0	833.32	20.0	39.0	0.0	3400.0	0.0	0.0
62085.0	62.47	727.0	833.32	20.0	39.0	0.0	3400.0	0.0	0.0
62133.0	62.98	727.0	833.32	20.0	39.0	0.0	3400.0	0.0	0.0
62186.0	63.06	720.0	833.32	20.0	39.0	0.0	3400.0	0.0	0.0
62234.0	63.08	726.0	833.32	20.0	39.0	0.0	3400.0	0.0	0.0
62282.0	63.19	727.0	833.32	20.0	39.0	0.0	3400.0	0.0	0.0
62330.0	63.03	726.0	833.32	20.0	39.0	0.0	3400.0	0.0	0.0
62384.0	63.43	727.0	833.32	20.0	39.0	0.0	3300.0	0.0	0.0
62432.0	63.69	735.0	833.32	20.0	39.0	0.0	3300.0	0.0	0.0
62479.0	63.6	724.0	833.32	20.0	39.0	0.0	3300.0	0.0	0.0
62533.0	63.97	728.0	833.32	20.0	39.0	0.0	3300.0	0.0	0.0
62580.0	64.03	735.0	833.32	20.0	39.0	0.0	3300.0	0.0	0.0
62628.0	64.09	730.0	833.32	20.0	39.0	0.0	3300.0	0.0	0.0
62682.0	64.3	730.0	833.32	20.0	39.0	0.0	3300.0	0.0	0.0
62736.0	63.99	724.0	833.32	20.0	39.0	0.0	3300.0	0.0	0.0
62783.0	64.37	728.0	833.32	20.0	39.0	0.0	3300.0	0.0	0.0
62831.0	64.31	735.0	833.32	20.0	39.0	0.0	3300.0	0.0	0.0
62879.0	64.43	728.0	833.32	20.0	39.0	0.0	3300.0	0.0	0.0
62927.0	64.89	735.0	833.32	20.0	39.0	0.0	3300.0	0.0	0.0
62981.0	64.93	741.0	833.32	20.0	39.0	0.0	3300.0	0.0	0.0
63034.0	65.31	731.0	833.32	20.0	39.0	0.0	3300.0	0.0	0.0
63082.0	65.5	730.0	833.32	20.0	39.0	0.0	3300.0	0.0	0.0
63130.0	65.54	730.0	833.32	20.0	39.0	0.0	3300.0	0.0	0.0
63178.0	65.9	731.0	833.32	20.0	39.0	0.0	3300.0	0.0	0.0
63226.0	65.88	730.0	833.32	20.0	39.0	0.0	3300.0	0.0	0.0
63280.0	65.91	731.0	833.32	20.0	39.0	0.0	3300.0	0.0	0.0
63323.0	65.81	731.0	833.32	20.0	39.0	0.0	3300.0	0.0	0.0
63371.0	65.95	732.0	833.32	20.0	39.0	0.0	3300.0	0.0	0.0
63419.0	66.19	731.0	833.32	20.0	39.0	0.0	3300.0	0.0	0.0
63466.0	66.13	730.0	833.32	20.0	39.0	0.0	3300.0	0.0	0.0
63514.0	66.25	732.0	833.32	20.0	39.0	0.0	3300.0	0.0	0.0
63562.0	66.32	734.0	833.32	20.0	39.0	0.0	3300.0	0.0	0.0
63616.0	66.35	731.0	833.32	20.0	39.0	0.0	3300.0	0.0	0.0
63664.0	66.67	732.0	833.32	20.0	39.0	0.0	3300.0	0.0	0.0
63712.0	66.34	728.0	833.32	20.0	39.0	0.0	3300.0	0.0	0.0
63765.0	66.66	733.0	833.32	20.0	39.0	0.0	3300.0	0.0	0.0
63813.0	66.86	735.0	833.32	20.0	39.0	0.0	3300.0	0.0	0.0
63866.0	66.71	732.0	833.32	20.0	39.0	0.0	3300.0	0.0	0.0
63915.0	66.91	735.0	833.32	20.0	39.0	0.0	3300.0	0.0	0.0
63968.0	67.06	743.0	833.32	20.0	39.0	0.0	3300.0	0.0	0.0
64016.0	66.84	732.0	833.32	20.0	39.0	0.0	3300.0	0.0	0.0
64064.0	67.12	734.0	833.32	20.0	39.0	0.0	3300.0	0.0	0.0
64107.0	66.82	734.0	833.32	20.0	39.0	0.0	3300.0	0.0	0.0
64160.0	67.15	735.0	833.32	20.0	39.0	0.0	3300.0	0.0	0.0
64208.0	67.29	736.0	833.32	20.0	39.0	0.0	3300.0	0.0	0.0
64250.0	67.26	736.0	833.32	20.0	39.0	0.0	3300.0	0.0	0.0
64304.0	67.47	736.0	833.32	20.0	39.0	0.0	3300.0	0.0	0.0
64352.0	66.89	731.0	833.32	20.0	39.0	0.0	3300.0	0.0	0.0
64400.0	67.43	734.0	833.32	20.0	39.0	0.0	3300.0	0.0	0.0
64448.0	67.43	724.0	833.32	20.0	39.0	0.0	3300.0	0.0	0.0
64496.0	67.52	736.0	833.32	20.0	39.0	0.0	3300.0	0.0	0.0
64549.0	67.74	737.0	833.32	20.0	39.0	0.0	3300.0	0.0	0.0
64603.0	67.51	739.0	833.32	20.0	39.0	0.0	3300.0	0.0	0.0
64651.0	67.76	736.0	833.32	20.0	39.0	0.0	3300.0	0.0	0.0
64699.0	67.85	736.0	833.32	20.0	39.0	0.0	3300.0	0.0	0.0
64747.0	67.67	736.0	833.32	20.0	39.0	0.0	3300.0	0.0	0.0
64800.0	68.14	736.0	833.32	20.0	39.0	0.0	3300.0	0.0	0.0
64848.0	67.93	732.0	833.32	20.0	39.0	0.0	3300.0	0.0	0.0
64902.0	67.92	733.0	833.32	20.0	39.0	0.0	3300.0	0.0	0.0
64955.0	68.17	738.0	833.32	20.0	39.0	0.0	3300.0	0.0	0.0
65003.0	67.98	742.0	833.32	20.0	39.0	0.0	3300.0	0.0	0.0
65051.0	68.23	737.0	833.32	20.0	39.0	0.0	3300.0	0.0	0.0
65099.0	68.39	738.0	833.32	20.0	39.0	0.0	3300.0	0.0	0.0
65147.0	68.15	738.0	833.32	20.0	39.0	0.0	3300.0	0.0	0.0
65201.0	68.51	738.0	833.32	20.0	39.0	0.0	3300.0	0.0	0.0
65254.0	68.27	747.0	833.32	20.0	39.0	0.0	3300.0	0.0	0.0
65302.0	68.3	736.0	833.32	20.0	39.0	0.0	3300.0	0.0	0.0
65355.0	68.51	738.0	833.32	20.0	39.0	0.0	3300.0	0.0	0.0
65403.0	68.62	747.0	833.32	20.0	39.0	0.0	3300.0	0.0	0.0
65452.0	68.71	739.0	833.32	20.0	39.0	0.0	3300.0	0.0	0.0
65500.0	68.73	741.0	833.32	20.0	39.0	0.0	3300.0	0.0	0.0
65553.0	68.7	738.0	833.32	20.0	39.0	0.0	3300.0	0.0	0.0
65601.0	68.85	738.0	833.32	20.0	39.0	0.0	3300.0	0.0	0.0
65649.0	68.68	736.0	833.32	20.0	39.0	0.0	3300.0	0.0	0.0
65702.0	69.02	737.0	833.32	20.0	39.0	0.0	3300.0	0.0	0.0
65751.0	69.22	749.0	833.32	20.0	39.0	0.0	3300.0	0.0	0.0
65798.0	69.07	737.0	833.32	20.0	39.0	0.0	3300.0	0.0	0.0
65852.0	69.56	741.0	833.32	20.0	39.0	0.0	3300.0	0.0	0.0
65905.0	69.34	738.0	833.32	20.0	39.0	0.0	3300.0	0.0	0.0
65953.0	69.48	740.0	833.32	20.0	39.0	0.0	3300.0	0.0	0.0
66001.0	69.58	741.0	833.32	20.0	39.0	0.0	3300.0	0.0	0.0
66049.0	69.31	739.0	833.32	20.0	39.0	0.0	3300.0	0.0	0.0
66097.0	69.53	742.0	833.32	20.0	39.0	0.0	3300.0	0.0	0.0
66150.0	69.3	736.0	833.32	20.0	39.0	0.0	3300.0	0.0	0.0
66198.0	69.5	740.0	833.32	20.0	39.0	0.0	3300.0	0.0	0.0
66241.0	69.22	741.0	833.32	20.0	39.0	0.0	3300.0	0.0	0.0
66284.0	69.35	738.0	833.32	20.0	39.0	0.0	3300.0	0.0	0.0
66332.0	69.37	747.0	833.32	20.0	39.0	0.0	3300.0	0.0	0.0
66380.0	69.27	738.0	833.32	20.0	39.0	0.0	3300.0	0.0	0.0
66434.0	69.43	742.0	833.32	20.0	39.0	0.0	3300.0	0.0	0.0
66503.0	69.43	743.0	833.32	20.0	39.0	0.0	3300.0	0.0	0.0
66556.0	69.35	737.0	833.32	20.0	39.0	0.0	3300.0	0.0	0.0
66605.0	69.83	742.0	833.32	20.0	39.0	0.0	3300.0	0.0	0.0
66647.0	69.79	740.0	833.32	20.0	39.0	0.0	3300.0	0.0	0.0
66701.0	70.02	740.0	833.32	20.0	39.0	0.0	3300.0	0.0	0.0
66748.0	70.2	751.0	833.32	20.0	39.0	0.0	3300.0	0.0	0.0
66796.0	70.08	738.0	833.32	20.0	39.0	0.0	3300.0	0.0	0.0
66849.0	70.48	744.0	833.32	20.0	39.0	0.0	3300.0	0.0	0.0
66892.0	70.37	736.0	833.32	20.0	39.0	0.0	3300.0	0.0	0.0
66940.0	70.66	743.0	833.32	20.0	39.0	0.0	3300.0	0.0	0.0
66989.0	70.64	751.0	833.32	20.0	39.0	0.0	3300.0	0.0	0.0
67037.0	70.6	740.0	833.32	20.0	39.0	0.0	3300.0	0.0	0.0
67085.0	70.83	743.0	833.32	20.0	39.0	0.0	3300.0	0.0	0.0
67133.0	70.55	740.0	833.32	20.0	39.0	0.0	3300.0	0.0	0.0
67186.0	71.01	745.0	833.32	20.0	39.0	0.0	3300.0	0.0	0.0
67234.0	71.34	745.0	833.32	20.0	39.0	0.0	3300.0	0.0	0.0
67288.0	71.28	742.0	833.32	20.0	39.0	0.0	3300.0	0.0	0.0
67336.0	71.52	744.0	833.32	20.0	39.0	0.0	3300.0	0.0	0.0
67384.0	71.42	745.0	833.32	20.0	39.0	0.0	3300.0	0.0	0.0
67431.0	71.54	745.0	833.32	20.0	39.0	0.0	3300.0	0.0	0.0
67485.0	71.6	745.0	833.32	20.0	39.0	0.0	3300.0	0.0	0.0
67532.0	71.08	741.0	833.32	20.0	39.0	0.0	3300.0	0.0	0.0
67580.0	71.42	744.0	833.32	20.0	39.0	0.0	3300.0	0.0	0.0
67629.0	71.12	740.0	833.32	20.0	39.0	0.0	3300.0	0.0	0.0
67682.0	71.29	741.0	833.32	20.0	39.0	0.0	3300.0	0.0	0.0
67730.0	71.68	751.0	833.32	20.0	39.0	0.0	3300.0	0.0	0.0
67783.0	71.62	755.0	833.32	20.0	39.0	0.0	3300.0	0.0	0.0
67831.0	71.74	745.0	833.32	20.0	39.0	0.0	3300.0	0.0	0.0
67879.0	71.68	749.0	833.32	20.0	39.0	0.0	3300.0	0.0	0.0
67933.0	71.67	744.0	833.32	20.0	39.0	0.0	3300.0	0.0	0.0
67987.0	72.04	750.0	833.32	20.0	39.0	0.0	3300.0	0.0	0.0
68034.0	72.25	736.0	833.32	20.0	39.0	0.0	3300.0	0.0	0.0
68082.0	72.41	745.0	833.32	20.0	39.0	0.0	3300.0	0.0	0.0
68136.0	72.77	748.0	833.32	20.0	39.0	0.0	3300.0	0.0	0.0
68184.0	72.56	744.0	833.32	20.0	39.0	0.0	3300.0	0.0	0.0
68232.0	72.8	747.0	833.32	20.0	39.0	0.0	3300.0	0.0	0.0
68280.0	72.44	755.0	833.32	20.0	39.0	0.0	3300.0	0.0	0.0
68328.0	72.74	748.0	833.32	20.0	39.0	0.0	3300.0	0.0	0.0
68381.0	72.37	748.0	833.32	20.0	39.0	0.0	3300.0	0.0	0.0
68429.0	72.15	746.0	833.32	20.0	39.0	0.0	3300.0	0.0	0.0
68472.0	72.43	750.0	833.32	20.0	39.0	0.0	3300.0	0.0	0.0
68520.0	72.2	740.0	833.32	20.0	39.0	0.0	3300.0	0.0	0.0
68574.0	72.18	749.0	833.32	20.0	39.0	0.0	3300.0	0.0	0.0
68617.0	71.49	746.0	833.32	20.0	39.0	0.0	3300.0	0.0	0.0
68665.0	71.52	744.0	833.32	20.0	39.0	0.0	3300.0	0.0	0.0
68713.0	71.72	759.0	833.32	20.0	39.0	0.0	3300.0	0.0	0.0
68766.0	71.53	746.0	833.32	20.0	39.0	0.0	3300.0	0.0	0.0
68819.0	72.02	749.0	833.32	20.0	39.0	0.0	3200.0	0.0	0.0
68868.0	71.68	745.0	833.32	20.0	39.0	0.0	3300.0	0.0	0.0
68916.0	72.02	748.0	833.32	20.0	39.0	0.0	3200.0	0.0	0.0
68964.0	72.04	749.0	833.32	20.0	39.0	0.0	3200.0	0.0	0.0
69012.0	72.0	748.0	833.32	20.0	39.0	0.0	3200.0	0.0	0.0
69065.0	72.32	748.0	833.32	20.0	39.0	0.0	3200.0	0.0	0.0
69113.0	72.09	744.0	833.32	20.0	39.0	0.0	3200.0	0.0	0.0
69155.0	72.38	750.0	833.32	20.0	39.0	0.0	3200.0	0.0	0.0
69210.0	72.52	740.0	833.32	20.0	39.0	0.0	3300.0	0.0	0.0
69257.0	72.17	746.0	833.32	20.0	39.0	0.0	3200.0	0.0	0.0
69311.0	72.14	751.0	833.32	20.0	39.0	0.0	3200.0	0.0	0.0
69364.0	71.9	755.0	833.32	20.0	39.0	0.0	3200.0	0.0	0.0
69412.0	71.83	749.0	833.32	20.0	39.0	0.0	3200.0	0.0	0.0
69454.0	71.91	759.0	833.32	20.0	39.0	0.0	3200.0	0.0	0.0
69502.0	71.66	744.0	833.32	20.0	39.0	0.0	3200.0	0.0	0.0
69551.0	71.99	759.0	833.32	20.0	39.0	0.0	3200.0	0.0	0.0
69604.0	71.64	759.0	833.32	20.0	39.0	0.0	3200.0	0.0	0.0
69652.0	72.09	750.0	833.32	20.0	39.0	0.0	3200.0	0.0	0.0
69700.0	72.02	754.0	833.32	20.0	39.0	0.0	3200.0	0.0	0.0
69748.0	72.11	750.0	833.32	20.0	39.0	0.0	3200.0	0.0	0.0
69801.0	72.63	750.0	833.32	20.0	39.0	0.0	3200.0	0.0	0.0
69850.0	72.53	748.0	833.32	20.0	39.0	0.0	3200.0	0.0	0.0
69893.0	72.77	751.0	833.32	20.0	39.0	0.0	3200.0	0.0	0.0
69941.0	72.52	759.0	833.32	20.0	39.0	0.0	3200.0	0.0	0.0
69983.0	72.83	749.0	833.32	20.0	39.0	0.0	3200.0	0.0	0.0
70031.0	72.13	746.0	833.32	20.0	39.0	0.0	3200.0	0.0	0.0
70084.0	71.99	748.0	833.32	20.0	39.0	0.0	3200.0	0.0	0.0
70132.0	72.18	757.0	833.32	20.0	39.0	0.0	3200.0	0.0	0.0
70175.0	71.94	750.0	833.32	20.0	39.0	0.0	3200.0	0.0	0.0
70223.0	71.68	752.0	833.32	20.0	39.0	0.0	3200.0	0.0	0.0
70272.0	71.33	748.0	833.32	20.0	39.0	0.0	3200.0	0.0	0.0
70325.0	71.73	749.0	833.32	20.0	39.0	0.0	3200.0	0.0	0.0
70368.0	71.46	748.0	833.32	20.0	39.0	0.0	3200.0	0.0	0.0
70416.0	71.77	750.0	833.32	20.0	39.0	0.0	3200.0	0.0	0.0
70464.0	71.75	751.0	833.32	20.0	39.0	0.0	3200.0	0.0	0.0
70517.0	71.57	748.0	833.32	20.0	39.0	0.0	3200.0	0.0	0.0
70571.0	72.09	752.0	833.32	20.0	39.0	0.0	3200.0	0.0	0.0
70619.0	72.0	759.0	833.32	20.0	39.0	0.0	3200.0	0.0	0.0
70667.0	72.12	752.0	833.32	20.0	39.0	0.0	3200.0	0.0	0.0
70715.0	72.38	757.0	833.32	20.0	39.0	0.0	3200.0	0.0	0.0
70757.0	72.13	749.0	833.32	20.0	39.0	0.0	3200.0	0.0	0.0
70805.0	72.27	752.0	833.32	20.0	39.0	0.0	3200.0	0.0	0.0
70859.0	72.35	763.0	833.32	20.0	39.0	0.0	3200.0	0.0	0.0
70901.0	72.13	752.0	833.32	20.0	39.0	0.0	3200.0	0.0	0.0
70949.0	71.77	748.0	833.32	20.0	39.0	0.0	3200.0	0.0	0.0
70998.0	71.92	752.0	833.32	20.0	39.0	0.0	3200.0	0.0	0.0
71051.0	71.98	757.0	833.32	20.0	39.0	0.0	3200.0	0.0	0.0
71099.0	71.86	752.0	833.32	20.0	39.0	0.0	3200.0	0.0	0.0
71152.0	71.94	752.0	833.32	20.0	39.0	0.0	3200.0	0.0	0.0
71200.0	72.15	752.0	833.32	20.0	38.0	0.0	3200.0	0.0	0.0
71254.0	71.7	749.0	833.32	20.0	38.0	0.0	3200.0	0.0	0.0
71302.0	71.93	752.0	833.32	20.0	38.0	0.0	3200.0	0.0	0.0
71350.0	72.35	746.0	833.32	20.0	39.0	0.0	3200.0	0.0	0.0
71398.0	72.31	750.0	833.32	20.0	39.0	0.0	3200.0	0.0	0.0
71451.0	72.73	753.0	833.32	20.0	38.0	0.0	3200.0	0.0	0.0
71499.0	72.62	763.0	833.32	20.0	38.0	0.0	3200.0	0.0	0.0
71546.0	72.59	753.0	833.32	20.0	38.0	0.0	3200.0	0.0	0.0
71600.0	72.96	754.0	833.32	20.0	38.0	0.0	3200.0	0.0	0.0
71648.0	72.46	750.0	833.32	20.0	39.0	0.0	3200.0	0.0	0.0
71696.0	72.65	752.0	833.32	20.0	39.0	0.0	3200.0	0.0	0.0
71739.0	72.71	755.0	833.32	20.0	39.0	0.0	3200.0	0.0	0.0
71787.0	72.3	752.0	833.32	20.0	37.0	0.0	3200.0	0.0	0.0
71834.0	72.53	753.0	833.32	20.0	37.0	0.0	3200.0	0.0	0.0
71882.0	72.35	755.0	833.32	20.0	37.0	0.0	3200.0	0.0	0.0
71930.0	72.16	753.0	833.32	20.0	37.0	0.0	3200.0	0.0	0.0
71984.0	72.41	752.0	833.32	20.0	36.0	0.0	3200.0	0.0	0.0
72032.0	72.28	748.0	833.32	20.0	36.0	0.0	3200.0	0.0	0.0
72074.0	72.42	753.0	833.32	20.0	36.0	0.0	3200.0	0.0	0.0
72128.0	72.88	767.0	833.32	20.0	37.0	0.0	3200.0	0.0	0.0
72175.0	72.73	745.0	833.32	20.0	37.0	0.0	3200.0	0.0	0.0
72218.0	72.37	756.0	833.32	20.0	37.0	0.0	3200.0	0.0	0.0
72266.0	72.36	755.0	833.32	20.0	37.0	0.0	3200.0	0.0	0.0
72314.0	72.69	753.0	833.32	20.0	36.0	0.0	3200.0	0.0	0.0
72363.0	72.93	754.0	833.32	20.0	35.0	0.0	3200.0	0.0	0.0
72411.0	72.87	754.0	833.32	20.0	34.0	0.0	3200.0	0.0	0.0
72453.0	73.14	753.0	833.32	20.0	35.0	0.0	3200.0	0.0	0.0
72501.0	73.36	756.0	833.32	20.0	35.0	0.0	3200.0	0.0	0.0
72549.0	73.07	754.0	833.32	20.0	34.0	0.0	3200.0	0.0	0.0
72602.0	73.29	754.0	833.32	20.0	34.0	0.0	3200.0	0.0	0.0
72650.0	73.6	753.0	833.32	20.0	34.0	0.0	3200.0	0.0	0.0
72698.0	73.6	753.0	833.32	20.0	34.0	0.0	3200.0	0.0	0.0
72752.0	73.93	753.0	833.32	20.0	34.0	0.0	3200.0	0.0	0.0
72805.0	73.99	753.0	833.32	20.0	34.0	0.0	3200.0	0.0	0.0
72853.0	73.9	754.0	833.32	20.0	35.0	0.0	3200.0	0.0	0.0
72900.0	74.24	755.0	833.32	20.0	37.0	0.0	3200.0	0.0	0.0
72953.0	74.3	756.0	833.32	20.0	37.0	0.0	3200.0	0.0	0.0
73001.0	74.52	756.0	833.32	20.0	38.0	0.0	3200.0	0.0	0.0
73050.0	74.64	753.0	833.32	20.0	38.0	0.0	3200.0	0.0	0.0
73098.0	74.99	757.0	833.32	20.0	38.0	0.0	3200.0	0.0	0.0
73151.0	75.21	757.0	833.32	20.0	37.0	0.0	3200.0	0.0	0.0
73204.0	75.52	757.0	833.32	20.0	37.0	0.0	3200.0	0.0	0.0
73252.0	75.28	756.0	833.32	20.0	38.0	0.0	3200.0	0.0	0.0
73300.0	75.36	755.0	833.32	20.0	39.0	0.0	3200.0	0.0	0.0
73349.0	75.43	754.0	833.32	20.0	39.0	0.0	3200.0	0.0	0.0
73397.0	75.75	758.0	833.32	20.0	37.0	0.0	3200.0	0.0	0.0
73450.0	75.94	754.0	833.32	20.0	36.0	0.0	3200.0	0.0	0.0
73498.0	76.29	756.0	833.32	20.0	36.0	0.0	3200.0	0.0	0.0
73546.0	76.34	757.0	833.32	20.0	36.0	0.0	3200.0	0.0	0.0
73594.0	76.55	754.0	833.32	20.0	36.0	0.0	3200.0	0.0	0.0
73643.0	76.36	758.0	833.32	20.0	36.0	0.0	3200.0	0.0	0.0
73696.0	76.32	756.0	833.32	20.0	36.0	0.0	3200.0	0.0	0.0
73744.0	76.73	755.0	833.32	20.0	36.0	0.0	3200.0	0.0	0.0
73819.0	76.55	756.0	833.32	20.0	36.0	0.0	3200.0	0.0	0.0
73888.0	76.82	767.0	833.32	20.0	36.0	0.0	3200.0	0.0	0.0
73942.0	76.59	756.0	833.32	20.0	37.0	0.0	3200.0	0.0	0.0
73995.0	76.75	757.0	833.32	20.0	37.0	0.0	3200.0	0.0	0.0
74038.0	76.8	755.0	833.32	20.0	38.0	0.0	3200.0	0.0	0.0
74085.0	77.09	759.0	833.32	20.0	37.0	0.0	3200.0	0.0	0.0
74139.0	77.53	755.0	833.32	20.0	35.0	0.0	3200.0	0.0	0.0
74187.0	77.36	759.0	833.32	20.0	34.0	0.0	3200.0	0.0	0.0
74234.0	77.8	758.0	833.32	20.0	34.0	0.0	3200.0	0.0	0.0
74283.0	78.01	758.0	833.32	20.0	33.0	0.0	3200.0	0.0	0.0
74337.0	78.17	756.0	833.32	20.0	33.0	0.0	3200.0	0.0	0.0
74384.0	77.82	759.0	833.32	20.0	32.0	0.0	3200.0	0.0	0.0
74432.0	77.68	757.0	833.32	20.0	32.0	0.0	3200.0	0.0	0.0
74485.0	77.53	757.0	833.32	20.0	32.0	0.0	3200.0	0.0	0.0
74533.0	77.63	756.0	833.32	20.0	32.0	0.0	3200.0	0.0	0.0
74582.0	77.62	759.0	833.32	20.0	32.0	0.0	3200.0	0.0	0.0
74635.0	77.77	756.0	833.32	20.0	32.0	0.0	3200.0	0.0	0.0
74683.0	77.73	757.0	833.32	20.0	32.0	0.0	3200.0	0.0	0.0
74736.0	77.77	754.0	833.32	20.0	32.0	0.0	3200.0	0.0	0.0
74784.0	78.03	759.0	833.32	20.0	32.0	0.0	3200.0	0.0	0.0
74832.0	78.2	757.0	833.32	20.0	32.0	0.0	3200.0	0.0	0.0
74886.0	78.37	759.0	833.32	20.0	33.0	0.0	3200.0	0.0	0.0
74934.0	78.45	757.0	833.32	20.0	34.0	0.0	3200.0	0.0	0.0
74982.0	78.54	759.0	833.32	20.0	34.0	0.0	3200.0	0.0	0.0
75030.0	78.59	758.0	833.32	20.0	35.0	0.0	3200.0	0.0	0.0
75083.0	78.82	760.0	833.32	20.0	35.0	0.0	3200.0	0.0	0.0
75131.0	78.74	757.0	833.32	20.0	35.0	0.0	3200.0	0.0	0.0
75185.0	78.82	759.0	833.32	20.0	35.0	0.0	3200.0	0.0	0.0
75233.0	78.92	757.0	833.32	20.0	35.0	0.0	3200.0	0.0	0.0
75281.0	78.84	759.0	833.32	20.0	35.0	0.0	3200.0	0.0	0.0
75334.0	78.92	759.0	833.32	20.0	34.0	0.0	3200.0	0.0	0.0
75382.0	78.9	758.0	833.32	20.0	35.0	0.0	3200.0	0.0	0.0
75436.0	78.88	759.0	833.32	20.0	35.0	0.0	3200.0	0.0	0.0
75489.0	79.08	759.0	833.32	20.0	35.0	0.0	3200.0	0.0	0.0
75537.0	79.03	759.0	833.32	20.0	36.0	0.0	3200.0	0.0	0.0
75585.0	78.9	760.0	833.32	20.0	36.0	0.0	3200.0	0.0	0.0
75633.0	78.68	757.0	833.32	20.0	37.0	0.0	3200.0	0.0	0.0
75681.0	78.77	759.0	833.32	20.0	37.0	0.0	3200.0	0.0	0.0
75735.0	78.9	759.0	833.32	20.0	37.0	0.0	3200.0	0.0	0.0
75783.0	79.06	760.0	833.32	20.0	37.0	0.0	3200.0	0.0	0.0
75831.0	79.26	758.0	833.32	20.0	37.0	0.0	3200.0	0.0	0.0
75884.0	79.57	760.0	833.32	20.0	37.0	0.0	3200.0	0.0	0.0
75932.0	79.82	767.0	833.32	20.0	37.0	0.0	3200.0	0.0	0.0
75997.0	79.33	758.0	833.32	20.0	37.0	0.0	3200.0	0.0	0.0
76050.0	79.4	761.0	833.32	20.0	37.0	0.0	3200.0	0.0	0.0
76092.0	79.51	758.0	833.32	20.0	37.0	0.0	3200.0	0.0	0.0
76140.0	79.54	760.0	833.32	20.0	36.0	0.0	3200.0	0.0	0.0
76193.0	79.85	760.0	833.32	20.0	34.0	0.0	3200.0	0.0	0.0
76231.0	79.63	758.0	833.32	20.0	34.0	0.0	3200.0	0.0	0.0
76284.0	79.75	761.0	833.32	20.0	33.0	0.0	3200.0	0.0	0.0
76333.0	79.88	760.0	833.32	20.0	32.0	0.0	3200.0	0.0	0.0
76386.0	80.04	760.0	833.32	20.0	32.0	0.0	3200.0	0.0	0.0
76434.0	80.04	759.0	833.32	20.0	33.0	0.0	3200.0	0.0	0.0
76477.0	79.76	759.0	833.32	20.0	33.0	0.0	3200.0	0.0	0.0
76525.0	79.84	762.0	833.32	20.0	34.0	0.0	3200.0	0.0	0.0
76567.0	79.74	762.0	833.32	20.0	34.0	0.0	3200.0	0.0	0.0
76615.0	79.87	761.0	833.32	20.0	34.0	0.0	3200.0	0.0	0.0
76663.0	79.92	761.0	833.32	20.0	34.0	0.0	3200.0	0.0	0.0
76717.0	80.12	762.0	833.32	20.0	35.0	0.0	3200.0	0.0	0.0
76765.0	80.28	762.0	833.32	20.0	35.0	0.0	3200.0	0.0	0.0
76813.0	80.15	759.0	833.32	20.0	35.0	0.0	3200.0	0.0	0.0
76861.0	80.01	763.0	833.32	20.0	35.0	0.0	3200.0	0.0	0.0
76909.0	80.01	760.0	833.32	20.0	35.0	0.0	3200.0	0.0	0.0
76957.0	79.96	762.0	833.32	20.0	36.0	0.0	3200.0	0.0	0.0
77005.0	79.97	762.0	833.32	20.0	36.0	0.0	3200.0	0.0	0.0
77053.0	80.02	762.0	833.32	20.0	36.0	0.0	3200.0	0.0	0.0
77102.0	80.23	759.0	833.32	20.0	36.0	0.0	3200.0	0.0	0.0
77149.0	80.04	760.0	833.32	20.0	35.0	0.0	3200.0	0.0	0.0
77197.0	80.08	763.0	833.32	20.0	35.0	0.0	3200.0	0.0	0.0
77245.0	80.18	764.0	833.32	20.0	36.0	0.0	3200.0	0.0	0.0
77298.0	80.28	763.0	833.32	20.0	36.0	0.0	3200.0	0.0	0.0
77341.0	80.27	762.0	833.32	20.0	36.0	0.0	3200.0	0.0	0.0
77389.0	80.31	762.0	833.32	20.0	37.0	0.0	3200.0	0.0	0.0
77437.0	80.16	760.0	833.32	20.0	37.0	0.0	3200.0	0.0	0.0
77486.0	80.43	763.0	833.32	20.0	37.0	0.0	3200.0	0.0	0.0
77528.0	80.67	764.0	833.32	20.0	37.0	0.0	3200.0	0.0	0.0
77582.0	80.8	764.0	833.32	20.0	37.0	0.0	3200.0	0.0	0.0
77624.0	81.03	763.0	833.32	20.0	37.0	0.0	3200.0	0.0	0.0
77672.0	80.99	763.0	833.32	20.0	37.0	0.0	3200.0	0.0	0.0
77720.0	80.81	762.0	833.32	20.0	37.0	0.0	3200.0	0.0	0.0
77768.0	81.06	763.0	833.32	20.0	38.0	0.0	3200.0	0.0	0.0
77821.0	81.67	763.0	833.32	20.0	38.0	0.0	3200.0	0.0	0.0
77864.0	81.68	765.0	833.32	20.0	39.0	0.0	3200.0	0.0	0.0
77918.0	81.94	761.0	833.32	20.0	39.0	0.0	3200.0	0.0	0.0
77966.0	82.28	763.0	833.32	20.0	39.0	0.0	3200.0	0.0	0.0
78019.0	82.57	763.0	833.32	20.0	39.0	0.0	3200.0	0.0	0.0
78072.0	82.77	763.0	833.32	20.0	39.0	0.0	3200.0	0.0	0.0
78126.0	83.08	765.0	833.32	20.0	39.0	0.0	3200.0	0.0	0.0
78174.0	83.49	764.0	833.32	20.0	39.0	0.0	3200.0	0.0	0.0
78222.0	83.8	764.0	833.32	20.0	38.0	0.0	3200.0	0.0	0.0
78270.0	84.27	761.0	833.32	20.0	38.0	0.0	3200.0	0.0	0.0
78328.0	84.41	762.0	833.32	20.0	37.0	0.0	3200.0	0.0	0.0
78376.0	84.3	762.0	833.32	20.0	37.0	0.0	3200.0	0.0	0.0
78425.0	84.57	763.0	833.32	20.0	37.0	0.0	3200.0	0.0	0.0
78467.0	84.78	765.0	833.32	20.0	37.0	0.0	3200.0	0.0	0.0
78515.0	85.04	764.0	833.32	20.0	37.0	0.0	3200.0	0.0	0.0
78563.0	85.44	763.0	833.32	20.0	37.0	0.0	3200.0	0.0	0.0
78606.0	85.5	763.0	833.32	20.0	37.0	0.0	3200.0	0.0	0.0
78654.0	85.52	764.0	833.32	20.0	37.0	0.0	3200.0	0.0	0.0
78701.0	85.78	765.0	833.32	20.0	37.0	0.0	3200.0	0.0	0.0
78749.0	85.96	762.0	833.32	20.0	37.0	0.0	3200.0	0.0	0.0
78802.0	86.36	765.0	833.32	20.0	37.0	0.0	3200.0	0.0	0.0
78851.0	86.6	764.0	833.32	20.0	37.0	0.0	3200.0	0.0	0.0
78899.0	86.9	767.0	833.32	20.0	37.0	0.0	3200.0	0.0	0.0
78952.0	87.72	765.0	833.32	20.0	37.0	0.0	3200.0	0.0	0.0
79000.0	87.51	766.0	833.32	20.0	37.0	0.0	3200.0	0.0	0.0
79048.0	87.52	766.0	833.32	20.0	38.0	0.0	3200.0	0.0	0.0
79096.0	87.59	764.0	833.32	20.0	38.0	0.0	3200.0	0.0	0.0
79139.0	87.85	766.0	833.32	20.0	38.0	0.0	3200.0	0.0	0.0
79186.0	87.78	766.0	833.32	20.0	38.0	0.0	3200.0	0.0	0.0
79235.0	88.02	765.0	833.32	20.0	38.0	0.0	3200.0	0.0	0.0
79283.0	88.35	766.0	833.32	20.0	38.0	0.0	3200.0	0.0	0.0
79331.0	88.57	763.0	833.32	20.0	38.0	0.0	3200.0	0.0	0.0
79379.0	88.92	768.0	833.32	20.0	38.0	0.0	3200.0	0.0	0.0
79432.0	89.18	764.0	833.32	20.0	38.0	0.0	3200.0	0.0	0.0
79480.0	89.6	767.0	833.32	20.0	38.0	0.0	3200.0	0.0	0.0
79523.0	89.88	767.0	833.32	20.0	38.0	0.0	3200.0	0.0	0.0
79571.0	89.97	766.0	833.32	20.0	38.0	0.0	3200.0	0.0	0.0
79620.0	90.09	765.0	833.32	20.0	37.0	0.0	3200.0	0.0	0.0
79667.0	90.22	767.0	833.32	20.0	36.0	0.0	3200.0	0.0	0.0
79721.0	90.53	764.0	833.32	20.0	35.0	0.0	3200.0	0.0	0.0
79768.0	91.09	765.0	833.32	20.0	34.0	0.0	3200.0	0.0	0.0
79816.0	91.23	766.0	833.32	20.0	34.0	0.0	3200.0	0.0	0.0
79869.0	91.38	766.0	833.32	20.0	34.0	0.0	3200.0	0.0	0.0
79918.0	91.83	767.0	833.32	20.0	34.0	0.0	3200.0	0.0	0.0
79961.0	92.15	768.0	833.32	20.0	34.0	0.0	3200.0	0.0	0.0
80009.0	92.56	769.0	833.32	20.0	34.0	0.0	3200.0	0.0	0.0
80062.0	93.07	769.0	833.32	20.0	34.0	0.0	3200.0	0.0	0.0
80110.0	93.46	768.0	833.32	20.0	34.0	0.0	3200.0	0.0	0.0
80158.0	93.6	768.0	833.32	20.0	34.0	0.0	3200.0	0.0	0.0
80201.0	93.97	766.0	833.32	20.0	33.0	0.0	3200.0	0.0	0.0
80254.0	94.33	767.0	833.32	20.0	34.0	0.0	3200.0	0.0	0.0
80303.0	94.73	768.0	833.32	20.0	34.0	0.0	3200.0	0.0	0.0
80350.0	95.3	766.0	833.32	20.0	34.0	0.0	3200.0	0.0	0.0
80404.0	95.72	768.0	833.32	20.0	34.0	0.0	3200.0	0.0	0.0
80451.0	95.96	768.0	833.32	20.0	34.0	0.0	3200.0	0.0	0.0
80499.0	96.08	767.0	833.32	20.0	34.0	0.0	3200.0	0.0	0.0
80547.0	96.43	767.0	833.32	20.0	34.0	0.0	3200.0	0.0	0.0
80595.0	96.78	766.0	833.32	20.0	34.0	0.0	3200.0	0.0	0.0
80644.0	97.32	770.0	833.32	20.0	33.0	0.0	3200.0	0.0	0.0
80692.0	97.61	768.0	833.32	20.0	33.0	0.0	3200.0	0.0	0.0
80734.0	98.38	769.0	833.32	20.0	33.0	0.0	3200.0	0.0	0.0
80782.0	98.65	770.0	833.32	20.0	33.0	0.0	3200.0	0.0	0.0
80835.0	99.07	770.0	833.32	20.0	33.0	0.0	3200.0	0.0	0.0
80883.0	99.46	770.0	833.32	20.0	32.0	0.0	3200.0	0.0	0.0
80931.0	99.47	768.0	833.32	20.0	32.0	0.0	3200.0	0.0	0.0
80979.0	99.76	771.0	833.32	20.0	32.0	0.0	3200.0	0.0	0.0
81028.0	100.05	770.0	833.32	20.0	32.0	0.0	3200.0	0.0	0.0
81076.0	100.63	771.0	833.32	20.0	32.0	0.0	3200.0	0.0	0.0
81119.0	101.09	772.0	833.32	20.0	32.0	0.0	3200.0	0.0	0.0
81168.0	101.37	772.0	833.32	20.0	33.0	0.0	3200.0	0.0	0.0
81216.0	101.58	768.0	833.32	20.0	34.0	0.0	3200.0	0.0	0.0
81270.0	101.99	769.0	833.32	20.0	34.0	0.0	3200.0	0.0	0.0
81318.0	102.3	771.0	833.32	20.0	34.0	0.0	3200.0	0.0	0.0
81361.0	102.35	771.0	833.32	20.0	34.0	0.0	3200.0	0.0	0.0
81410.0	102.83	769.0	833.32	20.0	34.0	0.0	3200.0	0.0	0.0
81459.0	103.06	772.0	833.32	20.0	34.0	0.0	3200.0	0.0	0.0
81502.0	103.14	772.0	833.32	20.0	34.0	0.0	3200.0	0.0	0.0
81550.0	103.48	769.0	833.32	20.0	34.0	0.0	3200.0	0.0	0.0
81598.0	103.77	768.0	833.32	20.0	35.0	0.0	3200.0	0.0	0.0
81647.0	104.11	773.0	833.32	20.0	35.0	0.0	3200.0	0.0	0.0
81695.0	104.28	772.0	833.32	20.0	35.0	0.0	3200.0	0.0	0.0
81743.0	104.58	772.0	833.32	20.0	35.0	0.0	3200.0	0.0	0.0
81793.0	104.86	769.0	833.32	20.0	34.0	0.0	3200.0	0.0	0.0
81846.0	104.95	770.0	833.32	20.0	34.0	0.0	3200.0	0.0	0.0
81889.0	105.18	773.0	833.32	20.0	34.0	0.0	3200.0	0.0	0.0
81938.0	105.34	774.0	833.32	20.0	34.0	0.0	3200.0	0.0	0.0
81986.0	105.48	772.0	833.32	20.0	34.0	0.0	3200.0	0.0	0.0
82040.0	105.65	769.0	833.32	20.0	34.0	0.0	3200.0	0.0	0.0
82088.0	106.14	774.0	833.32	20.0	34.0	0.0	3200.0	0.0	0.0
82131.0	106.41	770.0	833.32	20.0	34.0	0.0	3200.0	0.0	0.0
82186.0	106.82	773.0	833.32	20.0	34.0	0.0	3200.0	0.0	0.0
82234.0	106.83	774.0	833.32	20.0	34.0	0.0	3200.0	0.0	0.0
82282.0	107.41	771.0	833.32	20.0	34.0	0.0	3200.0	0.0	0.0
82336.0	107.12	774.0	833.32	20.0	34.0	0.0	3200.0	0.0	0.0
82379.0	107.41	775.0	833.32	20.0	34.0	0.0	3200.0	0.0	0.0
82427.0	107.72	775.0	833.32	20.0	34.0	0.0	3200.0	0.0	0.0
82477.0	107.84	773.0	833.32	20.0	34.0	0.0	3200.0	0.0	0.0
82520.0	108.0	774.0	833.32	20.0	34.0	0.0	3200.0	0.0	0.0
82568.0	108.09	775.0	833.32	20.0	34.0	0.0	3200.0	0.0	0.0
82621.0	108.3	776.0	833.32	20.0	34.0	0.0	3200.0	0.0	0.0
82664.0	108.51	775.0	833.32	20.0	34.0	0.0	3200.0	0.0	0.0
82718.0	109.01	775.0	833.32	20.0	34.0	0.0	3200.0	0.0	0.0
82766.0	109.22	775.0	833.32	20.0	34.0	0.0	3200.0	0.0	0.0
82809.0	109.41	783.0	833.32	20.0	34.0	0.0	3200.0	0.0	0.0
82857.0	109.39	776.0	833.32	20.0	35.0	0.0	3200.0	0.0	0.0
82907.0	109.48	776.0	833.32	20.0	35.0	0.0	3200.0	0.0	0.0
82950.0	109.51	773.0	833.32	20.0	35.0	0.0	3200.0	0.0	0.0
82998.0	109.45	773.0	833.32	20.0	35.0	0.0	3200.0	0.0	0.0
83051.0	109.97	775.0	833.32	20.0	34.0	0.0	3200.0	0.0	0.0
83100.0	110.06	777.0	833.32	20.0	34.0	0.0	3200.0	0.0	0.0
83153.0	110.18	775.0	833.32	20.0	35.0	0.0	3200.0	0.0	0.0
83203.0	110.31	777.0	833.32	20.0	35.0	0.0	3200.0	0.0	0.0
83251.0	110.42	774.0	833.32	20.0	34.0	0.0	3200.0	0.0	0.0
83299.0	110.57	774.0	833.32	20.0	35.0	0.0	3200.0	0.0	0.0
83347.0	110.56	777.0	833.32	20.0	35.0	0.0	3200.0	0.0	0.0
83401.0	110.55	777.0	833.32	20.0	35.0	0.0	3200.0	0.0	0.0
83449.0	110.32	778.0	833.32	20.0	35.0	0.0	3200.0	0.0	0.0
83499.0	110.57	777.0	833.32	20.0	35.0	0.0	3200.0	0.0	0.0
83552.0	110.88	775.0	833.32	20.0	35.0	0.0	3200.0	0.0	0.0
83601.0	111.31	778.0	833.32	20.0	35.0	0.0	3200.0	0.0	0.0
83649.0	111.48	779.0	833.32	20.0	35.0	0.0	3200.0	0.0	0.0
83703.0	111.55	778.0	833.32	20.0	35.0	0.0	3200.0	0.0	0.0
83751.0	111.25	777.0	833.32	20.0	35.0	0.0	3200.0	0.0	0.0
83800.0	111.38	777.0	833.32	20.0	35.0	0.0	3200.0	0.0	0.0
83854.0	111.62	777.0	833.32	20.0	35.0	0.0	3200.0	0.0	0.0
83902.0	111.89	780.0	833.32	20.0	35.0	0.0	3200.0	0.0	0.0
83950.0	112.13	777.0	833.32	20.0	35.0	0.0	3200.0	0.0	0.0
84004.0	112.26	778.0	833.32	20.0	35.0	0.0	3200.0	0.0	0.0
84052.0	112.11	777.0	833.32	20.0	35.0	0.0	3200.0	0.0	0.0
84102.0	112.36	779.0	833.32	20.0	35.0	0.0	3200.0	0.0	0.0
84150.0	112.83	783.0	833.32	20.0	35.0	0.0	3200.0	0.0	0.0
84198.0	113.09	780.0	833.32	20.0	35.0	0.0	3200.0	0.0	0.0
84246.0	113.05	779.0	833.32	20.0	35.0	0.0	3200.0	0.0	0.0
84300.0	113.27	778.0	833.32	20.0	35.0	0.0	3200.0	0.0	0.0
84348.0	113.52	781.0	833.32	20.0	35.0	0.0	3200.0	0.0	0.0
84398.0	113.86	781.0	833.32	20.0	34.0	0.0	3200.0	0.0	0.0
84451.0	114.28	779.0	833.32	20.0	34.0	0.0	3200.0	0.0	0.0
84494.0	114.54	777.0	833.32	20.0	34.0	0.0	3200.0	0.0	0.0
84570.0	115.28	782.0	833.32	20.0	35.0	0.0	3200.0	0.0	0.0
84639.0	115.62	782.0	833.32	20.0	35.0	0.0	3200.0	0.0	0.0
84688.0	116.07	782.0	833.32	20.0	35.0	0.0	3200.0	0.0	0.0
84742.0	116.21	781.0	833.32	20.0	35.0	0.0	3200.0	0.0	0.0
84791.0	116.45	781.0	833.32	20.0	35.0	0.0	3200.0	0.0	0.0
84839.0	116.73	782.0	833.32	20.0	35.0	0.0	3200.0	0.0	0.0
84887.0	116.97	782.0	833.32	20.0	36.0	0.0	3200.0	0.0	0.0
84935.0	117.42	780.0	833.32	20.0	36.0	0.0	3200.0	0.0	0.0
84984.0	117.62	780.0	833.32	20.0	36.0	0.0	3200.0	0.0	0.0
85032.0	117.52	781.0	833.32	20.0	36.0	0.0	3200.0	0.0	0.0
85081.0	117.49	781.0	833.32	20.0	36.0	0.0	3200.0	0.0	0.0
85135.0	117.8	782.0	833.32	20.0	36.0	0.0	3200.0	0.0	0.0
85178.0	117.95	782.0	833.32	20.0	36.0	0.0	3200.0	0.0	0.0
85221.0	118.77	784.0	833.32	20.0	36.0	0.0	3200.0	0.0	0.0
85270.0	118.93	784.0	833.32	20.0	36.0	0.0	3200.0	0.0	0.0
85318.0	118.98	783.0	833.32	20.0	36.0	0.0	3200.0	0.0	0.0
85366.0	119.45	784.0	833.32	20.0	36.0	0.0	3200.0	0.0	0.0
85414.0	119.44	782.0	833.32	20.0	36.0	0.0	3200.0	0.0	0.0
85474.0	119.56	783.0	833.32	20.0	36.0	0.0	3200.0	0.0	0.0
85561.0	119.43	781.0	833.32	20.0	35.0	0.0	3200.0	0.0	0.0
85614.0	119.63	784.0	833.32	20.0	35.0	0.0	3200.0	0.0	0.0
85668.0	120.18	785.0	833.32	20.0	36.0	0.0	3000.0	0.0	0.0
85716.0	120.23	785.0	833.32	20.0	36.0	0.0	3000.0	0.0	0.0
85766.0	120.41	786.0	833.32	20.0	36.0	0.0	3000.0	0.0	0.0
85814.0	120.58	782.0	833.32	20.0	35.0	0.0	3000.0	0.0	0.0
85867.0	120.88	786.0	833.32	20.0	35.0	0.0	3000.0	0.0	0.0
85916.0	121.16	786.0	833.32	20.0	34.0	0.0	3000.0	0.0	0.0
85969.0	121.21	787.0	833.32	20.0	34.0	0.0	3000.0	0.0	0.0
86013.0	121.35	784.0	833.32	20.0	34.0	0.0	3000.0	0.0	0.0
86056.0	121.52	787.0	833.32	20.0	34.0	0.0	3000.0	0.0	0.0
86105.0	121.5	784.0	833.32	20.0	34.0	0.0	3000.0	0.0	0.0
86153.0	121.51	785.0	833.32	20.0	34.0	0.0	3000.0	0.0	0.0
86202.0	121.73	787.0	833.32	20.0	34.0	0.0	3000.0	0.0	0.0
86245.0	121.74	788.0	833.32	20.0	34.0	0.0	3000.0	0.0	0.0
86293.0	121.84	786.0	833.32	20.0	34.0	0.0	3000.0	0.0	0.0
86336.0	121.81	786.0	833.32	20.0	34.0	0.0	3000.0	0.0	0.0
86384.0	121.89	788.0	833.32	20.0	34.0	0.0	3000.0	0.0	0.0
86433.0	122.08	787.0	833.32	20.0	34.0	0.0	3000.0	0.0	0.0
86481.0	122.17	790.0	833.32	20.0	36.0	0.0	3000.0	0.0	0.0
86524.0	122.27	789.0	833.32	20.0	37.0	0.0	3000.0	0.0	0.0
86574.0	122.07	787.0	833.32	20.0	38.0	0.0	3000.0	0.0	0.0
86617.0	122.03	787.0	833.32	20.0	38.0	0.0	3000.0	0.0	0.0
86670.0	122.23	793.0	833.32	20.0	38.0	0.0	3000.0	0.0	0.0
86713.0	122.27	788.0	833.32	20.0	38.0	0.0	3000.0	0.0	0.0
86756.0	122.41	790.0	833.32	20.0	38.0	0.0	3000.0	0.0	0.0
86805.0	122.6	792.0	833.32	20.0	38.0	0.0	3000.0	0.0	0.0
86853.0	122.78	789.0	833.32	20.0	38.0	0.0	3000.0	0.0	0.0
86902.0	122.72	791.0	833.32	20.0	38.0	0.0	3000.0	0.0	0.0
86950.0	123.02	799.0	833.32	20.0	38.0	0.0	3000.0	0.0	0.0
86999.0	122.78	792.0	833.32	20.0	38.0	0.0	3000.0	0.0	0.0
87048.0	122.87	794.0	833.32	20.0	38.0	0.0	3000.0	0.0	0.0
87096.0	123.1	795.0	833.32	20.0	39.0	0.0	3000.0	0.0	0.0
87144.0	123.13	793.0	833.32	20.0	39.0	0.0	3000.0	0.0	0.0
87193.0	123.0	792.0	833.32	20.0	39.0	0.0	3000.0	0.0	0.0
87246.0	123.08	795.0	833.32	20.0	39.0	0.0	3000.0	0.0	0.0
87289.0	123.13	796.0	833.32	20.0	39.0	0.0	3000.0	0.0	0.0
87337.0	122.95	795.0	833.32	20.0	39.0	0.0	3000.0	0.0	0.0
87387.0	123.14	797.0	833.32	20.0	39.0	0.0	3000.0	0.0	0.0
87440.0	122.94	796.0	833.32	20.0	39.0	0.0	3000.0	0.0	0.0
87488.0	123.24	799.0	833.32	20.0	39.0	0.0	3000.0	0.0	0.0
87537.0	123.12	799.0	833.32	20.0	39.0	0.0	3000.0	0.0	0.0
87585.0	123.25	799.0	833.32	20.0	39.0	0.0	3000.0	0.0	0.0
87633.0	123.3	796.0	833.32	20.0	39.0	0.0	3000.0	0.0	0.0
87683.0	123.19	797.0	833.32	20.0	39.0	0.0	3000.0	0.0	0.0
87731.0	123.62	813.0	833.32	20.0	39.0	0.0	3000.0	0.0	0.0
87779.0	123.46	801.0	833.32	20.0	39.0	0.0	3000.0	0.0	0.0
87833.0	123.45	801.0	833.32	20.0	39.0	0.0	3000.0	0.0	0.0
87881.0	123.8	802.0	833.32	20.0	39.0	0.0	3000.0	0.0	0.0
87929.0	123.7	802.0	833.32	20.0	39.0	0.0	3000.0	0.0	0.0
87979.0	123.23	792.0	833.32	20.0	39.0	0.0	3000.0	0.0	0.0
88022.0	123.46	804.0	833.32	20.0	39.0	0.0	3000.0	0.0	0.0
88070.0	123.42	803.0	833.32	20.0	39.0	0.0	3000.0	0.0	0.0
88118.0	123.41	804.0	833.32	20.0	39.0	0.0	3000.0	0.0	0.0
88161.0	123.54	804.0	833.32	20.0	39.0	0.0	3000.0	0.0	0.0
88210.0	123.51	805.0	833.32	20.0	39.0	0.0	3000.0	0.0	0.0
88258.0	123.39	805.0	833.32	20.0	39.0	0.0	3000.0	0.0	0.0
88306.0	123.43	805.0	833.32	20.0	39.0	0.0	3000.0	0.0	0.0
88355.0	123.28	803.0	833.32	20.0	39.0	0.0	3000.0	0.0	0.0
88403.0	123.64	804.0	833.32	20.0	39.0	0.0	3000.0	0.0	0.0
88452.0	123.42	805.0	833.32	20.0	39.0	0.0	3000.0	0.0	0.0
88500.0	123.48	807.0	833.32	20.0	39.0	0.0	2900.0	0.0	0.0
88549.0	123.54	807.0	833.32	20.0	39.0	0.0	2900.0	0.0	0.0
88602.0	123.29	808.0	833.32	20.0	39.0	0.0	2900.0	0.0	0.0
88651.0	123.78	809.0	833.32	20.0	39.0	0.0	2900.0	0.0	0.0
88699.0	123.66	808.0	833.32	20.0	39.0	0.0	2900.0	0.0	0.0
88753.0	123.32	805.0	833.32	20.0	39.0	0.0	2900.0	0.0	0.0
88802.0	123.76	808.0	833.32	20.0	39.0	0.0	2900.0	0.0	0.0
88850.0	123.55	806.0	833.32	20.0	39.0	0.0	2900.0	0.0	0.0
88898.0	123.35	807.0	833.32	20.0	39.0	0.0	2900.0	0.0	0.0
88952.0	123.66	806.0	833.32	20.0	39.0	0.0	2900.0	0.0	0.0
89000.0	123.62	809.0	833.32	20.0	39.0	0.0	2900.0	0.0	0.0
89050.0	123.54	810.0	833.32	20.0	39.0	0.0	2900.0	0.0	0.0
89103.0	123.43	810.0	833.32	20.0	39.0	0.0	2900.0	0.0	0.0
89151.0	123.38	807.0	833.32	20.0	39.0	0.0	2900.0	0.0	0.0
89200.0	123.22	810.0	833.32	20.0	39.0	0.0	2900.0	0.0	0.0
89253.0	122.89	810.0	833.32	20.0	39.0	0.0	2900.0	0.0	0.0
89303.0	122.83	808.0	833.32	20.0	39.0	0.0	2900.0	0.0	0.0
89356.0	122.78	810.0	833.32	20.0	39.0	0.0	2900.0	0.0	0.0
89404.0	122.92	811.0	833.32	20.0	39.0	0.0	2900.0	0.0	0.0
89453.0	123.01	809.0	833.32	20.0	39.0	0.0	2900.0	0.0	0.0
89501.0	123.0	812.0	833.32	20.0	39.0	0.0	2900.0	0.0	0.0
89549.0	122.66	809.0	833.32	20.0	39.0	0.0	2900.0	0.0	0.0
89604.0	122.99	812.0	833.32	20.0	39.0	0.0	2900.0	0.0	0.0
89652.0	122.84	809.0	833.32	20.0	39.0	0.0	2900.0	0.0	0.0
89700.0	122.59	813.0	833.32	20.0	39.0	0.0	2900.0	0.0	0.0
89754.0	122.7	810.0	833.32	20.0	39.0	0.0	2900.0	0.0	0.0
89802.0	122.56	813.0	833.32	20.0	39.0	0.0	2900.0	0.0	0.0
89851.0	122.36	815.0	833.32	20.0	39.0	0.0	2900.0	0.0	0.0
89905.0	122.19	814.0	833.32	20.0	39.0	0.0	2900.0	0.0	0.0
89953.0	122.06	812.0	833.32	20.0	39.0	0.0	2900.0	0.0	0.0
90002.0	122.35	814.0	833.32	20.0	39.0	0.0	2900.0	0.0	0.0
90055.0	122.34	812.0	833.32	20.0	39.0	0.0	2900.0	0.0	0.0
90104.0	122.39	814.0	833.32	20.0	39.0	0.0	2900.0	0.0	0.0
90152.0	122.52	812.0	833.32	20.0	39.0	0.0	2900.0	0.0	0.0
90201.0	122.43	814.0	833.32	20.0	39.0	0.0	2900.0	0.0	0.0
90250.0	122.07	812.0	833.32	20.0	39.0	0.0	2900.0	0.0	0.0
90298.0	122.13	813.0	833.32	20.0	39.0	0.0	2900.0	0.0	0.0
90351.0	122.15	812.0	833.32	20.0	39.0	0.0	2900.0	0.0	0.0
90400.0	122.24	813.0	833.32	20.0	39.0	0.0	2900.0	0.0	0.0
90448.0	122.2	815.0	833.32	20.0	39.0	0.0	2900.0	0.0	0.0
90503.0	122.39	816.0	833.32	20.0	39.0	0.0	2900.0	0.0	0.0
90551.0	122.53	815.0	833.32	20.0	39.0	0.0	2900.0	0.0	0.0
90604.0	122.59	816.0	833.32	20.0	39.0	0.0	2900.0	0.0	0.0
90653.0	122.72	812.0	833.32	20.0	39.0	0.0	2900.0	0.0	0.0
90701.0	122.82	815.0	833.32	20.0	39.0	0.0	2900.0	0.0	0.0
90756.0	122.5	813.0	833.32	20.0	39.0	0.0	2900.0	0.0	0.0
90804.0	122.66	816.0	833.32	20.0	39.0	0.0	2900.0	0.0	0.0
90852.0	122.65	813.0	833.32	20.0	39.0	0.0	2900.0	0.0	0.0
90900.0	122.6	816.0	833.32	20.0	39.0	0.0	2900.0	0.0	0.0
90949.0	122.82	817.0	833.32	20.0	39.0	0.0	2900.0	0.0	0.0
91002.0	122.68	816.0	833.32	20.0	39.0	0.0	2900.0	0.0	0.0
91051.0	122.82	819.0	833.32	20.0	39.0	0.0	2900.0	0.0	0.0
91100.0	122.79	814.0	833.32	20.0	39.0	0.0	2900.0	0.0	0.0
91153.0	122.92	815.0	833.32	20.0	39.0	0.0	2900.0	0.0	0.0
91201.0	122.84	817.0	833.32	20.0	39.0	0.0	2900.0	0.0	0.0
91250.0	122.85	817.0	833.32	20.0	39.0	0.0	2900.0	0.0	0.0
91303.0	123.18	817.0	833.32	20.0	39.0	0.0	2900.0	0.0	0.0
91352.0	123.07	814.0	833.32	20.0	39.0	0.0	2900.0	0.0	0.0
91401.0	123.09	817.0	833.32	20.0	39.0	0.0	2900.0	0.0	0.0
91449.0	123.18	818.0	833.32	20.0	39.0	0.0	2900.0	0.0	0.0
91502.0	123.07	817.0	833.32	20.0	39.0	0.0	2900.0	0.0	0.0
91551.0	123.08	816.0	833.32	20.0	39.0	0.0	2900.0	0.0	0.0
91604.0	122.96	816.0	833.32	20.0	39.0	0.0	2900.0	0.0	0.0
91653.0	123.03	816.0	833.32	20.0	39.0	0.0	2900.0	0.0	0.0
91702.0	123.06	818.0	833.32	20.0	39.0	0.0	2900.0	0.0	0.0
91755.0	123.06	816.0	833.32	20.0	39.0	0.0	2900.0	0.0	0.0
91803.0	123.05	818.0	833.32	20.0	39.0	0.0	2900.0	0.0	0.0
91852.0	123.16	815.0	833.32	20.0	39.0	0.0	2900.0	0.0	0.0
91900.0	123.25	818.0	833.32	20.0	39.0	0.0	2900.0	0.0	0.0
91949.0	123.37	818.0	833.32	20.0	39.0	0.0	2900.0	0.0	0.0
92003.0	123.46	818.0	833.32	20.0	39.0	0.0	2900.0	0.0	0.0
92051.0	123.52	816.0	833.32	20.0	39.0	0.0	2900.0	0.0	0.0
92105.0	123.63	818.0	833.32	20.0	39.0	0.0	2900.0	0.0	0.0
92153.0	123.64	817.0	833.32	20.0	39.0	0.0	2900.0	0.0	0.0
92201.0	123.75	817.0	833.32	20.0	39.0	0.0	2900.0	0.0	0.0
92251.0	123.71	820.0	833.32	20.0	39.0	0.0	2900.0	0.0	0.0
92304.0	123.84	820.0	833.32	20.0	39.0	0.0	2900.0	0.0	0.0
92352.0	123.71	818.0	833.32	20.0	39.0	0.0	2900.0	0.0	0.0
92406.0	123.8	821.0	833.32	20.0	39.0	0.0	2900.0	0.0	0.0
92454.0	124.09	820.0	833.32	20.0	39.0	0.0	2900.0	0.0	0.0
92509.0	123.9	823.0	833.32	20.0	39.0	0.0	2900.0	0.0	0.0
92557.0	124.4	819.0	833.32	20.0	39.0	0.0	2900.0	0.0	0.0
92611.0	124.53	824.0	833.32	20.0	39.0	0.0	2900.0	0.0	0.0
92654.0	124.24	821.0	833.32	20.0	39.0	0.0	2900.0	0.0	0.0
92707.0	124.74	824.0	833.32	20.0	39.0	0.0	2900.0	0.0	0.0
92756.0	124.76	818.0	833.32	20.0	39.0	0.0	2900.0	0.0	0.0
92805.0	124.83	825.0	833.32	20.0	39.0	0.0	2900.0	0.0	0.0
92853.0	125.21	823.0	833.32	20.0	39.0	0.0	2900.0	0.0	0.0
92901.0	125.4	826.0	833.32	20.0	39.0	0.0	2900.0	0.0	0.0
92950.0	125.08	825.0	833.32	20.0	39.0	0.0	2900.0	0.0	0.0
93003.0	125.11	827.0	833.32	20.0	39.0	0.0	2900.0	0.0	0.0
93052.0	125.47	824.0	833.32	20.0	39.0	0.0	2900.0	0.0	0.0
93106.0	125.83	827.0	833.32	20.0	39.0	0.0	2900.0	0.0	0.0
93154.0	126.05	825.0	833.32	20.0	39.0	0.0	2900.0	0.0	0.0
93203.0	126.38	827.0	833.32	20.0	38.0	0.0	2800.0	0.0	0.0
93251.0	126.5	828.0	833.32	20.0	38.0	0.0	2800.0	0.0	0.0
93299.0	126.57	827.0	833.32	20.0	38.0	0.0	2800.0	0.0	0.0
93353.0	126.47	826.0	833.32	20.0	39.0	0.0	2800.0	0.0	0.0
93402.0	126.49	825.0	833.32	20.0	39.0	0.0	2800.0	0.0	0.0
93451.0	126.69	829.0	833.32	20.0	39.0	0.0	2800.0	0.0	0.0
93499.0	127.39	827.0	833.32	20.0	39.0	0.0	2800.0	0.0	0.0
93552.0	126.93	827.0	833.32	20.0	39.0	0.0	2800.0	0.0	0.0
93601.0	127.16	829.0	833.32	20.0	39.0	0.0	2800.0	0.0	0.0
93655.0	127.48	828.0	833.32	20.0	39.0	0.0	2800.0	0.0	0.0
93704.0	127.14	827.0	833.32	20.0	39.0	0.0	2800.0	0.0	0.0
93752.0	127.62	839.0	833.32	20.0	39.0	0.0	2800.0	0.0	0.0
93805.0	127.73	829.0	833.32	20.0	39.0	0.0	2800.0	0.0	0.0
93849.0	127.78	829.0	833.32	20.0	39.0	0.0	2800.0	0.0	0.0
93902.0	128.09	829.0	833.32	20.0	38.0	0.0	2800.0	0.0	0.0
93950.0	127.78	827.0	833.32	20.0	38.0	0.0	2800.0	0.0	0.0
94000.0	127.87	831.0	833.32	20.0	38.0	0.0	2800.0	0.0	0.0
94053.0	127.88	827.0	833.32	20.0	38.0	0.0	2800.0	0.0	0.0
94101.0	127.86	829.0	833.32	20.0	37.0	0.0	2800.0	0.0	0.0
94155.0	128.06	829.0	833.32	20.0	37.0	0.0	2800.0	0.0	0.0
94198.0	128.21	828.0	833.32	20.0	37.0	0.0	2800.0	0.0	0.0
94253.0	128.17	830.0	833.32	20.0	38.0	0.0	2800.0	0.0	0.0
94301.0	128.16	830.0	833.32	20.0	38.0	0.0	2800.0	0.0	0.0
94355.0	128.18	828.0	833.32	20.0	38.0	0.0	2800.0	0.0	0.0
94403.0	128.13	831.0	833.32	20.0	38.0	0.0	2800.0	0.0	0.0
94451.0	128.16	820.0	833.32	20.0	38.0	0.0	2800.0	0.0	0.0
94505.0	128.15	829.0	833.32	20.0	38.0	0.0	2800.0	0.0	0.0
94554.0	128.3	829.0	833.32	20.0	38.0	0.0	2800.0	0.0	0.0
94603.0	128.62	831.0	833.32	20.0	38.0	0.0	2800.0	0.0	0.0
94651.0	128.77	832.0	833.32	20.0	38.0	0.0	2800.0	0.0	0.0
94700.0	128.55	832.0	833.32	20.0	38.0	0.0	2800.0	0.0	0.0
94748.0	128.94	832.0	833.32	20.0	38.0	0.0	2800.0	0.0	0.0
94802.0	129.13	832.0	833.32	20.0	38.0	0.0	2800.0	0.0	0.0
94851.0	128.84	831.0	833.32	20.0	38.0	0.0	2800.0	0.0	0.0
94899.0	129.03	830.0	833.32	20.0	38.0	0.0	2800.0	0.0	0.0
94953.0	129.13	830.0	833.32	20.0	38.0	0.0	2800.0	0.0	0.0
95001.0	129.24	832.0	833.32	20.0	38.0	0.0	2800.0	0.0	0.0
95055.0	129.59	830.0	833.32	20.0	38.0	0.0	2800.0	0.0	0.0
95104.0	129.77	832.0	833.32	20.0	38.0	0.0	2800.0	0.0	0.0
95152.0	130.25	847.0	833.32	20.0	38.0	0.0	2800.0	0.0	0.0
95201.0	130.28	833.0	833.32	20.0	38.0	0.0	2800.0	0.0	0.0
95254.0	130.05	830.0	833.32	20.0	38.0	0.0	2800.0	0.0	0.0
95303.0	130.51	833.0	833.32	20.0	38.0	0.0	2800.0	0.0	0.0
95351.0	130.72	833.0	833.32	20.0	38.0	0.0	2800.0	0.0	0.0
95406.0	130.9	833.0	833.32	20.0	38.0	0.0	2800.0	0.0	0.0
95449.0	130.85	831.0	833.32	20.0	38.0	0.0	2800.0	0.0	0.0
95497.0	131.0	832.0	833.32	20.0	38.0	0.0	2800.0	0.0	0.0
95551.0	131.21	834.0	833.32	20.0	38.0	0.0	2800.0	0.0	0.0
95599.0	131.23	832.0	833.32	20.0	38.0	0.0	2800.0	0.0	0.0
95653.0	131.27	831.0	833.32	20.0	38.0	0.0	2800.0	0.0	0.0
95702.0	131.03	832.0	833.32	20.0	38.0	0.0	2800.0	0.0	0.0
95756.0	131.12	832.0	833.32	20.0	38.0	0.0	2800.0	0.0	0.0
95804.0	131.18	834.0	833.32	20.0	38.0	0.0	2800.0	0.0	0.0
95858.0	131.67	832.0	833.32	20.0	38.0	0.0	2800.0	0.0	0.0
95906.0	131.86	834.0	833.32	20.0	38.0	0.0	2800.0	0.0	0.0
95949.0	131.74	833.0	833.32	20.0	38.0	0.0	2800.0	0.0	0.0
96004.0	131.96	834.0	833.32	20.0	38.0	0.0	2800.0	0.0	0.0
96052.0	132.12	834.0	833.32	20.0	38.0	0.0	2800.0	0.0	0.0
96106.0	131.97	832.0	833.32	20.0	38.0	0.0	2800.0	0.0	0.0
96154.0	132.1	830.0	833.32	20.0	38.0	0.0	2800.0	0.0	0.0
96202.0	132.18	834.0	833.32	20.0	38.0	0.0	2800.0	0.0	0.0
96251.0	132.21	835.0	833.32	20.0	38.0	0.0	2800.0	0.0	0.0
96300.0	132.15	833.0	833.32	20.0	38.0	0.0	2800.0	0.0	0.0
96348.0	132.33	834.0	833.32	20.0	38.0	0.0	2800.0	0.0	0.0
96402.0	132.42	835.0	833.32	20.0	38.0	0.0	2800.0	0.0	0.0
96450.0	132.44	834.0	833.32	20.0	38.0	0.0	2800.0	0.0	0.0
96504.0	132.54	835.0	833.32	20.0	38.0	0.0	2800.0	0.0	0.0
96552.0	132.5	833.0	833.32	20.0	38.0	0.0	2800.0	0.0	0.0
96602.0	132.58	835.0	833.32	20.0	38.0	0.0	2800.0	0.0	0.0
96650.0	132.71	835.0	833.32	20.0	38.0	0.0	2800.0	0.0	0.0
96698.0	132.63	833.0	833.32	20.0	38.0	0.0	2800.0	0.0	0.0
96741.0	132.64	836.0	833.32	20.0	38.0	0.0	2800.0	0.0	0.0
96795.0	132.66	833.0	833.32	20.0	39.0	0.0	2800.0	0.0	0.0
96838.0	132.26	832.0	833.32	20.0	39.0	0.0	2800.0	0.0	0.0
96886.0	132.73	834.0	833.32	20.0	39.0	0.0	2800.0	0.0	0.0
96935.0	132.69	833.0	833.32	20.0	39.0	0.0	2800.0	0.0	0.0
96989.0	132.95	833.0	833.32	20.0	39.0	0.0	2800.0	0.0	0.0
97032.0	132.81	824.0	833.32	20.0	39.0	0.0	2800.0	0.0	0.0
97086.0	132.65	832.0	833.32	20.0	39.0	0.0	2800.0	0.0	0.0
97134.0	132.85	834.0	833.32	20.0	39.0	0.0	2800.0	0.0	0.0
97188.0	133.23	837.0	833.32	20.0	39.0	0.0	2800.0	0.0	0.0
97236.0	133.39	836.0	833.32	20.0	39.0	0.0	2800.0	0.0	0.0
97291.0	133.24	837.0	833.32	20.0	39.0	0.0	2800.0	0.0	0.0
97339.0	133.46	837.0	833.32	20.0	39.0	0.0	2800.0	0.0	0.0
97387.0	133.6	836.0	833.32	20.0	39.0	0.0	2800.0	0.0	0.0
97436.0	133.51	836.0	833.32	20.0	39.0	0.0	2800.0	0.0	0.0
97484.0	133.6	833.0	833.32	20.0	39.0	0.0	2800.0	0.0	0.0
97539.0	133.62	836.0	833.32	20.0	39.0	0.0	2800.0	0.0	0.0
97587.0	133.82	836.0	833.32	20.0	39.0	0.0	2800.0	0.0	0.0
97635.0	133.91	835.0	833.32	20.0	39.0	0.0	2800.0	0.0	0.0
97684.0	134.15	837.0	833.32	20.0	39.0	0.0	2800.0	0.0	0.0
97732.0	134.19	841.0	833.32	20.0	39.0	0.0	2800.0	0.0	0.0
97786.0	134.36	838.0	833.32	20.0	39.0	0.0	2800.0	0.0	0.0
97835.0	134.43	832.0	833.32	20.0	39.0	0.0	2800.0	0.0	0.0
97888.0	134.13	835.0	833.32	20.0	39.0	0.0	2800.0	0.0	0.0
97937.0	134.29	835.0	833.32	20.0	39.0	0.0	2800.0	0.0	0.0
97990.0	134.39	838.0	833.32	20.0	39.0	0.0	2800.0	0.0	0.0
98038.0	134.26	837.0	833.32	20.0	39.0	0.0	2800.0	0.0	0.0
98093.0	134.88	847.0	833.32	20.0	39.0	0.0	2800.0	0.0	0.0
98141.0	134.65	836.0	833.32	20.0	39.0	0.0	2800.0	0.0	0.0
98190.0	134.75	838.0	833.32	20.0	39.0	0.0	2800.0	0.0	0.0
98243.0	135.0	838.0	833.32	20.0	39.0	0.0	2800.0	0.0	0.0
98286.0	134.99	838.0	833.32	20.0	39.0	0.0	2800.0	0.0	0.0
98334.0	134.95	836.0	833.32	20.0	39.0	0.0	2800.0	0.0	0.0
98383.0	134.75	837.0	833.32	20.0	39.0	0.0	2800.0	0.0	0.0
98437.0	134.87	837.0	833.32	20.0	39.0	0.0	2800.0	0.0	0.0
98491.0	135.07	839.0	833.32	20.0	39.0	0.0	2800.0	0.0	0.0
98539.0	134.95	838.0	833.32	20.0	39.0	0.0	2800.0	0.0	0.0
98587.0	135.16	838.0	833.32	20.0	39.0	0.0	2800.0	0.0	0.0
98641.0	136.69	845.0	833.32	20.0	39.0	0.0	2800.0	0.0	0.0
98690.0	135.74	838.0	833.32	20.0	39.0	0.0	2800.0	0.0	0.0
98739.0	135.79	833.0	833.32	20.0	39.0	0.0	2800.0	0.0	0.0
98787.0	135.67	838.0	833.32	20.0	39.0	0.0	2800.0	0.0	0.0
98835.0	135.35	836.0	833.32	20.0	39.0	0.0	2800.0	0.0	0.0
98889.0	135.64	839.0	833.32	20.0	39.0	0.0	2800.0	0.0	0.0
98937.0	135.58	834.0	833.32	20.0	39.0	0.0	2800.0	0.0	0.0
98985.0	135.69	840.0	833.32	20.0	39.0	0.0	2800.0	0.0	0.0
99035.0	136.02	838.0	833.32	20.0	39.0	0.0	2800.0	0.0	0.0
99083.0	136.23	839.0	833.32	20.0	39.0	0.0	2800.0	0.0	0.0
99137.0	135.95	838.0	833.32	20.0	39.0	0.0	2800.0	0.0	0.0
99185.0	136.35	839.0	833.32	20.0	39.0	0.0	2800.0	0.0	0.0
99233.0	136.37	837.0	833.32	20.0	39.0	0.0	2800.0	0.0	0.0
99288.0	136.49	839.0	833.32	20.0	39.0	0.0	2800.0	0.0	0.0
99336.0	136.74	837.0	833.32	20.0	39.0	0.0	2800.0	0.0	0.0
99390.0	136.9	839.0	833.32	20.0	39.0	0.0	2800.0	0.0	0.0
99438.0	136.88	839.0	833.32	20.0	39.0	0.0	2800.0	0.0	0.0
99486.0	137.01	839.0	833.32	20.0	39.0	0.0	2800.0	0.0	0.0
99535.0	137.1	837.0	833.32	20.0	39.0	0.0	2800.0	0.0	0.0
99584.0	137.22	838.0	833.32	20.0	39.0	0.0	2800.0	0.0	0.0
99633.0	137.3	840.0	833.32	20.0	39.0	0.0	2800.0	0.0	0.0
99681.0	137.48	838.0	833.32	20.0	39.0	0.0	2800.0	0.0	0.0
99734.0	138.06	843.0	833.32	20.0	39.0	0.0	2800.0	0.0	0.0
99783.0	137.77	840.0	833.32	20.0	39.0	0.0	2800.0	0.0	0.0
99836.0	137.87	838.0	833.32	20.0	39.0	0.0	2800.0	0.0	0.0
99886.0	138.01	837.0	833.32	20.0	39.0	0.0	2800.0	0.0	0.0
99939.0	138.1	838.0	833.32	20.0	39.0	0.0	2800.0	0.0	0.0
99988.0	138.11	837.0	833.32	20.0	39.0	0.0	2800.0	0.0	0.0
100036.0	138.17	837.0	833.32	20.0	39.0	0.0	2800.0	0.0	0.0
100090.0	138.35	841.0	833.32	20.0	39.0	0.0	2800.0	0.0	0.0
100140.0	138.4	832.0	833.32	20.0	39.0	0.0	2800.0	0.0	0.0
100189.0	138.84	855.0	833.32	20.0	39.0	0.0	2800.0	0.0	0.0
100238.0	138.58	838.0	833.32	20.0	39.0	0.0	2800.0	0.0	0.0
100287.0	138.91	841.0	833.32	20.0	39.0	0.0	2800.0	0.0	0.0
100336.0	138.93	839.0	833.32	20.0	39.0	0.0	2800.0	0.0	0.0
100385.0	139.09	841.0	833.32	20.0	39.0	0.0	2800.0	0.0	0.0
100434.0	139.18	840.0	833.32	20.0	39.0	0.0	2800.0	0.0	0.0
100483.0	139.03	839.0	833.32	20.0	39.0	0.0	2800.0	0.0	0.0
100538.0	138.96	839.0	833.32	20.0	39.0	0.0	2800.0	0.0	0.0
100586.0	139.06	842.0	833.32	20.0	39.0	0.0	2800.0	0.0	0.0
100635.0	139.05	837.0	833.32	20.0	39.0	0.0	2800.0	0.0	0.0
100684.0	139.4	842.0	833.32	20.0	39.0	0.0	2800.0	0.0	0.0
100739.0	139.75	841.0	833.32	20.0	39.0	0.0	2800.0	0.0	0.0
100788.0	139.73	842.0	833.32	20.0	39.0	0.0	2800.0	0.0	0.0
100837.0	139.94	834.0	833.32	20.0	39.0	0.0	2800.0	0.0	0.0
100886.0	140.37	843.0	833.32	20.0	39.0	0.0	2800.0	0.0	0.0
100935.0	139.89	840.0	833.32	20.0	39.0	0.0	2800.0	0.0	0.0
100983.0	139.95	840.0	833.32	20.0	39.0	0.0	2800.0	0.0	0.0
101039.0	139.89	840.0	833.32	20.0	39.0	0.0	2800.0	0.0	0.0
101087.0	139.71	843.0	833.32	20.0	39.0	0.0	2800.0	0.0	0.0
101136.0	139.64	840.0	833.32	20.0	39.0	0.0	2800.0	0.0	0.0
101185.0	139.89	842.0	833.32	20.0	39.0	0.0	2800.0	0.0	0.0
101229.0	140.19	843.0	833.32	20.0	39.0	0.0	2800.0	0.0	0.0
101278.0	140.37	840.0	833.32	20.0	39.0	0.0	2800.0	0.0	0.0
101326.0	140.55	843.0	833.32	20.0	39.0	0.0	2800.0	0.0	0.0
101376.0	140.44	841.0	833.32	20.0	39.0	0.0	2800.0	0.0	0.0
101420.0	140.66	842.0	833.32	20.0	39.0	0.0	2800.0	0.0	0.0
101474.0	140.78	841.0	833.32	20.0	39.0	0.0	2800.0	0.0	0.0
101523.0	140.79	842.0	833.32	20.0	39.0	0.0	2800.0	0.0	0.0
101572.0	140.93	843.0	833.32	20.0	39.0	0.0	2800.0	0.0	0.0
101621.0	140.93	843.0	833.32	20.0	39.0	0.0	2800.0	0.0	0.0
101669.0	141.02	840.0	833.32	20.0	39.0	0.0	2800.0	0.0	0.0
101719.0	141.46	839.0	833.32	20.0	39.0	0.0	2800.0	0.0	0.0
101774.0	141.47	847.0	833.32	20.0	39.0	0.0	2800.0	0.0	0.0
101822.0	141.27	840.0	833.32	20.0	39.0	0.0	2800.0	0.0	0.0
101871.0	141.49	844.0	833.32	20.0	39.0	0.0	2800.0	0.0	0.0
101920.0	141.37	840.0	833.32	20.0	39.0	0.0	2800.0	0.0	0.0
101969.0	141.54	843.0	833.32	20.0	39.0	0.0	2800.0	0.0	0.0
102019.0	141.48	840.0	833.32	20.0	39.0	0.0	2800.0	0.0	0.0
102068.0	141.57	840.0	833.32	20.0	39.0	0.0	2800.0	0.0	0.0
102122.0	141.65	843.0	833.32	20.0	39.0	0.0	2800.0	0.0	0.0
102171.0	141.96	844.0	833.32	20.0	39.0	0.0	2800.0	0.0	0.0
102220.0	141.94	843.0	833.32	20.0	39.0	0.0	2800.0	0.0	0.0
102268.0	142.23	844.0	833.32	20.0	39.0	0.0	2800.0	0.0	0.0
102318.0	142.42	841.0	833.32	20.0	39.0	0.0	2800.0	0.0	0.0
102367.0	142.26	844.0	833.32	20.0	39.0	0.0	2800.0	0.0	0.0
102416.0	142.37	842.0	833.32	20.0	39.0	0.0	2800.0	0.0	0.0
102465.0	142.6	844.0	833.32	20.0	39.0	0.0	2800.0	0.0	0.0
102519.0	142.64	841.0	833.32	20.0	39.0	0.0	2800.0	0.0	0.0
102568.0	142.68	844.0	833.32	20.0	39.0	0.0	2800.0	0.0	0.0
102618.0	143.05	841.0	833.32	20.0	39.0	0.0	2800.0	0.0	0.0
102667.0	143.54	845.0	833.32	20.0	39.0	0.0	2800.0	0.0	0.0
102721.0	143.83	844.0	833.32	20.0	39.0	0.0	2800.0	0.0	0.0
102775.0	144.07	842.0	833.32	20.0	39.0	0.0	2800.0	0.0	0.0
102824.0	144.08	844.0	833.32	20.0	39.0	0.0	2800.0	0.0	0.0
102874.0	144.29	844.0	833.32	20.0	39.0	0.0	2800.0	0.0	0.0
102922.0	144.13	843.0	833.32	20.0	39.0	0.0	2800.0	0.0	0.0
102971.0	143.9	841.0	833.32	20.0	39.0	0.0	2800.0	0.0	0.0
103020.0	143.92	838.0	833.32	20.0	39.0	0.0	2800.0	0.0	0.0
103069.0	144.15	844.0	833.32	20.0	39.0	0.0	2800.0	0.0	0.0
103118.0	144.17	843.0	833.32	20.0	39.0	0.0	2800.0	0.0	0.0
103173.0	144.36	844.0	833.32	20.0	39.0	0.0	2800.0	0.0	0.0
103222.0	144.32	844.0	833.32	20.0	39.0	0.0	2800.0	0.0	0.0
103271.0	144.36	844.0	833.32	20.0	39.0	0.0	2800.0	0.0	0.0
103320.0	144.61	842.0	833.32	20.0	39.0	0.0	2800.0	0.0	0.0
103374.0	144.65	842.0	833.32	20.0	39.0	0.0	2800.0	0.0	0.0
103424.0	144.68	845.0	833.32	20.0	39.0	0.0	2800.0	0.0	0.0
103472.0	144.63	843.0	833.32	20.0	39.0	0.0	2800.0	0.0	0.0
103521.0	144.97	841.0	833.32	20.0	39.0	0.0	2800.0	0.0	0.0
103570.0	145.08	844.0	833.32	20.0	39.0	0.0	2800.0	0.0	0.0
103619.0	144.94	836.0	833.32	20.0	39.0	0.0	2800.0	0.0	0.0
103668.0	145.12	844.0	833.32	20.0	39.0	0.0	2800.0	0.0	0.0
103723.0	145.23	844.0	833.32	20.0	39.0	0.0	2800.0	0.0	0.0
103766.0	145.28	844.0	833.32	20.0	39.0	0.0	2800.0	0.0	0.0
103821.0	145.38	845.0	833.32	20.0	39.0	0.0	2800.0	0.0	0.0
103869.0	145.46	844.0	833.32	20.0	39.0	0.0	2800.0	0.0	0.0
103918.0	145.48	843.0	833.32	20.0	39.0	0.0	2800.0	0.0	0.0
103973.0	145.6	844.0	833.32	20.0	39.0	0.0	2800.0	0.0	0.0
104022.0	145.56	843.0	833.32	20.0	39.0	0.0	2800.0	0.0	0.0
104071.0	145.31	842.0	833.32	20.0	39.0	0.0	2800.0	0.0	0.0
104120.0	145.38	843.0	833.32	20.0	39.0	0.0	2800.0	0.0	0.0
104169.0	145.56	844.0	833.32	20.0	39.0	0.0	2800.0	0.0	0.0
104223.0	145.73	844.0	833.32	20.0	39.0	0.0	2800.0	0.0	0.0
104278.0	145.7	843.0	833.32	20.0	39.0	0.0	2800.0	0.0	0.0
104327.0	145.85	841.0	833.32	20.0	39.0	0.0	2800.0	0.0	0.0
104376.0	145.96	840.0	833.32	20.0	39.0	0.0	2800.0	0.0	0.0
104425.0	145.92	843.0	833.32	20.0	39.0	0.0	2800.0	0.0	0.0
104474.0	146.25	855.0	833.32	20.0	39.0	0.0	2800.0	0.0	0.0
104517.0	145.92	839.0	833.32	20.0	39.0	0.0	2800.0	0.0	0.0
104571.0	146.14	842.0	833.32	20.0	39.0	0.0	2800.0	0.0	0.0
104621.0	146.13	843.0	833.32	20.0	39.0	0.0	2800.0	0.0	0.0
104670.0	146.17	842.0	833.32	20.0	39.0	0.0	2800.0	0.0	0.0
104730.0	146.05	842.0	833.32	20.0	39.0	0.0	2800.0	0.0	0.0
104778.0	145.84	842.0	833.32	20.0	39.0	0.0	2800.0	0.0	0.0
104827.0	145.82	842.0	833.32	20.0	39.0	0.0	2800.0	0.0	0.0
104877.0	145.77	838.0	833.32	20.0	39.0	0.0	2800.0	0.0	0.0
104926.0	145.6	841.0	833.32	20.0	39.0	0.0	2800.0	0.0	0.0
104975.0	145.76	838.0	833.32	20.0	39.0	0.0	2800.0	0.0	0.0
105024.0	145.84	840.0	833.32	20.0	39.0	0.0	2800.0	0.0	0.0
105073.0	145.89	839.0	833.32	20.0	39.0	0.0	2800.0	0.0	0.0
105121.0	145.92	837.0	833.32	20.0	39.0	0.0	2800.0	0.0	0.0
105170.0	145.81	839.0	833.32	20.0	39.0	0.0	2800.0	0.0	0.0
105220.0	146.0	835.0	833.32	20.0	39.0	0.0	2800.0	0.0	0.0
105274.0	146.48	843.0	833.32	20.0	39.0	0.0	2800.0	0.0	0.0
105323.0	146.45	839.0	833.32	20.0	39.0	0.0	2800.0	0.0	0.0
105372.0	146.58	839.0	833.32	20.0	39.0	0.0	2800.0	0.0	0.0
105421.0	146.49	838.0	833.32	20.0	39.0	0.0	2800.0	0.0	0.0
105470.0	146.34	837.0	833.32	20.0	39.0	0.0	2800.0	0.0	0.0
105519.0	146.1	836.0	833.32	20.0	39.0	0.0	2800.0	0.0	0.0
105568.0	146.05	837.0	833.32	20.0	39.0	0.0	2800.0	0.0	0.0
105617.0	145.86	834.0	833.32	20.0	39.0	0.0	2800.0	0.0	0.0
105666.0	145.68	837.0	833.32	20.0	39.0	0.0	2800.0	0.0	0.0
105715.0	145.74	833.0	833.32	20.0	39.0	0.0	2800.0	0.0	0.0
105764.0	145.96	836.0	833.32	20.0	39.0	0.0	2800.0	0.0	0.0
105807.0	145.82	835.0	833.32	20.0	39.0	0.0	2800.0	0.0	0.0
105862.0	145.55	832.0	833.32	20.0	39.0	0.0	2800.0	0.0	0.0
105906.0	145.66	836.0	833.32	20.0	39.0	0.0	2800.0	0.0	0.0
105955.0	145.81	833.0	833.32	20.0	39.0	0.0	2800.0	0.0	0.0
106004.0	145.97	836.0	833.32	20.0	39.0	0.0	2800.0	0.0	0.0
106052.0	146.12	834.0	833.32	20.0	39.0	0.0	2800.0	0.0	0.0
106101.0	146.06	832.0	833.32	20.0	39.0	0.0	2800.0	0.0	0.0
106150.0	146.58	836.0	833.32	20.0	39.0	0.0	2800.0	0.0	0.0
106200.0	146.42	832.0	833.32	20.0	39.0	0.0	2800.0	0.0	0.0
106254.0	146.74	847.0	833.32	20.0	39.0	0.0	2800.0	0.0	0.0
106303.0	146.52	835.0	833.32	20.0	39.0	0.0	2800.0	0.0	0.0
106352.0	146.65	835.0	833.32	20.0	39.0	0.0	2800.0	0.0	0.0
106401.0	146.68	835.0	833.32	20.0	39.0	0.0	2800.0	0.0	0.0
106450.0	146.77	835.0	833.32	20.0	39.0	0.0	2800.0	0.0	0.0
106499.0	146.76	834.0	833.32	20.0	39.0	0.0	2800.0	0.0	0.0
106554.0	146.51	835.0	833.32	20.0	39.0	0.0	2800.0	0.0	0.0
106603.0	146.76	835.0	833.32	20.0	39.0	0.0	2800.0	0.0	0.0
106651.0	146.93	835.0	833.32	20.0	39.0	0.0	2800.0	0.0	0.0
106706.0	147.16	835.0	833.32	20.0	39.0	0.0	2800.0	0.0	0.0
106755.0	147.21	833.0	833.32	20.0	39.0	0.0	2800.0	0.0	0.0
106804.0	146.93	832.0	833.32	20.0	39.0	0.0	2800.0	0.0	0.0
106853.0	146.91	835.0	833.32	20.0	39.0	0.0	2800.0	0.0	0.0
106907.0	147.16	835.0	833.32	20.0	39.0	0.0	2800.0	0.0	0.0
106951.0	147.49	835.0	833.32	20.0	39.0	0.0	2800.0	0.0	0.0
107005.0	147.88	835.0	833.32	20.0	39.0	0.0	2800.0	0.0	0.0
107049.0	147.98	835.0	833.32	20.0	39.0	0.0	2800.0	0.0	0.0
107092.0	148.52	835.0	833.32	20.0	39.0	0.0	2800.0	0.0	0.0
107137.0	149.02	831.0	833.32	20.0	39.0	0.0	2800.0	0.0	0.0
107186.0	149.51	835.0	833.32	20.0	39.0	0.0	2800.0	0.0	0.0
107234.0	149.58	847.0	833.32	20.0	39.0	0.0	2800.0	0.0	0.0
107283.0	149.33	835.0	833.32	20.0	39.0	0.0	2800.0	0.0	0.0
107338.0	149.44	833.0	833.32	20.0	39.0	0.0	2800.0	0.0	0.0
107386.0	149.43	835.0	833.32	20.0	39.0	0.0	2800.0	0.0	0.0
107436.0	149.45	833.0	833.32	20.0	39.0	0.0	2800.0	0.0	0.0
107485.0	149.58	836.0	833.32	20.0	39.0	0.0	2800.0	0.0	0.0
107534.0	149.87	836.0	833.32	20.0	39.0	0.0	2800.0	0.0	0.0
107583.0	149.91	834.0	833.32	20.0	39.0	0.0	2800.0	0.0	0.0
107632.0	149.91	835.0	833.32	20.0	39.0	0.0	2800.0	0.0	0.0
107681.0	149.99	833.0	833.32	20.0	39.0	0.0	2800.0	0.0	0.0
107729.0	150.3	835.0	833.32	20.0	39.0	0.0	2800.0	0.0	0.0
107779.0	150.54	837.0	833.32	20.0	39.0	0.0	2800.0	0.0	0.0
107828.0	150.85	835.0	833.32	20.0	39.0	0.0	2800.0	0.0	0.0
107877.0	150.82	834.0	833.32	20.0	39.0	0.0	2800.0	0.0	0.0
107926.0	151.01	835.0	833.32	20.0	39.0	0.0	2800.0	0.0	0.0
107969.0	151.23	835.0	833.32	20.0	39.0	0.0	2800.0	0.0	0.0
108018.0	151.1	832.0	833.32	20.0	39.0	0.0	2800.0	0.0	0.0
108072.0	151.58	835.0	833.32	20.0	39.0	0.0	2800.0	0.0	0.0
108122.0	152.1	835.0	833.32	20.0	39.0	0.0	2800.0	0.0	0.0
108171.0	152.49	833.0	833.32	20.0	39.0	0.0	2800.0	0.0	0.0
108220.0	152.84	847.0	833.32	20.0	39.0	0.0	2800.0	0.0	0.0
108269.0	152.74	835.0	833.32	20.0	39.0	0.0	2800.0	0.0	0.0
108323.0	152.83	833.0	833.32	20.0	39.0	0.0	2800.0	0.0	0.0
108372.0	152.81	828.0	833.32	20.0	39.0	0.0	2800.0	0.0	0.0
108422.0	152.78	833.0	833.32	20.0	39.0	0.0	2800.0	0.0	0.0
108471.0	152.82	833.0	833.32	20.0	39.0	0.0	2800.0	0.0	0.0
108520.0	152.94	833.0	833.32	20.0	39.0	0.0	2800.0	0.0	0.0
108568.0	153.14	832.0	833.32	20.0	39.0	0.0	2800.0	0.0	0.0
108623.0	153.56	836.0	833.32	20.0	39.0	0.0	2800.0	0.0	0.0
108672.0	153.98	836.0	833.32	20.0	39.0	0.0	2800.0	0.0	0.0
108721.0	154.41	836.0	833.32	20.0	39.0	0.0	2800.0	0.0	0.0
108770.0	154.76	836.0	833.32	20.0	39.0	0.0	2800.0	0.0	0.0
108819.0	154.61	834.0	833.32	20.0	39.0	0.0	2800.0	0.0	0.0
108868.0	154.7	832.0	833.32	20.0	39.0	0.0	2800.0	0.0	0.0
108917.0	154.76	832.0	833.32	20.0	39.0	0.0	2800.0	0.0	0.0
108966.0	154.86	836.0	833.32	20.0	39.0	0.0	2800.0	0.0	0.0
109021.0	155.07	824.0	833.32	20.0	39.0	0.0	2800.0	0.0	0.0
109070.0	155.47	833.0	833.32	20.0	39.0	0.0	2800.0	0.0	0.0
109119.0	155.21	824.0	833.32	20.0	39.0	0.0	2800.0	0.0	0.0
109167.0	155.67	832.0	833.32	20.0	39.0	0.0	2800.0	0.0	0.0
109216.0	157.0	835.0	833.32	20.0	39.0	0.0	2800.0	0.0	0.0
109277.0	156.84	834.0	833.32	20.0	39.0	0.0	2800.0	0.0	0.0
109320.0	156.52	834.0	833.32	20.0	39.0	0.0	2800.0	0.0	0.0
109369.0	156.43	836.0	833.32	20.0	39.0	0.0	2800.0	0.0	0.0
109423.0	156.43	824.0	833.32	20.0	39.0	0.0	2800.0	0.0	0.0
109472.0	156.5	836.0	833.32	20.0	39.0	0.0	2800.0	0.0	0.0
109521.0	156.88	836.0	833.32	20.0	39.0	0.0	2800.0	0.0	0.0
109571.0	157.24	836.0	833.32	20.0	39.0	0.0	2800.0	0.0	0.0
109620.0	157.3	833.0	833.32	20.0	39.0	0.0	2800.0	0.0	0.0
109669.0	157.56	836.0	833.32	20.0	39.0	0.0	2800.0	0.0	0.0
109723.0	157.68	837.0	833.32	20.0	39.0	0.0	2800.0	0.0	0.0
109772.0	157.73	837.0	833.32	20.0	39.0	0.0	2800.0	0.0	0.0
109821.0	157.89	833.0	833.32	20.0	39.0	0.0	2800.0	0.0	0.0
109870.0	158.15	837.0	833.32	20.0	39.0	0.0	2800.0	0.0	0.0
109925.0	158.17	837.0	833.32	20.0	39.0	0.0	2800.0	0.0	0.0
109973.0	157.9	835.0	833.32	20.0	39.0	0.0	2800.0	0.0	0.0
110022.0	158.49	824.0	833.32	20.0	39.0	0.0	2800.0	0.0	0.0
110071.0	159.44	837.0	833.32	20.0	39.0	0.0	2800.0	0.0	0.0
110120.0	160.05	835.0	833.32	20.0	39.0	0.0	2800.0	0.0	0.0
110170.0	160.31	835.0	833.32	20.0	39.0	0.0	2800.0	0.0	0.0
110224.0	160.58	836.0	833.32	20.0	39.0	0.0	2800.0	0.0	0.0
110273.0	160.16	838.0	833.32	20.0	39.0	0.0	2800.0	0.0	0.0
110322.0	160.26	834.0	833.32	20.0	39.0	0.0	2800.0	0.0	0.0
110370.0	160.71	838.0	833.32	20.0	39.0	0.0	2800.0	0.0	0.0
110419.0	161.04	836.0	833.32	20.0	39.0	0.0	2800.0	0.0	0.0
110469.0	161.42	837.0	833.32	20.0	39.0	0.0	2800.0	0.0	0.0
110523.0	161.44	838.0	833.32	20.0	39.0	0.0	2800.0	0.0	0.0
110567.0	161.41	835.0	833.32	20.0	39.0	0.0	2800.0	0.0	0.0
110621.0	161.43	836.0	833.32	20.0	39.0	0.0	2800.0	0.0	0.0
110670.0	161.88	841.0	833.32	20.0	39.0	0.0	2800.0	0.0	0.0
110725.0	162.05	835.0	833.32	20.0	39.0	0.0	2800.0	0.0	0.0
110774.0	162.41	837.0	833.32	20.0	39.0	0.0	2800.0	0.0	0.0
110823.0	162.55	836.0	833.32	20.0	39.0	0.0	2800.0	0.0	0.0
110877.0	162.79	836.0	833.32	20.0	39.0	0.0	2800.0	0.0	0.0
110926.0	163.09	835.0	833.32	20.0	39.0	0.0	2800.0	0.0	0.0
110976.0	164.28	843.0	833.32	20.0	39.0	0.0	2800.0	0.0	0.0
111024.0	164.2	839.0	833.32	20.0	39.0	0.0	2800.0	0.0	0.0
111073.0	164.21	838.0	833.32	20.0	39.0	0.0	2800.0	0.0	0.0
111122.0	163.6	836.0	833.32	20.0	39.0	0.0	2800.0	0.0	0.0
111171.0	163.8	836.0	833.32	20.0	39.0	0.0	2800.0	0.0	0.0
111220.0	163.95	835.0	833.32	20.0	39.0	0.0	2800.0	0.0	0.0
111269.0	164.05	835.0	833.32	20.0	39.0	0.0	2800.0	0.0	0.0
111318.0	164.16	835.0	833.32	20.0	39.0	0.0	2800.0	0.0	0.0
111367.0	164.17	836.0	833.32	20.0	39.0	0.0	2800.0	0.0	0.0
111422.0	164.54	835.0	833.32	20.0	39.0	0.0	2800.0	0.0	0.0
111470.0	164.97	838.0	833.32	20.0	39.0	0.0	2800.0	0.0	0.0
111519.0	165.16	835.0	833.32	20.0	39.0	0.0	2800.0	0.0	0.0
111574.0	165.52	838.0	833.32	20.0	39.0	0.0	2800.0	0.0	0.0
111623.0	165.18	835.0	833.32	20.0	39.0	0.0	2800.0	0.0	0.0
111672.0	165.77	835.0	833.32	20.0	39.0	0.0	2800.0	0.0	0.0
111721.0	166.87	835.0	833.32	20.0	39.0	0.0	2800.0	0.0	0.0
111770.0	167.08	838.0	833.32	20.0	39.0	0.0	2800.0	0.0	0.0
111819.0	166.95	847.0	833.32	20.0	39.0	0.0	2800.0	0.0	0.0
111874.0	166.53	838.0	833.32	20.0	39.0	0.0	2800.0	0.0	0.0
111923.0	166.39	836.0	833.32	20.0	39.0	0.0	2800.0	0.0	0.0
111971.0	166.44	836.0	833.32	20.0	39.0	0.0	2800.0	0.0	0.0
112020.0	166.49	836.0	833.32	20.0	39.0	0.0	2800.0	0.0	0.0
112069.0	166.56	836.0	833.32	20.0	39.0	0.0	2800.0	0.0	0.0
112123.0	166.44	836.0	833.32	20.0	39.0	0.0	2800.0	0.0	0.0
112173.0	166.46	839.0	833.32	20.0	39.0	0.0	2800.0	0.0	0.0
112222.0	166.02	838.0	833.32	20.0	39.0	0.0	2800.0	0.0	0.0
112271.0	166.15	837.0	833.32	20.0	39.0	0.0	2800.0	0.0	0.0
112320.0	166.42	837.0	833.32	20.0	39.0	0.0	2800.0	0.0	0.0
112368.0	166.73	839.0	833.32	20.0	39.0	0.0	2800.0	0.0	0.0
112417.0	167.1	832.0	833.32	20.0	39.0	0.0	2800.0	0.0	0.0
112472.0	167.71	840.0	833.32	20.0	39.0	0.0	2800.0	0.0	0.0
112521.0	168.09	838.0	833.32	20.0	39.0	0.0	2800.0	0.0	0.0
112570.0	167.65	836.0	833.32	20.0	39.0	0.0	2800.0	0.0	0.0
112619.0	167.8	837.0	833.32	20.0	39.0	0.0	2800.0	0.0	0.0
112673.0	167.66	836.0	833.32	20.0	39.0	0.0	2800.0	0.0	0.0
112717.0	167.84	836.0	833.32	20.0	39.0	0.0	2800.0	0.0	0.0
112772.0	167.84	838.0	833.32	20.0	39.0	0.0	2800.0	0.0	0.0
112826.0	167.67	838.0	833.32	20.0	39.0	0.0	2800.0	0.0	0.0
112875.0	167.58	839.0	833.32	20.0	39.0	0.0	2800.0	0.0	0.0
112924.0	167.34	835.0	833.32	20.0	39.0	0.0	2800.0	0.0	0.0
112972.0	167.38	832.0	833.32	20.0	39.0	0.0	2800.0	0.0	0.0
113021.0	167.44	837.0	833.32	20.0	39.0	0.0	2800.0	0.0	0.0
113071.0	167.17	836.0	833.32	20.0	39.0	0.0	2800.0	0.0	0.0
113120.0	167.58	836.0	833.32	20.0	39.0	0.0	2800.0	0.0	0.0
113174.0	167.59	836.0	833.32	20.0	39.0	0.0	2800.0	0.0	0.0
113223.0	168.86	847.0	833.32	20.0	39.0	0.0	2800.0	0.0	0.0
113272.0	169.1	839.0	833.32	20.0	39.0	0.0	2800.0	0.0	0.0
113321.0	169.3	837.0	833.32	20.0	39.0	0.0	2800.0	0.0	0.0
113370.0	169.08	837.0	833.32	20.0	39.0	0.0	2800.0	0.0	0.0
113419.0	168.88	839.0	833.32	20.0	39.0	0.0	2800.0	0.0	0.0
113473.0	168.28	837.0	833.32	20.0	39.0	0.0	2800.0	0.0	0.0
113522.0	168.39	836.0	833.32	20.0	39.0	0.0	2800.0	0.0	0.0
113571.0	168.32	839.0	833.32	20.0	39.0	0.0	2800.0	0.0	0.0
113626.0	168.5	840.0	833.32	20.0	39.0	0.0	2800.0	0.0	0.0
113675.0	168.53	838.0	833.32	20.0	39.0	0.0	2800.0	0.0	0.0
113724.0	168.59	838.0	833.32	20.0	39.0	0.0	2800.0	0.0	0.0
113773.0	168.48	836.0	833.32	20.0	39.0	0.0	2800.0	0.0	0.0
113822.0	168.47	836.0	833.32	20.0	39.0	0.0	2800.0	0.0	0.0
113871.0	168.15	836.0	833.32	20.0	39.0	0.0	2800.0	0.0	0.0
113920.0	168.27	835.0	833.32	20.0	39.0	0.0	2800.0	0.0	0.0
113969.0	168.94	837.0	833.32	20.0	39.0	0.0	2800.0	0.0	0.0
114018.0	168.75	832.0	833.32	20.0	39.0	0.0	2800.0	0.0	0.0
114072.0	169.27	840.0	833.32	20.0	39.0	0.0	2800.0	0.0	0.0
114121.0	170.35	838.0	833.32	20.0	39.0	0.0	2800.0	0.0	0.0
114170.0	170.44	840.0	833.32	20.0	39.0	0.0	2800.0	0.0	0.0
114220.0	170.47	845.0	833.32	20.0	39.0	0.0	2800.0	0.0	0.0
114269.0	169.89	838.0	833.32	20.0	39.0	0.0	2800.0	0.0	0.0
114317.0	169.74	839.0	833.32	20.0	39.0	0.0	2800.0	0.0	0.0
114366.0	169.76	840.0	833.32	20.0	39.0	0.0	2800.0	0.0	0.0
114415.0	169.79	839.0	833.32	20.0	39.0	0.0	2800.0	0.0	0.0
114464.0	169.67	838.0	833.32	20.0	39.0	0.0	2800.0	0.0	0.0
114513.0	169.96	840.0	833.32	20.0	39.0	0.0	2800.0	0.0	0.0
114568.0	169.91	840.0	833.32	20.0	39.0	0.0	2800.0	0.0	0.0
114617.0	170.3	838.0	833.32	20.0	39.0	0.0	2800.0	0.0	0.0
114666.0	169.81	841.0	833.32	20.0	39.0	0.0	2800.0	0.0	0.0
114709.0	169.68	838.0	833.32	20.0	39.0	0.0	2800.0	0.0	0.0
114758.0	169.77	836.0	833.32	20.0	39.0	0.0	2800.0	0.0	0.0
114807.0	169.98	836.0	833.32	20.0	39.0	0.0	2800.0	0.0	0.0
114856.0	170.81	839.0	833.32	20.0	39.0	0.0	2800.0	0.0	0.0
114906.0	171.02	838.0	833.32	20.0	39.0	0.0	2800.0	0.0	0.0
114954.0	171.13	840.0	833.32	20.0	39.0	0.0	2800.0	0.0	0.0
115003.0	170.99	834.0	833.32	20.0	39.0	0.0	2800.0	0.0	0.0
115058.0	171.15	838.0	833.32	20.0	39.0	0.0	2800.0	0.0	0.0
115106.0	171.17	840.0	833.32	20.0	39.0	0.0	2800.0	0.0	0.0
115155.0	170.99	847.0	833.32	20.0	39.0	0.0	2800.0	0.0	0.0
115205.0	170.81	838.0	833.32	20.0	39.0	0.0	2800.0	0.0	0.0
115254.0	170.75	837.0	833.32	20.0	39.0	0.0	2800.0	0.0	0.0
115303.0	170.57	838.0	833.32	20.0	39.0	0.0	2800.0	0.0	0.0
115357.0	170.26	837.0	833.32	20.0	39.0	0.0	2800.0	0.0	0.0
115406.0	170.22	834.0	833.32	20.0	39.0	0.0	2800.0	0.0	0.0
115456.0	170.5	840.0	833.32	20.0	39.0	0.0	2800.0	0.0	0.0
115504.0	170.79	838.0	833.32	20.0	39.0	0.0	2800.0	0.0	0.0
115553.0	171.09	838.0	833.32	20.0	39.0	0.0	2800.0	0.0	0.0
115607.0	171.5	838.0	833.32	20.0	39.0	0.0	2800.0	0.0	0.0
115656.0	171.68	839.0	833.32	20.0	39.0	0.0	2800.0	0.0	0.0
115705.0	172.3	847.0	833.32	20.0	39.0	0.0	2800.0	0.0	0.0
115755.0	172.28	841.0	833.32	20.0	39.0	0.0	2800.0	0.0	0.0
115804.0	172.49	838.0	833.32	20.0	39.0	0.0	2800.0	0.0	0.0
115853.0	172.63	839.0	833.32	20.0	39.0	0.0	2800.0	0.0	0.0
115902.0	172.59	840.0	833.32	20.0	39.0	0.0	2800.0	0.0	0.0
115950.0	172.24	838.0	833.32	20.0	39.0	0.0	2800.0	0.0	0.0
116004.0	171.49	839.0	833.32	20.0	39.0	0.0	2800.0	0.0	0.0
116054.0	171.65	841.0	833.32	20.0	39.0	0.0	2800.0	0.0	0.0
116108.0	171.28	838.0	833.32	20.0	39.0	0.0	2800.0	0.0	0.0
116157.0	171.45	838.0	833.32	20.0	39.0	0.0	2800.0	0.0	0.0
116206.0	171.68	838.0	833.32	20.0	39.0	0.0	2800.0	0.0	0.0
116255.0	171.83	841.0	833.32	20.0	39.0	0.0	2800.0	0.0	0.0
116304.0	171.84	838.0	833.32	20.0	39.0	0.0	2800.0	0.0	0.0
116354.0	172.06	841.0	833.32	20.0	39.0	0.0	2800.0	0.0	0.0
116403.0	172.48	842.0	833.32	20.0	39.0	0.0	2800.0	0.0	0.0
116451.0	172.69	841.0	833.32	20.0	39.0	0.0	2800.0	0.0	0.0
116506.0	172.55	840.0	833.32	20.0	39.0	0.0	2800.0	0.0	0.0
116555.0	173.33	853.0	833.32	20.0	39.0	0.0	2800.0	0.0	0.0
116603.0	173.4	820.0	833.32	20.0	39.0	0.0	2800.0	0.0	0.0
116653.0	173.68	840.0	833.32	20.0	39.0	0.0	2800.0	0.0	0.0
116702.0	174.48	838.0	833.32	20.0	39.0	0.0	2800.0	0.0	0.0
116756.0	174.24	855.0	833.32	20.0	39.0	0.0	2800.0	0.0	0.0
116805.0	173.86	838.0	833.32	20.0	39.0	0.0	2800.0	0.0	0.0
116854.0	173.54	838.0	833.32	20.0	39.0	0.0	2800.0	0.0	0.0
116903.0	173.3	838.0	833.32	20.0	39.0	0.0	2800.0	0.0	0.0
116958.0	173.07	838.0	833.32	20.0	39.0	0.0	2800.0	0.0	0.0
117007.0	172.86	838.0	833.32	20.0	39.0	0.0	2800.0	0.0	0.0
117056.0	173.02	841.0	833.32	20.0	39.0	0.0	2800.0	0.0	0.0
117110.0	172.97	842.0	833.32	20.0	39.0	0.0	2800.0	0.0	0.0
117159.0	173.13	840.0	833.32	20.0	39.0	0.0	2800.0	0.0	0.0
117208.0	173.15	842.0	833.32	20.0	39.0	0.0	2800.0	0.0	0.0
117257.0	173.18	838.0	833.32	20.0	39.0	0.0	2800.0	0.0	0.0
117306.0	172.51	838.0	833.32	20.0	39.0	0.0	2800.0	0.0	0.0
117355.0	172.03	839.0	833.32	20.0	39.0	0.0	2800.0	0.0	0.0
117404.0	172.74	838.0	833.32	20.0	39.0	0.0	2800.0	0.0	0.0
117453.0	173.25	855.0	833.32	20.0	39.0	0.0	2800.0	0.0	0.0
117502.0	173.7	855.0	833.32	20.0	39.0	0.0	2800.0	0.0	0.0
117551.0	173.57	841.0	833.32	20.0	39.0	0.0	2800.0	0.0	0.0
117606.0	174.26	840.0	833.32	20.0	39.0	0.0	2800.0	0.0	0.0
117649.0	173.94	841.0	833.32	20.0	39.0	0.0	2800.0	0.0	0.0
117698.0	173.31	845.0	833.32	20.0	39.0	0.0	2800.0	0.0	0.0
117747.0	173.01	839.0	833.32	20.0	39.0	0.0	2800.0	0.0	0.0
117790.0	172.98	840.0	833.32	20.0	39.0	0.0	2800.0	0.0	0.0
117834.0	172.84	839.0	833.32	20.0	39.0	0.0	2800.0	0.0	0.0
117889.0	172.68	840.0	833.32	20.0	39.0	0.0	2800.0	0.0	0.0
117933.0	172.32	839.0	833.32	20.0	39.0	0.0	2800.0	0.0	0.0
117987.0	172.57	840.0	833.32	20.0	39.0	0.0	2800.0	0.0	0.0
118036.0	172.05	840.0	833.32	20.0	39.0	0.0	2800.0	0.0	0.0
118090.0	172.33	824.0	833.32	20.0	39.0	0.0	2800.0	0.0	0.0
118139.0	172.74	839.0	833.32	20.0	39.0	0.0	2800.0	0.0	0.0
118188.0	172.93	855.0	833.32	20.0	39.0	0.0	2800.0	0.0	0.0
118237.0	173.47	834.0	833.32	20.0	39.0	0.0	2800.0	0.0	0.0
118286.0	173.31	839.0	833.32	20.0	39.0	0.0	2800.0	0.0	0.0
118340.0	173.81	839.0	833.32	20.0	39.0	0.0	2800.0	0.0	0.0
118384.0	174.1	840.0	833.32	20.0	39.0	0.0	2800.0	0.0	0.0
118433.0	173.62	841.0	833.32	20.0	39.0	0.0	2800.0	0.0	0.0
118481.0	173.17	842.0	833.32	20.0	39.0	0.0	2800.0	0.0	0.0
118531.0	172.95	842.0	833.32	20.0	39.0	0.0	2800.0	0.0	0.0
118580.0	172.67	840.0	833.32	20.0	39.0	0.0	2800.0	0.0	0.0
118629.0	172.37	842.0	833.32	20.0	39.0	0.0	2800.0	0.0	0.0
118678.0	172.08	840.0	833.32	20.0	39.0	0.0	2800.0	0.0	0.0
118721.0	172.07	840.0	833.32	20.0	39.0	0.0	2800.0	0.0	0.0
118775.0	171.51	846.0	833.32	20.0	39.0	0.0	2800.0	0.0	0.0
118824.0	170.93	838.0	833.32	20.0	39.0	0.0	2800.0	0.0	0.0
118874.0	170.19	834.0	833.32	20.0	39.0	0.0	2800.0	0.0	0.0
118923.0	169.7	837.0	833.32	20.0	39.0	0.0	2800.0	0.0	0.0
118972.0	169.29	832.0	833.32	20.0	39.0	0.0	2800.0	0.0	0.0
119021.0	169.74	836.0	833.32	20.0	39.0	0.0	2800.0	0.0	0.0
119075.0	171.49	842.0	833.32	20.0	39.0	0.0	2800.0	0.0	0.0
119124.0	172.12	848.0	833.32	20.0	39.0	0.0	2800.0	0.0	0.0
119174.0	173.06	847.0	833.32	20.0	39.0	0.0	2800.0	0.0	0.0
119223.0	174.24	855.0	833.32	20.0	39.0	0.0	2800.0	0.0	0.0
119271.0	174.11	842.0	833.32	20.0	39.0	0.0	2800.0	0.0	0.0
119320.0	173.88	851.0	833.32	20.0	39.0	0.0	2800.0	0.0	0.0
119369.0	173.34	841.0	833.32	20.0	39.0	0.0	2800.0	0.0	0.0
119418.0	172.53	845.0	833.32	20.0	39.0	0.0	2800.0	0.0	0.0
119468.0	171.94	841.0	833.32	20.0	39.0	0.0	2800.0	0.0	0.0
119522.0	171.45	842.0	833.32	20.0	39.0	0.0	2800.0	0.0	0.0
119571.0	170.97	841.0	833.32	20.0	39.0	0.0	2800.0	0.0	0.0
119620.0	170.55	842.0	833.32	20.0	39.0	0.0	2800.0	0.0	0.0
119674.0	170.04	839.0	833.32	20.0	39.0	0.0	2800.0	0.0	0.0
119729.0	169.45	838.0	833.32	20.0	39.0	0.0	2800.0	0.0	0.0
119773.0	168.92	836.0	833.32	20.0	39.0	0.0	2800.0	0.0	0.0
119821.0	168.31	838.0	833.32	20.0	39.0	0.0	2800.0	0.0	0.0
119870.0	167.95	832.0	833.32	20.0	39.0	0.0	2800.0	0.0	0.0
119919.0	168.87	836.0	833.32	20.0	38.0	0.0	2800.0	0.0	0.0
119968.0	170.26	855.0	833.32	20.0	38.0	0.0	2800.0	0.0	0.0
120023.0	171.26	852.0	833.32	20.0	37.0	0.0	2800.0	0.0	0.0
120072.0	172.07	847.0	833.32	20.0	38.0	0.0	2800.0	0.0	0.0
120121.0	172.15	855.0	833.32	20.0	38.0	0.0	2800.0	0.0	0.0
120175.0	171.37	841.0	833.32	20.0	39.0	0.0	2800.0	0.0	0.0
120224.0	170.62	842.0	833.32	20.0	39.0	0.0	2800.0	0.0	0.0
120279.0	169.88	842.0	833.32	20.0	39.0	0.0	2800.0	0.0	0.0
120328.0	169.31	841.0	833.32	20.0	39.0	0.0	2800.0	0.0	0.0
120382.0	168.75	842.0	833.32	20.0	39.0	0.0	2800.0	0.0	0.0
120431.0	168.27	841.0	833.32	20.0	39.0	0.0	2800.0	0.0	0.0
120485.0	167.83	840.0	833.32	20.0	39.0	0.0	2800.0	0.0	0.0
120540.0	167.31	840.0	833.32	20.0	39.0	0.0	2800.0	0.0	0.0
120589.0	166.79	838.0	833.32	20.0	39.0	0.0	2800.0	0.0	0.0
120638.0	166.01	840.0	833.32	20.0	39.0	0.0	2800.0	0.0	0.0
120692.0	165.29	832.0	833.32	20.0	39.0	0.0	2800.0	0.0	0.0
120741.0	165.23	837.0	833.32	20.0	39.0	0.0	2800.0	0.0	0.0
120796.0	165.52	842.0	833.32	20.0	39.0	0.0	2800.0	0.0	0.0
120850.0	167.0	855.0	833.32	20.0	39.0	0.0	2800.0	0.0	0.0
120899.0	168.55	832.0	833.32	20.0	39.0	0.0	2800.0	0.0	0.0
120953.0	169.44	843.0	833.32	20.0	39.0	0.0	2800.0	0.0	0.0
121003.0	169.73	855.0	833.32	20.0	39.0	0.0	2700.0	0.0	0.0
121057.0	168.84	855.0	833.32	20.0	39.0	0.0	2700.0	0.0	0.0
121106.0	167.79	843.0	833.32	20.0	39.0	0.0	2800.0	0.0	0.0
121160.0	167.07	842.0	833.32	20.0	39.0	0.0	2800.0	0.0	0.0
121214.0	166.37	841.0	833.32	20.0	39.0	0.0	2800.0	0.0	0.0
121269.0	165.84	843.0	833.32	20.0	39.0	0.0	2800.0	0.0	0.0
121318.0	165.31	841.0	833.32	20.0	39.0	0.0	2800.0	0.0	0.0
121372.0	164.69	840.0	833.32	20.0	39.0	0.0	2800.0	0.0	0.0
121421.0	164.13	841.0	833.32	20.0	39.0	0.0	2800.0	0.0	0.0

================================Data log ends here================================