Log created on 30-4-2018__20.57.49


Time	MAT	CHT	MAP	AFR	TPS	RPM	CCM	Cons	State
436624.0	198.19	20.48	0.31	20.0	9.0	0.0	3600.0	0.0	0.0
436673.0	198.19	20.51	0.39	20.0	9.0	0.0	3600.0	0.0	0.0
436716.0	198.19	20.39	0.26	20.0	9.0	0.0	3600.0	0.0	0.0
436760.0	198.19	20.43	0.2	20.0	9.0	0.0	3600.0	0.0	0.0
436804.0	198.19	20.45	0.13	20.0	9.0	0.0	3600.0	0.0	0.0
436853.0	198.19	20.45	0.08	20.0	9.0	0.0	3600.0	0.0	0.0
436896.0	198.19	20.43	0.06	20.0	9.0	0.0	3600.0	0.0	0.0
436945.0	198.19	20.46	0.04	20.0	9.0	0.0	3600.0	0.0	0.0
436989.0	198.19	20.47	0.02	20.0	9.0	0.0	3600.0	0.0	0.0
437032.0	198.19	20.52	0.02	20.0	9.0	0.0	3600.0	0.0	0.0
437082.0	198.19	20.68	0.04	20.0	9.0	0.0	3600.0	0.0	0.0
437126.0	198.19	20.79	0.4	20.0	9.0	0.0	3600.0	0.0	0.0
437170.0	198.19	21.07	0.26	20.0	9.0	0.0	3600.0	0.0	0.0
437219.0	198.19	20.81	0.31	20.0	9.0	0.0	3600.0	0.0	0.0
437262.0	198.19	20.95	0.27	20.0	9.0	0.0	3600.0	0.0	0.0
437311.0	198.19	20.85	0.17	20.0	9.0	0.0	3600.0	0.0	0.0
437355.0	198.19	20.62	0.11	20.0	9.0	0.0	3600.0	0.0	0.0
437399.0	198.19	20.81	0.08	20.0	9.0	0.0	3600.0	0.0	0.0
437442.0	198.19	21.0	0.05	20.0	9.0	0.0	3600.0	0.0	0.0
437486.0	198.19	21.08	0.03	20.0	9.0	0.0	3600.0	0.0	0.0
437530.0	198.19	20.96	0.02	20.0	10.0	0.0	3600.0	0.0	0.0
437573.0	198.19	20.73	0.01	20.0	9.0	0.0	3600.0	0.0	0.0
437622.0	198.19	20.61	0.01	20.0	9.0	0.0	3600.0	0.0	0.0
437666.0	198.19	20.5	0.01	20.0	9.0	0.0	3600.0	0.0	0.0
437715.0	198.19	20.86	0.0	20.0	9.0	0.0	3600.0	0.0	0.0
437758.0	198.19	21.31	0.07	20.0	9.0	0.0	3600.0	0.0	0.0
437803.0	198.19	21.24	0.04	20.0	9.0	0.0	3600.0	0.0	0.0
437852.0	198.19	21.02	0.03	20.0	9.0	0.0	3600.0	0.0	0.0
437896.0	198.19	20.82	0.02	20.0	9.0	0.0	3600.0	0.0	0.0
437939.0	198.19	20.76	0.01	20.0	9.0	0.0	3600.0	0.0	0.0
437983.0	198.19	20.47	0.01	20.0	9.0	0.0	3600.0	0.0	0.0
438032.0	198.19	20.37	0.01	20.0	9.0	0.0	3600.0	0.0	0.0
438081.0	198.19	20.39	0.0	20.0	9.0	0.0	3600.0	0.0	0.0
438124.0	198.19	20.43	0.0	20.0	9.0	0.0	3600.0	0.0	0.0
438168.0	198.19	20.34	0.12	20.0	9.0	0.0	3600.0	0.0	0.0
438217.0	198.19	20.26	0.07	20.0	9.0	0.0	3600.0	0.0	0.0
438260.0	198.19	20.21	0.05	20.0	9.0	0.0	3600.0	0.0	0.0
438299.0	198.19	20.35	0.06	20.0	9.0	0.0	3600.0	0.0	0.0
438348.0	198.19	20.45	0.07	20.0	9.0	0.0	3600.0	0.0	0.0
438396.0	198.19	20.46	0.04	20.0	9.0	0.0	3600.0	0.0	0.0
438440.0	198.19	20.34	0.03	20.0	9.0	0.0	3600.0	0.0	0.0
438484.0	198.19	20.4	0.02	20.0	9.0	0.0	3600.0	0.0	0.0
438534.0	198.19	20.36	0.01	20.0	9.0	0.0	3600.0	0.0	0.0
438577.0	198.19	20.43	0.01	20.0	9.0	0.0	3600.0	0.0	0.0
438621.0	198.19	20.42	0.01	20.0	9.0	0.0	3600.0	0.0	0.0
438664.0	198.19	20.47	0.0	20.0	9.0	0.0	3600.0	0.0	0.0
438708.0	198.19	20.47	0.0	20.0	9.0	0.0	3600.0	0.0	0.0
438757.0	198.19	20.76	0.0	20.0	9.0	0.0	3600.0	0.0	0.0
438800.0	198.19	20.75	0.0	20.0	9.0	0.0	3600.0	0.0	0.0
438849.0	198.19	20.61	0.0	20.0	9.0	0.0	3600.0	0.0	0.0
438898.0	198.19	20.54	0.0	20.0	9.0	0.0	3600.0	0.0	0.0
438942.0	198.19	20.53	0.0	20.0	9.0	0.0	3600.0	0.0	0.0
438985.0	198.19	20.44	0.0	20.0	9.0	0.0	3600.0	0.0	0.0
439034.0	198.19	20.4	0.0	20.0	9.0	0.0	3600.0	0.0	0.0
439072.0	198.19	20.46	0.0	20.0	9.0	0.0	3600.0	0.0	0.0
439121.0	198.19	20.44	0.0	20.0	9.0	0.0	3600.0	0.0	0.0
439171.0	198.19	20.47	0.0	20.0	9.0	0.0	3600.0	0.0	0.0
439220.0	198.19	20.15	0.18	20.0	9.0	0.0	3600.0	0.0	0.0
439264.0	198.19	20.22	0.12	20.0	9.0	0.0	3600.0	0.0	0.0
439313.0	198.19	20.3	0.08	20.0	9.0	0.0	3600.0	0.0	0.0
439367.0	198.19	20.39	0.05	20.0	9.0	0.0	3600.0	0.0	0.0
439410.0	198.19	20.31	0.03	20.0	9.0	0.0	3600.0	0.0	0.0
439459.0	198.19	20.45	0.02	20.0	9.0	0.0	3600.0	0.0	0.0
439503.0	198.19	20.65	0.71	20.0	9.0	0.0	3600.0	0.0	0.0
439547.0	198.19	20.5	1.0	20.0	9.0	0.0	3600.0	0.0	0.0
439597.0	198.19	20.92	0.63	20.0	9.0	0.0	3600.0	0.0	0.0
439646.0	198.19	20.79	0.57	20.0	9.0	0.0	3600.0	0.0	0.0
439689.0	198.19	20.9	0.38	20.0	9.0	0.0	3600.0	0.0	0.0
439733.0	198.19	21.07	0.25	20.0	9.0	0.0	3600.0	0.0	0.0
439782.0	198.19	20.74	0.16	20.0	9.0	0.0	3600.0	0.0	0.0
439826.0	198.19	20.65	0.14	20.0	9.0	0.0	3600.0	0.0	0.0
439875.0	198.19	20.6	0.09	20.0	9.0	0.0	3600.0	0.0	0.0
439918.0	198.19	20.67	0.06	20.0	9.0	0.0	3600.0	0.0	0.0
439957.0	198.19	20.86	0.04	20.0	9.0	0.0	3600.0	0.0	0.0
440006.0	198.19	20.96	0.03	20.0	9.0	0.0	3600.0	0.0	0.0
440049.0	198.19	21.02	0.02	20.0	9.0	0.0	3600.0	0.0	0.0
440093.0	198.19	21.17	0.01	20.0	9.0	0.0	3600.0	0.0	0.0
440137.0	198.19	21.17	0.01	20.0	9.0	0.0	3600.0	0.0	0.0
440186.0	198.19	21.18	0.0	20.0	9.0	0.0	3600.0	0.0	0.0
440236.0	198.19	20.89	0.0	20.0	9.0	0.0	3600.0	0.0	0.0
440273.0	198.19	21.02	0.0	20.0	9.0	0.0	3600.0	0.0	0.0
440323.0	198.19	21.14	0.0	20.0	9.0	0.0	3600.0	0.0	0.0
440366.0	198.19	20.76	0.0	20.0	9.0	0.0	3600.0	0.0	0.0
440415.0	198.19	20.64	0.03	20.0	9.0	0.0	3600.0	0.0	0.0
440464.0	198.19	20.55	0.02	20.0	9.0	0.0	3600.0	0.0	0.0
440508.0	198.19	20.49	0.01	20.0	9.0	0.0	3600.0	0.0	0.0
440551.0	198.19	20.51	0.01	20.0	9.0	0.0	3600.0	0.0	0.0
440595.0	198.19	20.39	0.01	20.0	9.0	0.0	3600.0	0.0	0.0
440649.0	198.19	20.56	0.0	20.0	9.0	0.0	3600.0	0.0	0.0
440682.0	198.19	20.56	0.0	20.0	9.0	0.0	3600.0	0.0	0.0
440731.0	198.19	20.62	0.0	20.0	9.0	0.0	3600.0	0.0	0.0
440780.0	198.19	20.56	0.0	20.0	9.0	0.0	3600.0	0.0	0.0
440818.0	198.19	20.52	0.0	20.0	9.0	0.0	3600.0	0.0	0.0
440861.0	198.19	20.62	0.0	20.0	9.0	0.0	3600.0	0.0	0.0
440910.0	198.19	20.85	0.0	20.0	9.0	0.0	3600.0	0.0	0.0
440954.0	198.19	20.83	0.0	20.0	9.0	0.0	3600.0	0.0	0.0
440997.0	198.19	20.71	0.0	20.0	9.0	0.0	3600.0	0.0	0.0
441041.0	198.19	20.53	0.0	20.0	9.0	0.0	3600.0	0.0	0.0
441091.0	198.19	20.53	0.0	20.0	9.0	0.0	3600.0	0.0	0.0
441140.0	198.19	20.52	0.0	20.0	9.0	0.0	3600.0	0.0	0.0
441183.0	198.19	20.5	0.0	20.0	9.0	0.0	3600.0	0.0	0.0
441227.0	198.19	20.53	0.0	20.0	9.0	0.0	3600.0	0.0	0.0
441276.0	198.19	20.51	0.0	20.0	9.0	0.0	3600.0	0.0	0.0
441319.0	198.19	20.39	0.0	20.0	9.0	0.0	3600.0	0.0	0.0
441363.0	198.19	20.43	0.0	20.0	9.0	0.0	3600.0	0.0	0.0
441412.0	198.19	20.31	0.0	20.0	9.0	0.0	3600.0	0.0	0.0
441455.0	198.19	20.55	0.0	20.0	9.0	0.0	3600.0	0.0	0.0
441499.0	198.19	20.76	0.0	20.0	9.0	0.0	3600.0	0.0	0.0
441548.0	198.19	20.79	0.0	20.0	9.0	0.0	3600.0	0.0	0.0
441591.0	198.19	20.69	0.0	20.0	9.0	0.0	3600.0	0.0	0.0
441635.0	198.19	20.51	0.0	20.0	9.0	0.0	3600.0	0.0	0.0
441684.0	198.19	20.44	0.0	20.0	9.0	0.0	3600.0	0.0	0.0
441734.0	198.19	20.4	0.0	20.0	9.0	0.0	3600.0	0.0	0.0
441777.0	198.19	20.52	0.0	20.0	9.0	0.0	3600.0	0.0	0.0
441821.0	198.19	20.57	0.0	20.0	9.0	0.0	3600.0	0.0	0.0
441870.0	198.19	20.51	0.0	20.0	9.0	0.0	3600.0	0.0	0.0
441913.0	198.19	20.32	1.04	20.0	9.0	0.0	3600.0	0.0	0.0
441957.0	198.19	20.42	0.69	20.0	9.0	0.0	3600.0	0.0	0.0
442001.0	198.19	20.27	0.64	20.0	9.0	0.0	3600.0	0.0	0.0
442050.0	198.19	20.29	0.4	20.0	9.0	0.0	3600.0	0.0	0.0
442093.0	198.19	20.2	0.27	20.0	9.0	0.0	3600.0	0.0	0.0
442137.0	198.19	20.17	0.18	20.0	9.0	0.0	3600.0	0.0	0.0
442181.0	198.19	20.3	0.12	20.0	9.0	0.0	3600.0	0.0	0.0
442230.0	198.19	20.32	0.07	20.0	9.0	0.0	3600.0	0.0	0.0
442279.0	198.19	20.29	0.05	20.0	9.0	0.0	3600.0	0.0	0.0
442322.0	198.19	20.26	0.03	20.0	9.0	0.0	3600.0	0.0	0.0
442366.0	198.19	20.33	0.02	20.0	9.0	0.0	3600.0	0.0	0.0
442409.0	198.19	20.38	0.01	20.0	9.0	0.0	3600.0	0.0	0.0
442459.0	198.19	20.42	0.01	20.0	9.0	0.0	3600.0	0.0	0.0
442503.0	198.19	20.35	0.01	20.0	9.0	0.0	3600.0	0.0	0.0
442552.0	198.19	20.32	0.0	20.0	9.0	0.0	3600.0	0.0	0.0
442595.0	198.19	20.48	0.0	20.0	9.0	0.0	3600.0	0.0	0.0
442639.0	198.19	20.59	0.0	20.0	9.0	0.0	3600.0	0.0	0.0
442683.0	198.19	20.59	0.0	20.0	9.0	0.0	3600.0	0.0	0.0
442731.0	198.19	20.82	0.0	20.0	9.0	0.0	3600.0	0.0	0.0
442775.0	198.19	20.73	0.0	20.0	9.0	0.0	3600.0	0.0	0.0
442824.0	198.19	20.61	0.0	20.0	9.0	0.0	3600.0	0.0	0.0
442867.0	198.19	20.46	0.0	20.0	9.0	0.0	3600.0	0.0	0.0
442911.0	198.19	20.45	0.0	20.0	9.0	0.0	3600.0	0.0	0.0
442954.0	198.19	20.51	0.0	20.0	9.0	0.0	3600.0	0.0	0.0
443003.0	198.19	20.53	0.0	20.0	9.0	0.0	3600.0	0.0	0.0
443047.0	198.19	20.42	0.0	20.0	9.0	0.0	3600.0	0.0	0.0
443097.0	198.19	20.4	0.0	20.0	9.0	0.0	3600.0	0.0	0.0
443134.0	198.19	20.46	0.0	20.0	9.0	0.0	3600.0	0.0	0.0
443184.0	198.19	20.57	0.0	20.0	9.0	0.0	3600.0	0.0	0.0
443227.0	198.19	20.77	0.0	20.0	9.0	0.0	3600.0	0.0	0.0
443271.0	198.19	20.98	0.05	20.0	9.0	0.0	3600.0	0.0	0.0
443315.0	198.19	20.84	0.04	20.0	9.0	0.0	3600.0	0.0	0.0
443364.0	198.19	20.76	0.02	20.0	9.0	0.0	3600.0	0.0	0.0
443402.0	198.19	20.72	0.02	20.0	9.0	0.0	3600.0	0.0	0.0
443451.0	198.19	20.62	0.01	20.0	9.0	0.0	3600.0	0.0	0.0
443494.0	198.19	20.48	0.01	20.0	9.0	0.0	3600.0	0.0	0.0
443538.0	198.19	20.49	0.0	20.0	9.0	0.0	3600.0	0.0	0.0
443587.0	198.19	20.44	0.0	20.0	9.0	0.0	3600.0	0.0	0.0
443630.0	198.19	20.48	0.0	20.0	9.0	0.0	3600.0	0.0	0.0
443679.0	198.19	20.52	0.0	20.0	9.0	0.0	3600.0	0.0	0.0
443723.0	198.19	20.45	0.2	20.0	9.0	0.0	3600.0	0.0	0.0
443766.0	198.19	20.47	0.13	20.0	9.0	0.0	3600.0	0.0	0.0
443815.0	198.19	20.47	0.08	20.0	9.0	0.0	3600.0	0.0	0.0
443859.0	198.19	20.46	0.06	20.0	9.0	0.0	3600.0	0.0	0.0
443909.0	198.19	20.48	0.04	20.0	9.0	0.0	3600.0	0.0	0.0
443953.0	198.19	20.43	0.02	20.0	9.0	0.0	3600.0	0.0	0.0
444002.0	198.19	20.45	0.01	20.0	9.0	0.0	3600.0	0.0	0.0
444040.0	198.19	20.52	0.01	20.0	9.0	0.0	3600.0	0.0	0.0
444089.0	198.19	20.5	0.01	20.0	9.0	0.0	3600.0	0.0	0.0
444132.0	198.19	20.38	0.0	20.0	9.0	0.0	3600.0	0.0	0.0
444181.0	198.19	20.6	0.0	20.0	9.0	0.0	3600.0	0.0	0.0
444225.0	198.19	20.87	0.0	20.0	9.0	0.0	3600.0	0.0	0.0
444268.0	198.19	21.33	0.0	20.0	9.0	0.0	3600.0	0.0	0.0
444317.0	198.19	21.2	0.0	20.0	9.0	0.0	3600.0	0.0	0.0
444356.0	198.19	21.04	0.0	20.0	9.0	0.0	3600.0	0.0	0.0
444399.0	198.19	20.79	0.0	20.0	9.0	0.0	3600.0	0.0	0.0
444448.0	198.19	20.64	0.0	20.0	9.0	0.0	3600.0	0.0	0.0
444497.0	198.19	20.55	0.0	20.0	9.0	0.0	3600.0	0.0	0.0
444541.0	198.19	20.54	0.0	20.0	9.0	0.0	3600.0	0.0	0.0
444579.0	198.19	20.41	0.03	20.0	9.0	0.0	3600.0	0.0	0.0
444634.0	198.19	20.37	0.02	20.0	9.0	0.0	3600.0	0.0	0.0
444678.0	198.19	20.23	0.01	20.0	9.0	0.0	3600.0	0.0	0.0
444727.0	198.19	20.2	0.08	20.0	9.0	0.0	3600.0	0.0	0.0
444770.0	198.19	20.28	0.05	20.0	9.0	0.0	3600.0	0.0	0.0
444814.0	198.19	20.38	0.04	20.0	9.0	0.0	3600.0	0.0	0.0
444863.0	198.19	20.51	0.02	20.0	9.0	0.0	3600.0	0.0	0.0
444907.0	198.19	20.47	0.02	20.0	9.0	0.0	3600.0	0.0	0.0
444950.0	198.19	20.5	0.01	20.0	9.0	0.0	3600.0	0.0	0.0
444999.0	198.19	20.45	0.01	20.0	9.0	0.0	3600.0	0.0	0.0
445043.0	198.19	20.32	0.19	20.0	9.0	0.0	3600.0	0.0	0.0
445087.0	198.19	20.26	0.15	20.0	9.0	0.0	3600.0	0.0	0.0
445130.0	198.19	20.43	0.1	20.0	9.0	0.0	3600.0	0.0	0.0
445174.0	198.19	20.49	0.07	20.0	9.0	0.0	3600.0	0.0	0.0
445223.0	198.19	20.46	0.04	20.0	9.0	0.0	3600.0	0.0	0.0
445266.0	198.19	20.38	0.03	20.0	9.0	0.0	3600.0	0.0	0.0
445310.0	198.19	20.44	0.02	20.0	9.0	0.0	3600.0	0.0	0.0
445353.0	198.19	20.48	0.01	20.0	9.0	0.0	3600.0	0.0	0.0
445403.0	198.19	20.31	0.12	20.0	9.0	0.0	3600.0	0.0	0.0
445452.0	198.19	20.38	0.08	20.0	9.0	0.0	3600.0	0.0	0.0
445496.0	198.19	20.27	0.05	20.0	9.0	0.0	3600.0	0.0	0.0
445540.0	198.19	20.19	0.26	20.0	9.0	0.0	3600.0	0.0	0.0
445583.0	198.19	20.14	0.17	20.0	9.0	0.0	3600.0	0.0	0.0
445627.0	198.19	20.05	0.11	20.0	9.0	0.0	3600.0	0.0	0.0
445671.0	198.19	20.17	0.07	20.0	9.0	0.0	3600.0	0.0	0.0
445720.0	198.19	20.27	3.79	20.0	9.0	0.0	3600.0	0.0	0.0
445769.0	198.19	20.19	2.39	20.0	9.0	0.0	3600.0	0.0	0.0
445813.0	198.19	20.18	1.58	20.0	9.0	0.0	3600.0	0.0	0.0
445862.0	198.19	20.16	1.0	20.0	9.0	0.0	3600.0	0.0	0.0
445905.0	198.19	20.27	0.66	20.0	9.0	0.0	3600.0	0.0	0.0
445949.0	198.19	20.39	0.44	20.0	9.0	0.0	3600.0	0.0	0.0
445999.0	198.19	20.42	0.28	20.0	9.0	0.0	3600.0	0.0	0.0
446043.0	198.19	20.48	0.18	20.0	9.0	0.0	3600.0	0.0	0.0
446086.0	198.19	20.37	0.12	20.0	9.0	0.0	3600.0	0.0	0.0
446135.0	198.19	20.38	0.08	20.0	9.0	0.0	3600.0	0.0	0.0
446179.0	198.19	20.46	0.05	20.0	9.0	0.0	3600.0	0.0	0.0
446223.0	198.19	20.51	0.03	20.0	9.0	0.0	3600.0	0.0	0.0
446266.0	198.19	20.41	0.02	20.0	9.0	0.0	3600.0	0.0	0.0
446310.0	198.19	20.44	0.01	20.0	9.0	0.0	3600.0	0.0	0.0
446353.0	198.19	20.5	0.01	20.0	9.0	0.0	3600.0	0.0	0.0
446402.0	198.19	20.48	0.01	20.0	9.0	0.0	3600.0	0.0	0.0
446451.0	198.19	20.52	0.0	20.0	9.0	0.0	3600.0	0.0	0.0
446495.0	198.19	20.53	0.0	20.0	9.0	0.0	3600.0	0.0	0.0
446538.0	198.19	20.92	0.0	20.0	9.0	0.0	3600.0	0.0	0.0
446582.0	198.19	21.01	0.0	20.0	9.0	0.0	3600.0	0.0	0.0
446631.0	198.19	21.14	0.0	20.0	9.0	0.0	3600.0	0.0	0.0
446669.0	198.19	21.22	0.0	20.0	9.0	0.0	3600.0	0.0	0.0
446713.0	198.19	21.18	0.0	20.0	9.0	0.0	3600.0	0.0	0.0
446763.0	198.19	21.13	0.0	20.0	9.0	0.0	3600.0	0.0	0.0
446806.0	198.19	21.06	0.0	20.0	9.0	0.0	3600.0	0.0	0.0
446850.0	198.19	20.8	0.0	20.0	9.0	0.0	3600.0	0.0	0.0
446899.0	198.19	20.58	0.0	20.0	9.0	0.0	3600.0	0.0	0.0
446948.0	198.19	20.54	0.0	20.0	9.0	0.0	3600.0	0.0	0.0
446991.0	198.19	20.43	0.0	20.0	9.0	0.0	3600.0	0.0	0.0
447040.0	198.19	20.41	0.0	20.0	9.0	0.0	3600.0	0.0	0.0
447084.0	198.19	20.48	0.0	20.0	9.0	0.0	3600.0	0.0	0.0
447127.0	198.19	20.63	0.0	20.0	9.0	0.0	3600.0	0.0	0.0
447176.0	198.19	20.65	0.0	20.0	9.0	0.0	3600.0	0.0	0.0
447220.0	198.19	20.54	0.0	20.0	9.0	0.0	3600.0	0.0	0.0
447258.0	198.19	20.5	0.0	20.0	9.0	0.0	3600.0	0.0	0.0
447307.0	198.19	20.2	0.0	20.0	9.0	0.0	3600.0	0.0	0.0
447350.0	198.19	20.21	0.0	20.0	9.0	0.0	3600.0	0.0	0.0
447394.0	198.19	20.54	0.0	20.0	9.0	0.0	3600.0	0.0	0.0
447438.0	198.19	20.84	0.0	20.0	9.0	0.0	3600.0	0.0	0.0
447488.0	198.19	21.05	0.0	20.0	9.0	0.0	3600.0	0.0	0.0
447531.0	198.19	21.07	0.0	20.0	9.0	0.0	3600.0	0.0	0.0
447575.0	198.19	21.21	0.0	20.0	9.0	0.0	3600.0	0.0	0.0
447619.0	198.19	21.15	0.0	20.0	9.0	0.0	3600.0	0.0	0.0
447668.0	198.19	21.09	0.02	20.0	9.0	0.0	3600.0	0.0	0.0
447711.0	198.19	20.75	0.02	20.0	9.0	0.0	3600.0	0.0	0.0
447755.0	198.19	20.95	0.01	20.0	9.0	0.0	3600.0	0.0	0.0
447799.0	198.19	20.92	0.01	20.0	9.0	0.0	3600.0	0.0	0.0
447847.0	198.19	20.86	0.0	20.0	9.0	0.0	3600.0	0.0	0.0
447886.0	198.19	21.03	0.0	20.0	9.0	0.0	3600.0	0.0	0.0
447929.0	198.19	20.78	0.0	20.0	9.0	0.0	3600.0	0.0	0.0
447973.0	198.19	20.73	0.0	20.0	9.0	0.0	3600.0	0.0	0.0
448016.0	198.19	20.66	0.0	20.0	9.0	0.0	3600.0	0.0	0.0
448060.0	198.19	20.51	0.0	20.0	9.0	0.0	3600.0	0.0	0.0
448104.0	198.19	20.51	0.0	20.0	9.0	0.0	3600.0	0.0	0.0
448152.0	198.19	20.52	0.0	20.0	9.0	0.0	3600.0	0.0	0.0
448196.0	198.19	20.53	0.0	20.0	9.0	0.0	3600.0	0.0	0.0
448239.0	198.19	20.4	0.0	20.0	9.0	0.0	3600.0	0.0	0.0
448288.0	198.19	20.37	0.0	20.0	9.0	0.0	3600.0	0.0	0.0
448332.0	198.19	20.45	0.0	20.0	9.0	0.0	3600.0	0.0	0.0
448375.0	198.19	20.43	0.0	20.0	9.0	0.0	3600.0	0.0	0.0
448419.0	198.19	20.64	0.52	20.0	9.0	0.0	3600.0	0.0	0.0
448468.0	198.19	20.77	0.5	20.0	9.0	0.0	3600.0	0.0	0.0
448513.0	198.19	20.98	0.33	20.0	9.0	0.0	3600.0	0.0	0.0
448556.0	198.19	20.97	4.21	20.0	9.0	0.0	3600.0	0.0	0.0
448605.0	198.19	21.0	6.9	20.0	9.0	0.0	3600.0	0.0	0.0
448655.0	198.19	20.94	4.53	20.0	9.0	0.0	3600.0	0.0	0.0
448704.0	198.19	20.74	2.86	20.0	9.0	0.0	3600.0	0.0	0.0
448747.0	198.19	20.49	1.89	20.0	9.0	0.0	3600.0	0.0	0.0
448786.0	198.19	20.53	1.32	20.0	9.0	0.0	3600.0	0.0	0.0
448835.0	198.19	20.55	0.83	20.0	9.0	0.0	3600.0	0.0	0.0
448878.0	198.19	20.52	0.55	20.0	9.0	0.0	3600.0	0.0	0.0
448922.0	198.19	20.53	0.37	20.0	9.0	0.0	3600.0	0.0	0.0
448966.0	198.19	20.56	0.24	20.0	9.0	0.0	3600.0	0.0	0.0
449015.0	198.19	20.53	0.15	20.0	9.0	0.0	3600.0	0.0	0.0
449058.0	198.19	20.4	0.1	20.0	9.0	0.0	3600.0	0.0	0.0
449102.0	198.19	20.46	0.07	20.0	9.0	0.0	3600.0	0.0	0.0
449146.0	198.19	20.6	0.04	20.0	9.0	0.0	3600.0	0.0	0.0
449189.0	198.19	20.49	0.03	20.0	9.0	0.0	3600.0	0.0	0.0
449239.0	198.19	20.44	0.02	20.0	9.0	0.0	3600.0	0.0	0.0
449283.0	198.19	20.32	0.01	20.0	9.0	0.0	3600.0	0.0	0.0
449326.0	198.19	20.34	0.01	20.0	9.0	0.0	3600.0	0.0	0.0
449375.0	198.19	20.4	3.94	20.0	9.0	0.0	3600.0	0.0	0.0
449419.0	198.19	20.42	2.61	20.0	9.0	0.0	3600.0	0.0	0.0
449468.0	198.19	20.42	1.65	20.0	9.0	0.0	3600.0	0.0	0.0
449517.0	198.19	20.41	1.07	20.0	9.0	0.0	3600.0	0.0	0.0
449556.0	198.19	20.4	0.75	20.0	9.0	0.0	3600.0	0.0	0.0
449605.0	198.19	20.47	0.47	20.0	9.0	0.0	3600.0	0.0	0.0
449654.0	198.19	20.54	0.3	20.0	9.0	0.0	3600.0	0.0	0.0
449697.0	198.19	20.43	0.2	20.0	9.0	0.0	3600.0	0.0	0.0
449736.0	198.19	20.49	0.14	20.0	9.0	0.0	3600.0	0.0	0.0
449785.0	198.19	20.34	0.09	20.0	9.0	0.0	3600.0	0.0	0.0
449833.0	198.19	20.38	0.05	20.0	9.0	0.0	3600.0	0.0	0.0
449878.0	198.19	20.38	0.04	20.0	9.0	0.0	3600.0	0.0	0.0
449915.0	198.19	20.57	0.03	20.0	9.0	0.0	3600.0	0.0	0.0
449965.0	198.19	20.47	0.02	20.0	9.0	0.0	3600.0	0.0	0.0
450009.0	198.19	20.44	0.01	20.0	9.0	0.0	3600.0	0.0	0.0
450052.0	198.19	20.48	0.01	20.0	9.0	0.0	3600.0	0.0	0.0
450096.0	198.19	20.71	0.0	20.0	9.0	0.0	3600.0	0.0	0.0
450140.0	198.19	20.74	0.0	20.0	9.0	0.0	3600.0	0.0	0.0
450183.0	198.19	20.91	0.08	20.0	9.0	0.0	3600.0	0.0	0.0
450232.0	198.19	20.81	0.41	20.0	9.0	0.0	3600.0	0.0	0.0
450276.0	198.19	20.59	0.27	20.0	9.0	0.0	3600.0	0.0	0.0
450319.0	198.19	20.45	0.18	20.0	9.0	0.0	3600.0	0.0	0.0
450363.0	198.19	20.39	0.12	20.0	9.0	0.0	3600.0	0.0	0.0
450407.0	198.19	20.33	0.08	20.0	9.0	0.0	3600.0	0.0	0.0
450450.0	198.19	20.41	0.05	20.0	9.0	0.0	3600.0	0.0	0.0
450494.0	198.19	20.5	0.04	20.0	9.0	0.0	3600.0	0.0	0.0
450543.0	198.19	20.5	0.02	20.0	9.0	0.0	3600.0	0.0	0.0
450586.0	198.19	20.43	0.01	20.0	9.0	0.0	3600.0	0.0	0.0
450635.0	198.19	20.39	0.01	20.0	9.0	0.0	3600.0	0.0	0.0
450679.0	198.19	20.41	0.01	20.0	9.0	0.0	3600.0	0.0	0.0
450722.0	198.19	20.25	0.0	20.0	9.0	0.0	3600.0	0.0	0.0
450771.0	198.19	20.24	0.0	20.0	9.0	0.0	3600.0	0.0	0.0
450821.0	198.19	20.35	0.0	20.0	9.0	0.0	3600.0	0.0	0.0
450865.0	198.19	20.34	0.0	20.0	9.0	0.0	3600.0	0.0	0.0
450903.0	198.19	20.44	0.0	20.0	9.0	0.0	3600.0	0.0	0.0
450952.0	198.19	20.45	0.0	20.0	9.0	0.0	3600.0	0.0	0.0
450995.0	198.19	20.47	0.0	20.0	9.0	0.0	3600.0	0.0	0.0
451039.0	198.19	20.81	0.0	20.0	9.0	0.0	3600.0	0.0	0.0
451083.0	198.19	20.93	0.0	20.0	9.0	0.0	3600.0	0.0	0.0
451132.0	198.19	20.92	0.0	20.0	9.0	0.0	3600.0	0.0	0.0
451175.0	198.19	20.89	0.0	20.0	9.0	0.0	3600.0	0.0	0.0
451219.0	198.19	20.79	0.0	20.0	9.0	0.0	3600.0	0.0	0.0
451262.0	198.19	20.64	0.0	20.0	9.0	0.0	3600.0	0.0	0.0
451311.0	198.19	20.56	0.0	20.0	9.0	0.0	3600.0	0.0	0.0
451355.0	198.19	20.52	0.0	20.0	9.0	0.0	3600.0	0.0	0.0
451398.0	198.19	20.48	0.0	20.0	9.0	0.0	3600.0	0.0	0.0
451442.0	198.19	20.39	0.0	20.0	9.0	0.0	3600.0	0.0	0.0
451485.0	198.19	20.43	0.0	20.0	9.0	0.0	3600.0	0.0	0.0
451529.0	198.19	20.5	0.0	20.0	9.0	0.0	3600.0	0.0	0.0
451572.0	198.19	20.56	0.0	20.0	9.0	0.0	3600.0	0.0	0.0
451611.0	198.19	20.89	0.0	20.0	9.0	0.0	3600.0	0.0	0.0
451659.0	198.19	20.93	0.0	20.0	9.0	0.0	3600.0	0.0	0.0
451703.0	198.19	20.79	0.0	20.0	9.0	0.0	3600.0	0.0	0.0
451752.0	198.19	20.69	0.0	20.0	9.0	0.0	3600.0	0.0	0.0
451795.0	198.19	20.64	0.05	20.0	9.0	0.0	3600.0	0.0	0.0
451840.0	198.19	20.5	0.04	20.0	9.0	0.0	3600.0	0.0	0.0
451889.0	198.19	20.5	0.11	20.0	9.0	0.0	3600.0	0.0	0.0
451933.0	198.19	20.56	0.07	20.0	9.0	0.0	3600.0	0.0	0.0
451981.0	198.19	20.57	0.05	20.0	9.0	0.0	3600.0	0.0	0.0
452025.0	198.19	20.56	0.03	20.0	9.0	0.0	3600.0	0.0	0.0
452074.0	198.19	20.53	0.02	20.0	9.0	0.0	3600.0	0.0	0.0
452118.0	198.19	20.4	0.01	20.0	9.0	0.0	3600.0	0.0	0.0
452161.0	198.19	20.35	0.01	20.0	9.0	0.0	3600.0	0.0	0.0
452205.0	198.19	20.48	0.27	20.0	9.0	0.0	3600.0	0.0	0.0
452254.0	198.19	20.59	0.17	20.0	9.0	0.0	3600.0	0.0	0.0
452292.0	198.19	20.49	0.12	20.0	9.0	0.0	3600.0	0.0	0.0
452336.0	198.19	20.42	0.08	20.0	9.0	0.0	3600.0	0.0	0.0
452385.0	198.19	20.29	0.05	20.0	9.0	0.0	3600.0	0.0	0.0
452428.0	198.19	20.17	0.09	20.0	9.0	0.0	3600.0	0.0	0.0
452472.0	198.19	20.43	0.06	20.0	9.0	0.0	3600.0	0.0	0.0
452516.0	198.19	20.56	0.04	20.0	9.0	0.0	3600.0	0.0	0.0
452566.0	198.19	20.54	0.02	20.0	9.0	0.0	3600.0	0.0	0.0
452609.0	198.19	20.43	0.02	20.0	9.0	0.0	3600.0	0.0	0.0
452653.0	198.19	20.8	0.01	20.0	9.0	0.0	3600.0	0.0	0.0
452696.0	198.19	20.91	0.06	20.0	9.0	0.0	3600.0	0.0	0.0
452745.0	198.19	21.08	0.04	20.0	9.0	0.0	3600.0	0.0	0.0
452789.0	198.19	21.13	0.02	20.0	9.0	0.0	3600.0	0.0	0.0
452833.0	198.19	21.29	0.02	20.0	9.0	0.0	3600.0	0.0	0.0
452882.0	198.19	21.29	0.01	20.0	9.0	0.0	3600.0	0.0	0.0
452925.0	198.19	21.25	0.01	20.0	9.0	0.0	3600.0	0.0	0.0
452972.0	198.19	21.07	0.0	20.0	9.0	0.0	3600.0	0.0	0.0
453015.0	198.19	20.93	0.0	20.0	9.0	0.0	3600.0	0.0	0.0
453064.0	198.19	20.87	0.0	20.0	9.0	0.0	3600.0	0.0	2.0
453108.0	198.19	20.75	0.0	20.0	9.0	0.0	3600.0	0.0	2.0
453152.0	198.19	20.71	0.0	20.0	9.0	0.0	3600.0	0.0	2.0
453201.0	198.19	20.6	0.0	20.0	9.0	0.0	3600.0	0.0	2.0
453245.0	198.19	20.61	0.0	20.0	9.0	0.0	3600.0	0.0	2.0
453288.0	198.19	20.6	0.0	20.0	9.0	0.0	3600.0	0.0	2.0
453332.0	198.19	20.61	0.0	20.0	9.0	0.0	3600.0	0.0	2.0
453377.0	198.19	20.57	0.0	20.0	9.0	0.0	3600.0	0.0	2.0
453421.0	198.19	20.45	0.0	20.0	9.0	0.0	3600.0	0.0	2.0
453470.0	198.19	20.39	0.0	20.0	9.0	0.0	3600.0	0.0	2.0
453519.0	198.19	20.36	0.0	20.0	9.0	0.0	3600.0	0.0	2.0
453562.0	198.19	20.36	0.0	20.0	9.0	0.0	3600.0	0.0	0.0
453600.0	198.19	20.32	0.0	20.0	9.0	0.0	3600.0	0.0	0.0
453649.0	198.19	20.34	0.0	20.0	9.0	0.0	3600.0	0.0	0.0
453688.0	198.19	20.44	0.0	20.0	9.0	0.0	3600.0	0.0	0.0
453736.0	198.19	20.5	0.0	20.0	9.0	0.0	3600.0	0.0	0.0
453780.0	198.19	20.44	0.0	20.0	9.0	0.0	3600.0	0.0	0.0
453824.0	198.19	20.52	0.0	20.0	9.0	0.0	3600.0	0.0	0.0
453867.0	198.19	20.53	0.0	20.0	9.0	0.0	3600.0	0.0	0.0
453916.0	198.19	20.68	0.0	20.0	9.0	0.0	3600.0	0.0	0.0
453954.0	198.19	20.9	0.0	20.0	9.0	0.0	3600.0	0.0	0.0
454003.0	198.19	20.82	0.0	20.0	9.0	0.0	3600.0	0.0	0.0
454052.0	198.19	20.71	0.0	20.0	9.0	0.0	3600.0	0.0	0.0
454096.0	198.19	20.57	0.0	20.0	9.0	0.0	3600.0	0.0	0.0
454146.0	198.19	20.46	0.1	20.0	9.0	0.0	3600.0	0.0	0.0
454183.0	198.19	20.52	0.07	20.0	9.0	0.0	3600.0	0.0	0.0
454233.0	198.19	20.5	0.04	20.0	9.0	0.0	3600.0	0.0	0.0
454276.0	198.19	20.38	0.03	20.0	9.0	0.0	3600.0	0.0	0.0
454325.0	198.19	20.36	0.02	20.0	9.0	0.0	3600.0	0.0	0.0
454369.0	198.19	20.39	0.01	20.0	9.0	0.0	3600.0	0.0	0.0
454418.0	198.19	20.46	0.01	20.0	9.0	0.0	3600.0	0.0	0.0
454461.0	198.19	20.62	0.01	20.0	9.0	0.0	3600.0	0.0	0.0
454505.0	198.19	20.48	0.0	20.0	9.0	0.0	3600.0	0.0	0.0
454548.0	198.19	20.49	0.0	20.0	9.0	0.0	3600.0	0.0	0.0
454592.0	198.19	20.36	0.09	20.0	9.0	0.0	3600.0	0.0	0.0
454641.0	198.19	20.4	0.06	20.0	9.0	0.0	3600.0	0.0	0.0
454684.0	198.19	20.18	0.3	20.0	9.0	0.0	3600.0	0.0	0.0
454733.0	198.19	20.67	0.19	20.0	9.0	0.0	3600.0	0.0	0.0
454772.0	198.19	20.75	0.33	20.0	9.0	0.0	3600.0	0.0	0.0
454821.0	198.19	20.58	0.37	20.0	9.0	0.0	3600.0	0.0	0.0
454871.0	198.19	20.41	0.23	20.0	9.0	0.0	3600.0	0.0	0.0
454915.0	198.19	20.32	0.15	20.0	9.0	0.0	3600.0	0.0	0.0
454958.0	198.19	20.46	0.1	20.0	9.0	0.0	3600.0	0.0	0.0
455002.0	198.19	20.55	0.07	20.0	9.0	0.0	3600.0	0.0	0.0
455051.0	198.19	20.52	0.04	20.0	9.0	0.0	3600.0	0.0	0.0
455095.0	198.19	20.41	0.18	20.0	9.0	0.0	3600.0	0.0	0.0
455144.0	198.19	20.38	0.11	20.0	9.0	0.0	3600.0	0.0	0.0
455187.0	198.19	20.45	0.08	20.0	9.0	0.0	3600.0	0.0	0.0
455236.0	198.19	20.56	0.05	20.0	9.0	0.0	3600.0	0.0	0.0
455280.0	198.19	20.58	0.03	20.0	9.0	0.0	3600.0	0.0	0.0
455329.0	198.19	20.55	0.02	20.0	9.0	0.0	3600.0	0.0	0.0
455372.0	198.19	20.77	0.01	20.0	9.0	0.0	3600.0	0.0	0.0
455421.0	198.19	20.91	0.01	20.0	9.0	0.0	3600.0	0.0	0.0
455459.0	198.19	21.05	0.01	20.0	9.0	0.0	3600.0	0.0	0.0
455508.0	198.19	21.21	0.0	20.0	9.0	0.0	3600.0	0.0	0.0
455558.0	198.19	21.27	0.0	20.0	9.0	0.0	3600.0	0.0	0.0
455602.0	198.19	21.24	0.0	20.0	9.0	0.0	3600.0	0.0	0.0
455651.0	198.19	21.22	0.0	20.0	9.0	0.0	3600.0	0.0	0.0
455689.0	198.19	21.24	0.0	20.0	9.0	0.0	3600.0	0.0	0.0
455738.0	198.19	21.12	0.0	20.0	9.0	0.0	3600.0	0.0	0.0
455787.0	198.19	20.93	0.0	20.0	9.0	0.0	3600.0	0.0	0.0
455831.0	198.19	20.85	0.0	20.0	9.0	0.0	3600.0	0.0	0.0
455880.0	198.19	20.67	0.0	20.0	9.0	0.0	3600.0	0.0	0.0
455923.0	198.19	20.63	0.0	20.0	9.0	0.0	3600.0	0.0	0.0
455967.0	198.19	20.45	0.0	20.0	9.0	0.0	3600.0	0.0	0.0
456016.0	198.19	20.38	0.0	20.0	9.0	0.0	3600.0	0.0	0.0
456059.0	198.19	20.4	0.0	20.0	9.0	0.0	3600.0	0.0	0.0
456103.0	198.19	20.52	0.0	20.0	9.0	0.0	3600.0	0.0	0.0
456153.0	198.19	20.56	0.0	20.0	9.0	0.0	3600.0	0.0	0.0
456196.0	198.19	20.42	0.0	20.0	9.0	0.0	3600.0	0.0	0.0
456235.0	198.19	20.5	0.0	20.0	9.0	0.0	3600.0	0.0	0.0
456283.0	198.19	20.71	0.0	20.0	9.0	0.0	3600.0	0.0	0.0
456327.0	198.19	20.75	0.45	20.0	9.0	0.0	3600.0	0.0	0.0
456376.0	198.19	20.9	0.29	20.0	9.0	0.0	3600.0	0.0	0.0
456425.0	198.19	21.19	0.18	20.0	9.0	0.0	3600.0	0.0	0.0
456469.0	198.19	21.07	0.12	20.0	9.0	0.0	3600.0	0.0	0.0
456518.0	198.19	20.72	0.1	20.0	9.0	0.0	3600.0	0.0	0.0
456562.0	198.19	20.51	0.16	20.0	9.0	0.0	3600.0	0.0	0.0
456611.0	198.19	20.4	0.1	20.0	9.0	0.0	3600.0	0.0	0.0
456654.0	198.19	20.49	0.07	20.0	9.0	0.0	3600.0	0.0	0.0
456704.0	198.19	20.52	0.04	20.0	9.0	0.0	3600.0	0.0	0.0
456748.0	198.19	20.4	0.03	20.0	9.0	0.0	3600.0	0.0	0.0
456797.0	198.19	20.76	0.02	20.0	9.0	0.0	3600.0	0.0	0.0
456846.0	198.19	20.96	0.01	20.0	9.0	0.0	3600.0	0.0	0.0
456889.0	198.19	21.07	0.01	20.0	9.0	0.0	3600.0	0.0	0.0
456938.0	198.19	21.21	0.0	20.0	9.0	0.0	3600.0	0.0	0.0
456987.0	198.19	21.23	0.0	20.0	9.0	0.0	3600.0	0.0	0.0
457036.0	198.19	21.24	0.0	20.0	9.0	0.0	3600.0	0.0	0.0
457080.0	198.19	21.18	0.0	20.0	9.0	0.0	3600.0	0.0	0.0
457118.0	198.19	21.23	0.03	20.0	9.0	0.0	3600.0	0.0	0.0
457167.0	198.19	21.38	0.02	20.0	9.0	0.0	3600.0	0.0	0.0
457217.0	198.19	21.31	0.01	20.0	9.0	0.0	3600.0	0.0	0.0
457261.0	198.19	21.25	0.01	20.0	9.0	0.0	3600.0	0.0	0.0
457304.0	198.19	21.34	0.01	20.0	9.0	0.0	3600.0	0.0	0.0
457353.0	198.19	21.34	0.0	20.0	9.0	0.0	3600.0	0.0	0.0
457402.0	198.19	21.41	0.0	20.0	9.0	0.0	3600.0	0.0	0.0
457451.0	198.19	21.32	0.0	20.0	9.0	0.0	3600.0	0.0	0.0
457495.0	198.19	21.27	0.0	20.0	9.0	0.0	3600.0	0.0	0.0
457544.0	198.19	21.26	0.0	20.0	9.0	0.0	3600.0	0.0	0.0
457593.0	198.19	21.3	0.0	20.0	9.0	0.0	3600.0	0.0	0.0
457643.0	198.19	21.24	0.0	20.0	9.0	0.0	3600.0	0.0	0.0
457687.0	198.19	21.24	0.0	20.0	9.0	0.0	3600.0	0.0	0.0
457736.0	198.19	21.27	0.0	20.0	9.0	0.0	3600.0	0.0	0.0
457785.0	198.19	21.13	0.0	20.0	9.0	0.0	3600.0	0.0	0.0
457828.0	198.19	21.26	0.0	20.0	9.0	0.0	3600.0	0.0	0.0
457872.0	198.19	21.22	0.0	20.0	9.0	0.0	3600.0	0.0	0.0
457921.0	198.19	21.34	0.0	20.0	9.0	0.0	3600.0	0.0	0.0
457970.0	198.19	21.29	0.0	20.0	9.0	0.0	3600.0	0.0	0.0
458019.0	198.19	21.25	0.0	20.0	9.0	0.0	3600.0	0.0	0.0
458068.0	198.19	21.23	0.0	20.0	9.0	0.0	3600.0	0.0	0.0
458123.0	198.19	21.28	0.0	20.0	9.0	0.0	3600.0	0.0	0.0
458172.0	198.19	21.36	0.0	20.0	9.0	0.0	3600.0	0.0	0.0
458221.0	198.19	21.29	0.0	20.0	9.0	0.0	3600.0	0.0	0.0
458265.0	198.19	21.23	0.0	20.0	9.0	0.0	3600.0	0.0	0.0
458308.0	198.19	21.17	0.0	20.0	9.0	0.0	3600.0	0.0	0.0
458352.0	198.19	21.13	0.0	20.0	9.0	0.0	3600.0	0.0	0.0
458396.0	198.19	20.87	0.0	20.0	9.0	0.0	3600.0	0.0	0.0
458445.0	198.19	20.77	0.0	20.0	9.0	0.0	3600.0	0.0	0.0
458488.0	198.19	20.72	0.0	20.0	9.0	0.0	3600.0	0.0	0.0
458537.0	198.19	20.61	0.0	20.0	9.0	0.0	3600.0	0.0	0.0
458580.0	198.19	20.57	0.0	20.0	9.0	0.0	3600.0	0.0	0.0
458630.0	198.19	20.39	0.0	20.0	9.0	0.0	3600.0	0.0	0.0
458674.0	198.19	20.31	0.0	20.0	9.0	0.0	3600.0	0.0	0.0
458723.0	198.19	20.27	0.0	20.0	9.0	0.0	3600.0	0.0	0.0
458761.0	198.19	20.45	0.0	20.0	9.0	0.0	3600.0	0.0	0.0
458810.0	198.19	20.49	0.0	20.0	9.0	0.0	3600.0	0.0	0.0
458854.0	198.19	20.4	0.0	20.0	9.0	0.0	3600.0	0.0	0.0
458902.0	198.19	20.4	0.0	20.0	9.0	0.0	3600.0	0.0	0.0
458946.0	198.19	20.74	0.0	20.0	9.0	0.0	3600.0	0.0	0.0
458990.0	198.19	20.86	0.0	20.0	9.0	0.0	3600.0	0.0	0.0
459033.0	198.19	20.93	0.0	20.0	9.0	0.0	3600.0	0.0	0.0
459077.0	198.19	20.85	0.0	20.0	9.0	0.0	3600.0	0.0	0.0
459120.0	198.19	20.75	0.0	20.0	9.0	0.0	3600.0	0.0	0.0
459169.0	198.19	20.66	0.0	20.0	9.0	0.0	3600.0	0.0	0.0
459213.0	198.19	20.63	0.0	20.0	9.0	0.0	3600.0	0.0	0.0
459262.0	198.19	20.55	0.0	20.0	9.0	0.0	3600.0	0.0	0.0
459305.0	198.19	20.53	0.0	20.0	9.0	0.0	3600.0	0.0	0.0
459355.0	198.19	20.5	0.0	20.0	9.0	0.0	3600.0	0.0	0.0
459393.0	198.19	20.47	0.0	20.0	9.0	0.0	3600.0	0.0	0.0
459437.0	198.19	20.65	0.0	20.0	9.0	0.0	3600.0	0.0	0.0
459486.0	198.19	20.63	0.0	20.0	9.0	0.0	3600.0	0.0	0.0
459530.0	198.19	20.49	0.0	20.0	9.0	0.0	3600.0	0.0	0.0
459573.0	198.19	20.54	0.0	20.0	9.0	0.0	3600.0	0.0	0.0
459625.0	198.19	20.53	0.0	20.0	9.0	0.0	3600.0	0.0	0.0
459674.0	198.19	20.51	0.0	20.0	9.0	0.0	3600.0	0.0	0.0
459717.0	198.19	20.41	0.0	20.0	9.0	0.0	3600.0	0.0	0.0
459756.0	198.19	20.47	0.0	20.0	9.0	0.0	3600.0	0.0	0.0
459804.0	198.19	20.74	0.0	20.0	9.0	0.0	3600.0	0.0	0.0
459848.0	198.19	20.89	0.0	20.0	9.0	0.0	3600.0	0.0	0.0
459892.0	198.19	20.95	0.0	20.0	9.0	0.0	3600.0	0.0	0.0
459935.0	198.19	20.78	0.0	20.0	9.0	0.0	3600.0	0.0	0.0
459984.0	198.19	20.46	0.0	20.0	9.0	0.0	3600.0	0.0	0.0
460034.0	198.19	20.39	0.0	20.0	9.0	0.0	3600.0	0.0	2.0
460071.0	198.19	20.3	0.0	20.0	9.0	0.0	3600.0	0.0	2.0
460115.0	198.19	20.25	0.0	20.0	9.0	0.0	3600.0	0.0	2.0
460165.0	198.19	20.28	0.0	20.0	9.0	0.0	3600.0	0.0	2.0
460214.0	198.19	20.33	0.0	20.0	9.0	0.0	3600.0	0.0	2.0
460258.0	198.19	20.48	0.0	20.0	9.0	0.0	3600.0	0.0	2.0
460302.0	198.19	20.79	0.0	20.0	9.0	0.0	3600.0	0.0	2.0
460345.0	198.19	20.92	0.0	20.0	9.0	0.0	3600.0	0.0	2.0
460389.0	198.19	21.03	0.0	20.0	9.0	0.0	3600.0	0.0	2.0
460438.0	198.19	20.86	0.0	20.0	9.0	0.0	3600.0	0.0	2.0
460476.0	198.19	20.78	0.0	20.0	9.0	0.0	3600.0	0.0	2.0
460526.0	198.19	20.6	0.0	20.0	9.0	0.0	3600.0	0.0	2.0
460569.0	198.19	20.43	0.0	20.0	9.0	0.0	3600.0	0.0	0.0
460613.0	198.19	20.82	0.0	20.0	9.0	0.0	3600.0	0.0	0.0
460656.0	198.19	20.85	0.0	20.0	9.0	0.0	3600.0	0.0	0.0
460705.0	198.19	20.51	0.0	20.0	9.0	0.0	3600.0	0.0	0.0
460748.0	198.19	20.49	0.0	20.0	9.0	0.0	3600.0	0.0	0.0
460797.0	198.19	20.44	0.0	20.0	9.0	0.0	3600.0	0.0	0.0
460836.0	198.19	20.38	0.0	20.0	9.0	0.0	3600.0	0.0	0.0
460884.0	198.19	20.36	0.0	20.0	9.0	0.0	3600.0	0.0	0.0
460929.0	198.19	20.39	0.0	20.0	9.0	0.0	3600.0	0.0	0.0
460972.0	198.19	20.47	0.0	20.0	9.0	0.0	3600.0	0.0	0.0
461021.0	198.19	20.51	0.0	20.0	9.0	0.0	3600.0	0.0	0.0
461070.0	198.19	20.61	0.0	20.0	9.0	0.0	3600.0	0.0	0.0
461114.0	198.19	20.79	0.0	20.0	9.0	0.0	3600.0	0.0	0.0
461157.0	198.19	21.15	0.0	20.0	9.0	0.0	3600.0	0.0	0.0
461201.0	198.19	20.8	0.0	20.0	9.0	0.0	3600.0	0.0	0.0
461250.0	198.19	20.6	0.0	20.0	9.0	0.0	3600.0	0.0	0.0
461293.0	198.19	20.43	0.03	20.0	9.0	0.0	3600.0	0.0	0.0
461337.0	198.19	20.37	0.12	20.0	9.0	0.0	3600.0	0.0	0.0
461381.0	198.19	20.3	0.08	20.0	9.0	0.0	3600.0	0.0	0.0
461424.0	198.19	20.37	0.05	20.0	9.0	0.0	3600.0	0.0	0.0
461468.0	198.19	20.41	0.03	20.0	9.0	0.0	3600.0	0.0	0.0
461511.0	198.19	20.33	0.02	20.0	9.0	0.0	3600.0	0.0	0.0
461560.0	198.19	20.3	0.01	20.0	9.0	0.0	3600.0	0.0	0.0
461604.0	198.19	20.38	0.01	20.0	9.0	0.0	3600.0	0.0	0.0
461647.0	198.19	20.42	0.01	20.0	9.0	0.0	3600.0	0.0	0.0
461691.0	198.19	20.37	0.0	20.0	9.0	0.0	3600.0	0.0	0.0
461741.0	198.19	20.39	0.0	20.0	9.0	0.0	3600.0	0.0	0.0
461784.0	198.19	20.41	0.0	20.0	9.0	0.0	3600.0	0.0	0.0
461828.0	198.19	20.59	0.0	20.0	9.0	0.0	3600.0	0.0	0.0
461877.0	198.19	20.68	0.0	20.0	9.0	0.0	3600.0	0.0	0.0
461920.0	198.19	20.7	0.0	20.0	9.0	0.0	3600.0	0.0	0.0
461969.0	198.19	20.57	0.0	20.0	9.0	0.0	3600.0	0.0	0.0
462013.0	198.19	20.53	0.0	20.0	9.0	0.0	3600.0	0.0	0.0
462056.0	198.19	20.4	0.0	20.0	9.0	0.0	3600.0	0.0	0.0
462105.0	198.19	20.41	0.0	20.0	9.0	0.0	3600.0	0.0	0.0
462154.0	198.19	20.4	0.0	20.0	9.0	0.0	3600.0	0.0	0.0
462198.0	198.19	20.42	0.0	20.0	9.0	0.0	3600.0	0.0	0.0
462241.0	198.19	20.48	4.13	20.0	9.0	0.0	3600.0	0.0	0.0
462290.0	198.19	20.43	2.6	20.0	9.0	0.0	3600.0	0.0	0.0
462334.0	198.19	20.36	1.73	20.0	9.0	0.0	3600.0	0.0	0.0
462379.0	198.19	20.41	6.44	20.0	9.0	0.0	3600.0	0.0	0.0
462428.0	198.19	20.39	18.94	20.0	9.0	0.0	3600.0	0.0	0.0
462472.0	198.19	20.53	12.57	20.0	9.0	0.0	3600.0	0.0	0.0
462522.0	198.19	20.49	19.89	20.0	9.0	0.0	3600.0	0.0	0.0
462561.0	198.19	20.56	14.13	20.0	9.0	0.0	3600.0	0.0	0.0
462610.0	198.19	20.64	9.24	20.0	9.0	0.0	3600.0	0.0	0.0
462654.0	198.19	20.37	7.02	20.0	9.0	0.0	3600.0	0.0	0.0
462698.0	198.19	20.32	38.96	20.0	9.0	0.0	3600.0	0.0	0.0
462743.0	198.19	20.24	65.32	20.0	9.0	0.0	3600.0	0.0	0.0
462787.0	198.19	20.2	83.08	20.0	9.0	0.0	3600.0	0.0	0.0
462831.0	198.19	20.27	95.44	20.0	9.0	0.0	3600.0	0.0	0.0
462881.0	198.19	20.5	104.89	20.0	9.0	0.0	3600.0	0.0	0.0
462926.0	198.19	20.38	111.65	20.0	9.0	0.0	3600.0	0.0	0.0
462977.0	198.19	20.26	116.1	20.0	9.0	0.0	3600.0	0.0	0.0
463022.0	198.19	20.35	120.3	20.0	9.0	0.0	3600.0	0.0	0.0
463072.0	198.19	20.42	121.65	20.0	9.0	0.0	3600.0	0.0	0.0
463117.0	198.19	20.44	122.65	20.0	9.0	0.0	3600.0	0.0	0.0
463167.0	198.19	20.59	124.06	20.0	9.0	0.0	3600.0	0.0	0.0
463212.0	198.19	20.47	125.24	20.0	9.0	0.0	3600.0	0.0	0.0
463256.0	198.19	20.13	125.1	20.0	9.0	0.0	3600.0	0.0	0.0
463306.0	198.19	20.35	126.22	20.0	9.0	0.0	3600.0	0.0	0.0
463351.0	198.19	20.28	128.61	20.0	9.0	0.0	3600.0	0.0	0.0
463396.0	198.19	20.39	127.69	20.0	9.0	0.0	3600.0	0.0	0.0
463441.0	198.19	20.47	127.87	20.0	9.0	0.0	3600.0	0.0	0.0
463492.0	198.19	20.44	130.58	20.0	9.0	0.0	3600.0	0.0	0.0
463539.0	198.19	20.57	131.39	20.0	9.0	0.0	3600.0	0.0	2.0
463584.0	198.19	20.61	130.63	20.0	9.0	0.0	3600.0	0.0	2.0
463629.0	198.19	20.43	130.21	20.0	9.0	0.0	3600.0	0.0	2.0
463674.0	198.19	20.44	129.48	20.0	9.0	0.0	3600.0	0.0	2.0
463724.0	198.19	20.41	129.06	20.0	9.0	0.0	3600.0	0.0	2.0
463775.0	198.19	20.51	129.21	20.0	9.0	0.0	3600.0	0.0	2.0
463820.0	198.19	20.5	129.08	20.0	9.0	0.0	3600.0	0.0	2.0
463870.0	198.19	20.45	129.25	20.0	9.0	0.0	3600.0	0.0	2.0
463909.0	198.19	20.51	129.19	20.0	9.0	0.0	3600.0	0.0	2.0
463961.0	198.19	20.48	129.11	20.0	9.0	0.0	3600.0	0.0	2.0
464006.0	198.19	20.55	129.59	20.0	9.0	0.0	3600.0	0.0	2.0
464050.0	198.19	20.53	129.17	20.0	9.0	0.0	3600.0	0.0	0.0
464101.0	198.19	20.69	130.96	20.0	9.0	0.0	3600.0	0.0	0.0
464145.0	198.19	20.51	131.71	20.0	9.0	0.0	3600.0	0.0	0.0
464190.0	198.19	20.39	131.36	20.0	9.0	0.0	3600.0	0.0	0.0
464235.0	198.19	20.36	131.62	20.0	9.0	0.0	3600.0	0.0	0.0
464280.0	198.19	20.39	132.19	20.0	9.0	0.0	3600.0	0.0	0.0
464324.0	198.19	20.34	131.86	20.0	9.0	0.0	3600.0	0.0	0.0
464374.0	198.19	20.35	132.07	20.0	9.0	0.0	3600.0	0.0	0.0
464419.0	198.19	20.41	132.9	20.0	9.0	0.0	3600.0	0.0	0.0
464470.0	198.19	20.53	134.31	20.0	9.0	0.0	3600.0	0.0	0.0
464521.0	198.19	20.47	133.95	20.0	9.0	0.0	3600.0	0.0	0.0
464571.0	198.19	20.44	133.68	20.0	9.0	0.0	3600.0	0.0	0.0
464610.0	198.19	20.61	132.91	20.0	9.0	0.0	3600.0	0.0	0.0
464660.0	198.19	20.24	134.02	20.0	9.0	0.0	3600.0	0.0	0.0
464705.0	198.19	20.22	134.45	20.0	9.0	0.0	3600.0	0.0	0.0
464755.0	198.19	20.4	134.27	20.0	9.0	0.0	3600.0	0.0	0.0
464800.0	198.19	20.44	133.53	20.0	9.0	0.0	3600.0	0.0	0.0
464839.0	198.19	20.41	134.71	20.0	9.0	0.0	3600.0	0.0	0.0
464889.0	198.19	20.41	134.86	20.0	9.0	0.0	3600.0	0.0	0.0
464940.0	198.19	20.57	135.97	20.0	9.0	0.0	3600.0	0.0	0.0
464991.0	198.19	20.62	135.63	20.0	9.0	0.0	3600.0	0.0	0.0
465035.0	198.19	20.6	136.73	20.0	9.0	0.0	3600.0	0.0	0.0
465085.0	198.19	20.53	134.02	20.0	9.0	0.0	3600.0	0.0	0.0
465130.0	198.19	20.53	134.36	20.0	9.0	0.0	3600.0	0.0	0.0
465180.0	198.19	20.47	135.9	20.0	9.0	0.0	3600.0	0.0	0.0
465225.0	198.19	20.46	136.17	20.0	9.0	0.0	3600.0	0.0	0.0
465275.0	198.19	20.59	135.92	20.0	9.0	0.0	3600.0	0.0	0.0
465320.0	198.19	20.63	137.88	20.0	9.0	0.0	3600.0	0.0	0.0
465366.0	198.19	20.62	136.26	20.0	9.0	0.0	3600.0	0.0	0.0
465410.0	198.19	20.55	136.92	20.0	9.0	0.0	3600.0	0.0	0.0
465460.0	198.19	20.59	96.53	20.0	9.0	0.0	3600.0	0.0	0.0
465510.0	198.19	20.46	60.84	20.0	9.0	0.0	3600.0	0.0	0.0
465554.0	198.19	20.7	40.36	20.0	9.0	0.0	3600.0	0.0	0.0
465604.0	198.19	20.58	25.44	20.0	9.0	0.0	3600.0	0.0	0.0
465653.0	198.19	20.5	16.03	20.0	9.0	0.0	3600.0	0.0	0.0
465703.0	198.19	20.47	10.1	20.0	9.0	0.0	3600.0	0.0	0.0
465747.0	198.19	20.45	6.7	20.0	9.0	0.0	3600.0	0.0	0.0
465790.0	198.19	20.35	4.78	20.0	9.0	0.0	3600.0	0.0	0.0
465841.0	198.19	20.38	3.51	20.0	9.0	0.0	3600.0	0.0	0.0
465884.0	198.19	20.4	9.36	20.0	9.0	0.0	3600.0	0.0	0.0
465928.0	198.19	20.57	7.45	20.0	9.0	0.0	3600.0	0.0	0.0
465972.0	198.19	20.57	6.8	20.0	9.0	0.0	3600.0	0.0	0.0
466021.0	198.19	20.51	6.85	20.0	9.0	0.0	3600.0	0.0	0.0
466071.0	198.19	20.45	6.07	20.0	9.0	0.0	3600.0	0.0	0.0
466120.0	198.19	20.48	5.53	20.0	9.0	0.0	3600.0	0.0	0.0
466164.0	198.19	20.39	4.6	20.0	9.0	0.0	3600.0	0.0	0.0
466213.0	198.19	20.59	5.87	20.0	9.0	0.0	3600.0	0.0	0.0
466257.0	198.19	20.63	8.34	20.0	9.0	0.0	3600.0	0.0	0.0
466300.0	198.19	20.63	8.09	20.0	9.0	0.0	3600.0	0.0	0.0
466344.0	198.19	20.61	6.65	20.0	9.0	0.0	3600.0	0.0	0.0
466388.0	198.19	20.34	11.06	20.0	9.0	0.0	3600.0	0.0	0.0
466439.0	198.19	20.47	9.54	20.0	9.0	0.0	3600.0	0.0	0.0
466488.0	198.19	20.44	8.72	20.0	9.0	0.0	3600.0	0.0	0.0
466532.0	198.19	20.41	7.17	20.0	9.0	0.0	3600.0	0.0	0.0
466581.0	198.19	20.38	6.23	20.0	9.0	0.0	3600.0	0.0	0.0
466625.0	198.19	20.38	6.21	20.0	9.0	0.0	3600.0	0.0	0.0
466674.0	198.19	20.63	6.29	20.0	9.0	0.0	3600.0	0.0	0.0
466718.0	198.19	20.56	7.06	20.0	9.0	0.0	3600.0	0.0	0.0
466768.0	198.19	20.47	7.1	20.0	9.0	0.0	3600.0	0.0	0.0
466811.0	198.19	20.48	6.2	20.0	9.0	0.0	3600.0	0.0	0.0
466855.0	198.19	20.35	5.73	20.0	9.0	0.0	3600.0	0.0	0.0
466906.0	198.19	20.36	5.84	20.0	9.0	0.0	3600.0	0.0	0.0
466949.0	198.19	20.59	5.72	20.0	9.0	0.0	3600.0	0.0	0.0
466993.0	198.19	20.62	5.95	20.0	9.0	0.0	3600.0	0.0	0.0
467037.0	198.19	20.6	4.55	20.0	9.0	0.0	3600.0	0.0	0.0
467086.0	198.19	20.51	2.87	20.0	9.0	0.0	3600.0	0.0	0.0
467130.0	198.19	20.41	1.9	20.0	9.0	0.0	3600.0	0.0	0.0
467179.0	198.19	20.29	5.25	20.0	9.0	0.0	3600.0	0.0	0.0
467223.0	198.19	20.34	3.48	20.0	9.0	0.0	3600.0	0.0	0.0
467272.0	198.19	20.33	2.19	20.0	9.0	0.0	3600.0	0.0	0.0
467315.0	198.19	20.4	1.46	20.0	9.0	0.0	3600.0	0.0	0.0
467359.0	198.19	20.34	0.97	20.0	9.0	0.0	3600.0	0.0	0.0
467408.0	198.19	20.35	0.61	20.0	9.0	0.0	3600.0	0.0	0.0
467458.0	198.19	20.21	5.42	20.0	9.0	0.0	3600.0	0.0	0.0
467502.0	198.19	20.42	3.59	20.0	9.0	0.0	3600.0	0.0	0.0
467551.0	198.19	20.67	6.51	20.0	9.0	0.0	3600.0	0.0	0.0
467595.0	198.19	20.95	4.32	20.0	9.0	0.0	3600.0	0.0	0.0
467649.0	198.19	20.86	2.59	20.0	9.0	0.0	3600.0	0.0	0.0
467693.0	198.19	20.72	1.72	20.0	9.0	0.0	3600.0	0.0	0.0
467742.0	198.19	20.61	1.08	20.0	9.0	0.0	3600.0	0.0	0.0
467791.0	198.19	20.43	0.68	20.0	9.0	0.0	3600.0	0.0	0.0
467835.0	198.19	20.43	0.45	20.0	9.0	0.0	3600.0	0.0	0.0
467885.0	198.19	20.3	0.28	20.0	9.0	0.0	3600.0	0.0	0.0
467929.0	198.19	20.25	0.19	20.0	9.0	0.0	3600.0	0.0	0.0
467978.0	198.19	20.34	0.12	20.0	9.0	0.0	3600.0	0.0	0.0
468021.0	198.19	20.37	0.08	20.0	9.0	0.0	3600.0	0.0	0.0
468070.0	198.19	20.37	0.05	20.0	9.0	0.0	3600.0	0.0	0.0
468114.0	198.19	20.39	5.69	20.0	9.0	0.0	3600.0	0.0	0.0
468163.0	198.19	20.4	7.43	20.0	9.0	0.0	3600.0	0.0	0.0
468207.0	198.19	20.23	4.93	20.0	9.0	0.0	3600.0	0.0	0.0
468256.0	198.19	20.29	3.11	20.0	9.0	0.0	3600.0	0.0	0.0
468305.0	198.19	20.22	1.96	20.0	9.0	0.0	3600.0	0.0	0.0
468355.0	198.19	20.25	1.23	20.0	9.0	0.0	3600.0	0.0	0.0
468404.0	198.19	20.36	0.78	20.0	9.0	0.0	3600.0	0.0	0.0
468448.0	198.19	20.39	0.52	20.0	9.0	0.0	3600.0	0.0	0.0
468491.0	198.19	20.42	0.34	20.0	9.0	0.0	3600.0	0.0	0.0
468540.0	198.19	20.4	0.22	20.0	9.0	0.0	3600.0	0.0	0.0
468584.0	198.19	20.16	0.37	20.0	9.0	0.0	3600.0	0.0	0.0
468628.0	198.19	20.3	0.24	20.0	9.0	0.0	3600.0	0.0	0.0
468671.0	198.19	20.8	0.16	20.0	9.0	0.0	3600.0	0.0	0.0
468715.0	198.19	20.72	0.11	20.0	9.0	0.0	3600.0	0.0	0.0
468759.0	198.19	20.74	0.07	20.0	9.0	0.0	3600.0	0.0	0.0
468808.0	198.19	20.58	0.04	20.0	9.0	0.0	3600.0	0.0	0.0
468851.0	198.19	20.49	0.03	20.0	9.0	0.0	3600.0	0.0	0.0
468895.0	198.19	20.44	1.02	20.0	9.0	0.0	3600.0	0.0	0.0
468944.0	198.19	20.44	9.46	20.0	9.0	0.0	3600.0	0.0	0.0
468988.0	198.19	20.43	19.06	20.0	9.0	0.0	3600.0	0.0	0.0
469039.0	198.19	20.43	12.01	20.0	9.0	0.0	3600.0	0.0	0.0
469083.0	198.19	20.54	12.01	20.0	9.0	0.0	3600.0	0.0	0.0
469127.0	198.19	20.4	7.97	20.0	9.0	0.0	3600.0	0.0	0.0
469176.0	198.19	20.41	5.02	20.0	9.0	0.0	3600.0	0.0	0.0
469225.0	198.19	20.3	8.1	20.0	9.0	0.0	3600.0	0.0	0.0
469274.0	198.19	20.35	5.1	20.0	9.0	0.0	3600.0	0.0	0.0
469323.0	198.19	20.41	7.9	20.0	9.0	0.0	3600.0	0.0	0.0
469367.0	198.19	20.46	5.24	20.0	9.0	0.0	3600.0	0.0	0.0
469411.0	198.19	20.43	3.48	20.0	9.0	0.0	3600.0	0.0	0.0
469460.0	198.19	20.27	2.27	20.0	9.0	0.0	3600.0	0.0	0.0
469510.0	198.19	20.21	1.65	20.0	9.0	0.0	3600.0	0.0	0.0
469559.0	198.19	20.53	1.07	20.0	9.0	0.0	3600.0	0.0	0.0
469603.0	198.19	20.4	0.71	20.0	9.0	0.0	3600.0	0.0	0.0
469646.0	198.19	20.38	0.47	20.0	9.0	0.0	3600.0	0.0	0.0
469690.0	198.19	20.42	0.31	20.0	9.0	0.0	3600.0	0.0	0.0
469739.0	198.19	20.5	0.2	20.0	9.0	0.0	3600.0	0.0	0.0
469783.0	198.19	20.42	0.13	20.0	9.0	0.0	3600.0	0.0	0.0
469832.0	198.19	20.36	0.08	20.0	9.0	0.0	3600.0	0.0	0.0
469875.0	198.19	20.73	0.05	20.0	9.0	0.0	3600.0	0.0	0.0
469919.0	198.19	20.86	0.04	20.0	9.0	0.0	3600.0	0.0	0.0
469968.0	198.19	21.0	0.02	20.0	9.0	0.0	3600.0	0.0	0.0
470006.0	198.19	21.18	0.02	20.0	9.0	0.0	3600.0	0.0	0.0
470050.0	198.19	21.2	0.01	20.0	9.0	0.0	3600.0	0.0	0.0
470099.0	198.19	21.21	0.01	20.0	9.0	0.0	3600.0	0.0	0.0
470142.0	198.19	21.22	0.0	20.0	9.0	0.0	3600.0	0.0	0.0
470187.0	198.19	21.3	0.0	20.0	9.0	0.0	3600.0	0.0	0.0
470231.0	198.19	21.24	0.0	20.0	9.0	0.0	3600.0	0.0	0.0
470274.0	198.19	21.25	0.0	20.0	9.0	0.0	3600.0	0.0	0.0
470323.0	198.19	21.16	0.0	20.0	9.0	0.0	3600.0	0.0	0.0
470367.0	198.19	21.06	0.0	20.0	9.0	0.0	3600.0	0.0	0.0
470411.0	198.19	20.74	0.0	20.0	9.0	0.0	3600.0	0.0	0.0
470459.0	198.19	20.41	0.0	20.0	9.0	0.0	3600.0	0.0	0.0
470503.0	198.19	20.29	0.0	20.0	9.0	0.0	3600.0	0.0	0.0
470547.0	198.19	20.34	0.0	20.0	9.0	0.0	3600.0	0.0	0.0
470590.0	198.19	20.32	0.0	20.0	9.0	0.0	3600.0	0.0	0.0
470639.0	198.19	20.29	0.03	20.0	9.0	0.0	3600.0	0.0	0.0
470683.0	198.19	20.39	0.02	20.0	9.0	0.0	3600.0	0.0	0.0
470721.0	198.19	20.34	0.02	20.0	9.0	0.0	3600.0	0.0	0.0
470775.0	198.19	20.44	0.01	20.0	9.0	0.0	3600.0	0.0	0.0
470819.0	198.19	20.34	9.01	20.0	9.0	0.0	3600.0	0.0	0.0
470868.0	198.19	20.35	9.38	20.0	9.0	0.0	3600.0	0.0	0.0
470918.0	198.19	20.57	5.91	20.0	9.0	0.0	3600.0	0.0	0.0
470962.0	198.19	20.75	3.92	20.0	9.0	0.0	3600.0	0.0	0.0
471011.0	198.19	20.74	2.47	20.0	9.0	0.0	3600.0	0.0	0.0
471055.0	198.19	20.68	1.64	20.0	9.0	0.0	3600.0	0.0	0.0
471099.0	198.19	20.62	1.09	20.0	9.0	0.0	3600.0	0.0	0.0
471148.0	198.19	20.56	0.69	20.0	9.0	0.0	3600.0	0.0	0.0
471197.0	198.19	20.52	0.43	20.0	9.0	0.0	3600.0	0.0	0.0
471241.0	198.19	20.44	0.29	20.0	9.0	0.0	3600.0	0.0	0.0
471284.0	198.19	20.5	0.19	20.0	9.0	0.0	3600.0	0.0	0.0
471328.0	198.19	20.5	0.13	20.0	9.0	0.0	3600.0	0.0	0.0
471377.0	198.19	20.47	0.08	20.0	9.0	0.0	3600.0	0.0	0.0
471427.0	198.19	20.49	0.05	20.0	9.0	0.0	3600.0	0.0	0.0
471471.0	198.19	20.35	0.03	20.0	9.0	0.0	3600.0	0.0	0.0
471514.0	198.19	20.45	0.02	20.0	9.0	0.0	3600.0	0.0	0.0
471558.0	198.19	20.49	0.01	20.0	9.0	0.0	3600.0	0.0	0.0
471607.0	198.19	20.47	0.01	20.0	9.0	0.0	3600.0	0.0	0.0
471656.0	198.19	20.49	0.01	20.0	9.0	0.0	3600.0	0.0	0.0
471704.0	198.19	20.49	0.0	20.0	9.0	0.0	3600.0	0.0	0.0
471748.0	198.19	20.68	0.0	20.0	9.0	0.0	3600.0	0.0	0.0
471786.0	198.19	20.87	0.0	20.0	9.0	0.0	3600.0	0.0	0.0
471840.0	198.19	20.78	10.81	20.0	9.0	0.0	3600.0	0.0	0.0
471884.0	198.19	20.91	12.4	20.0	9.0	0.0	3600.0	0.0	0.0
471929.0	198.19	20.62	16.96	20.0	9.0	0.0	3600.0	0.0	0.0
471979.0	198.19	20.55	10.69	20.0	9.0	0.0	3600.0	0.0	0.0
472028.0	198.19	20.88	12.39	20.0	9.0	0.0	3600.0	0.0	0.0
472072.0	198.19	20.73	8.22	20.0	9.0	0.0	3600.0	0.0	0.0
472121.0	198.19	20.64	5.18	20.0	9.0	0.0	3600.0	0.0	0.0
472160.0	198.19	20.65	3.62	20.0	9.0	0.0	3600.0	0.0	0.0
472209.0	198.19	20.56	3.07	20.0	9.0	0.0	3600.0	0.0	0.0
472253.0	198.19	20.47	2.26	20.0	9.0	0.0	3600.0	0.0	0.0
472307.0	198.19	20.42	1.55	20.0	9.0	0.0	3600.0	0.0	0.0
472351.0	198.19	20.33	1.03	20.0	9.0	0.0	3600.0	0.0	0.0
472400.0	198.19	20.24	0.65	20.0	9.0	0.0	3600.0	0.0	0.0
472444.0	198.19	20.18	10.06	20.0	9.0	0.0	3600.0	0.0	0.0
472494.0	198.19	20.36	48.81	20.0	9.0	0.0	3600.0	0.0	0.0
472544.0	198.19	20.38	74.59	20.0	9.0	0.0	3600.0	0.0	0.0
472588.0	198.19	20.3	90.85	20.0	9.0	0.0	3600.0	0.0	0.0
472638.0	198.19	20.44	75.42	19.99	9.0	0.0	3600.0	0.0	0.0
472682.0	198.19	20.43	50.34	19.99	9.0	0.0	3600.0	0.0	0.0
472726.0	198.19	20.43	33.4	20.0	9.0	0.0	3600.0	0.0	0.0
472776.0	198.19	20.51	48.05	20.0	9.0	0.0	3600.0	0.0	0.0
472815.0	198.19	20.54	69.35	20.0	9.0	0.0	3600.0	0.0	0.0
472865.0	198.19	20.46	88.33	20.0	9.0	0.0	3600.0	0.0	0.0
472909.0	198.19	20.5	99.64	20.0	9.0	0.0	3600.0	0.0	0.0
472960.0	198.19	20.47	108.77	20.0	9.0	0.0	3600.0	0.0	0.0
473005.0	198.19	20.5	114.7	20.0	9.0	0.0	3600.0	0.0	0.0
473049.0	198.19	20.56	118.64	20.0	9.0	0.0	3600.0	0.0	0.0
473094.0	198.19	20.58	122.97	20.0	9.0	0.0	3600.0	0.0	0.0
473144.0	198.19	20.54	124.98	20.0	9.0	0.0	3600.0	0.0	0.0
473189.0	198.19	20.51	124.6	20.0	9.0	0.0	3600.0	0.0	0.0
473239.0	198.19	20.45	125.36	20.0	9.0	0.0	3600.0	0.0	0.0
473284.0	198.19	20.6	85.61	20.0	9.0	0.0	3600.0	0.0	0.0
473328.0	198.19	20.55	57.89	20.0	9.0	0.0	3600.0	0.0	0.0
473383.0	198.19	20.7	36.56	20.0	9.0	0.0	3600.0	0.0	0.0
473427.0	198.19	20.51	25.65	20.0	9.0	0.0	3600.0	0.0	0.0
473473.0	198.19	20.6	18.33	20.0	9.0	0.0	3600.0	0.0	0.0
473522.0	198.19	20.48	12.71	20.0	9.0	0.0	3600.0	0.0	0.0
473566.0	198.19	20.47	9.97	20.0	9.0	0.0	3600.0	0.0	0.0
473616.0	198.19	20.64	8.43	20.0	9.0	0.0	3600.0	0.0	0.0
473660.0	198.19	20.58	13.16	20.0	9.0	0.0	3600.0	0.0	0.0
473715.0	198.19	20.45	9.46	20.0	9.0	0.0	3600.0	0.0	0.0
473758.0	198.19	20.63	8.39	20.0	9.0	0.0	3600.0	0.0	0.0
473803.0	198.19	20.66	11.77	20.0	9.0	0.0	3600.0	0.0	0.0
473847.0	198.19	20.6	9.98	20.0	9.0	0.0	3600.0	0.0	0.0
473891.0	198.19	20.59	8.6	20.0	9.0	0.0	3600.0	0.0	0.0
473940.0	198.19	20.81	7.06	20.0	9.0	0.0	3600.0	0.0	0.0
473990.0	198.19	20.68	6.02	20.0	9.0	0.0	3600.0	0.0	0.0
474034.0	198.19	20.55	4.97	20.0	9.0	0.0	3600.0	0.0	0.0
474078.0	198.19	20.49	4.54	20.0	9.0	0.0	3600.0	0.0	0.0
474127.0	198.19	20.44	4.76	20.0	9.0	0.0	3600.0	0.0	0.0
474165.0	198.19	20.4	4.67	20.0	9.0	0.0	3600.0	0.0	0.0
474215.0	198.19	20.43	4.42	20.0	9.0	0.0	3600.0	0.0	0.0
474258.0	198.19	20.62	3.98	20.0	9.0	0.0	3600.0	0.0	0.0
474308.0	198.19	20.51	4.52	20.0	9.0	0.0	3600.0	0.0	0.0
474357.0	198.19	20.48	5.33	20.0	9.0	0.0	3600.0	0.0	0.0
474401.0	198.19	20.47	5.68	20.0	9.0	0.0	3600.0	0.0	0.0
474445.0	198.19	20.47	5.39	20.0	9.0	0.0	3600.0	0.0	0.0
474488.0	198.19	20.39	5.37	20.0	9.0	0.0	3600.0	0.0	0.0
474539.0	198.19	20.62	6.14	20.0	9.0	0.0	3600.0	0.0	0.0
474582.0	198.19	20.57	5.81	20.0	9.0	0.0	3600.0	0.0	0.0
474632.0	198.19	20.43	6.7	20.0	9.0	0.0	3600.0	0.0	0.0
474681.0	198.19	20.32	7.04	20.0	9.0	0.0	3600.0	0.0	0.0
474725.0	198.19	20.28	7.03	20.0	9.0	0.0	3600.0	0.0	0.0
474763.0	198.19	20.26	5.96	20.0	9.0	0.0	3600.0	0.0	0.0
474813.0	198.19	20.58	6.54	20.0	9.0	0.0	3600.0	0.0	0.0
474862.0	198.19	20.48	5.96	20.0	9.0	0.0	3600.0	0.0	0.0
474911.0	198.19	20.42	5.62	20.0	9.0	0.0	3600.0	0.0	0.0
474955.0	198.19	20.33	4.52	20.0	9.0	0.0	3600.0	0.0	0.0
475004.0	198.19	20.36	3.94	20.0	9.0	0.0	3600.0	0.0	0.0
475048.0	198.19	20.41	4.89	20.0	9.0	0.0	3600.0	0.0	0.0
475098.0	198.19	20.39	3.8	20.0	9.0	0.0	3600.0	0.0	0.0
475142.0	198.19	20.69	3.39	20.0	9.0	0.0	3600.0	0.0	0.0
475196.0	198.19	20.56	3.79	20.0	9.0	0.0	3600.0	0.0	0.0
475246.0	198.19	20.47	4.41	20.0	9.0	0.0	3600.0	0.0	0.0
475295.0	198.19	20.45	4.74	20.0	9.0	0.0	3600.0	0.0	0.0
475344.0	198.19	20.4	6.37	20.0	9.0	0.0	3600.0	0.0	0.0
475394.0	198.19	20.39	4.98	20.0	9.0	0.0	3600.0	0.0	0.0
475443.0	198.19	20.69	4.55	20.0	9.0	0.0	3600.0	0.0	0.0
475487.0	198.19	20.63	4.49	20.0	9.0	0.0	3600.0	0.0	0.0
475531.0	198.19	20.57	4.46	20.0	9.0	0.0	3600.0	0.0	0.0
475575.0	198.19	20.41	5.75	20.0	9.0	0.0	3600.0	0.0	0.0
475624.0	198.19	20.43	6.9	20.0	9.0	0.0	3600.0	0.0	0.0
475674.0	198.19	20.56	7.08	20.0	9.0	0.0	3600.0	0.0	0.0
475723.0	198.19	20.58	6.23	20.0	9.0	0.0	3600.0	0.0	0.0
475767.0	198.19	20.61	5.42	20.0	9.0	0.0	3600.0	0.0	0.0
475811.0	198.19	20.5	5.06	20.0	9.0	0.0	3600.0	0.0	0.0
475860.0	198.19	20.44	4.8	20.0	9.0	0.0	3600.0	0.0	0.0
475910.0	198.19	20.42	4.41	20.0	9.0	0.0	3600.0	0.0	0.0
475959.0	198.19	20.67	4.57	20.0	9.0	0.0	3600.0	0.0	0.0
476008.0	198.19	20.65	5.61	20.0	9.0	0.0	3600.0	0.0	0.0
476058.0	198.19	20.7	5.16	20.0	9.0	0.0	3600.0	0.0	0.0
476102.0	198.19	20.46	7.38	20.0	9.0	0.0	3600.0	0.0	0.0
476151.0	198.19	20.31	6.97	20.0	9.0	0.0	3600.0	0.0	0.0
476195.0	198.19	20.22	10.16	20.0	9.0	0.0	3600.0	0.0	0.0
476244.0	198.19	20.17	12.13	20.0	9.0	0.0	3600.0	0.0	0.0
476289.0	198.19	20.24	9.47	20.0	9.0	0.0	3600.0	0.0	0.0
476338.0	198.19	20.35	7.55	20.0	9.0	0.0	3600.0	0.0	0.0
476382.0	198.19	20.4	6.58	20.0	9.0	0.0	3600.0	0.0	0.0
476432.0	198.19	20.61	6.79	20.0	9.0	0.0	3600.0	0.0	0.0
476476.0	198.19	20.64	6.43	20.0	9.0	0.0	3600.0	0.0	0.0
476519.0	198.19	20.48	5.58	20.0	9.0	0.0	3600.0	0.0	0.0
476569.0	198.19	20.42	5.43	20.0	9.0	0.0	3600.0	0.0	0.0
476612.0	198.19	20.43	4.97	20.0	9.0	0.0	3600.0	0.0	0.0
476662.0	198.19	20.38	9.74	20.0	9.0	0.0	3600.0	0.0	0.0
476706.0	198.19	20.42	9.05	20.0	9.0	0.0	3600.0	0.0	0.0
476750.0	198.19	20.45	8.0	20.0	9.0	0.0	3600.0	0.0	0.0
476794.0	198.19	20.26	7.21	20.0	9.0	0.0	3600.0	0.0	0.0
476844.0	198.19	20.32	6.05	20.0	9.0	0.0	3600.0	0.0	0.0
476893.0	198.19	20.36	5.82	20.0	9.0	0.0	3600.0	0.0	0.0
476937.0	198.19	20.64	4.98	20.0	9.0	0.0	3600.0	0.0	0.0
476981.0	198.19	20.57	6.11	20.0	9.0	0.0	3600.0	0.0	0.0
477025.0	198.19	20.56	4.93	20.0	9.0	0.0	3600.0	0.0	0.0
477074.0	198.19	20.57	4.41	20.0	9.0	0.0	3600.0	0.0	0.0
477123.0	198.19	20.51	3.21	20.0	9.0	0.0	3600.0	0.0	0.0
477167.0	198.19	20.39	3.03	20.0	9.0	0.0	3600.0	0.0	0.0
477216.0	198.19	20.5	3.24	20.0	9.0	0.0	3600.0	0.0	0.0
477260.0	198.19	20.63	4.44	20.0	9.0	0.0	3600.0	0.0	0.0
477298.0	198.19	20.63	3.5	20.0	9.0	0.0	3600.0	0.0	0.0
477342.0	198.19	20.46	4.44	20.0	9.0	0.0	3600.0	0.0	0.0
477391.0	198.19	20.48	7.56	20.0	9.0	0.0	3600.0	0.0	0.0
477442.0	198.19	20.48	6.14	20.0	9.0	0.0	3600.0	0.0	0.0
477491.0	198.19	20.49	5.2	20.0	9.0	0.0	3600.0	0.0	0.0
477538.0	198.19	20.55	6.08	20.0	9.0	0.0	3600.0	0.0	2.0
477585.0	198.19	20.72	5.66	20.0	9.0	1357.71	3600.0	0.0	2.0
477631.0	198.19	20.82	6.01	20.0	9.0	2128.26	3600.0	0.0	2.0
477673.0	198.19	20.77	4.82	20.0	9.0	2394.64	3600.0	0.0	2.0
477728.0	198.19	20.85	3.6	20.0	9.0	2622.38	3600.0	0.0	2.0
477779.0	198.19	21.24	6.92	20.0	9.0	2493.35	3600.0	0.0	2.0
477816.0	198.19	21.32	9.44	20.0	9.0	2388.53	3600.0	0.0	2.0
477862.0	198.19	21.27	6.91	20.0	9.0	2554.5	3600.0	0.0	2.0
477915.0	198.19	21.39	16.26	20.0	9.0	2334.99	3600.0	0.0	2.0
477961.0	198.19	21.46	54.77	20.0	9.0	2406.93	3600.0	0.0	2.0
478001.0	198.19	21.47	77.7	20.0	9.0	2221.56	3600.0	0.0	2.0
478045.0	198.19	21.68	93.0	20.0	9.0	2192.98	3600.0	0.0	2.0
478097.0	198.19	21.8	106.39	20.0	9.0	2245.51	3600.0	0.0	2.0
478138.0	198.19	21.63	113.34	20.0	9.0	2109.11	3600.0	0.0	2.0
478187.0	198.19	21.57	119.07	20.0	9.0	2121.04	3600.0	0.0	2.0
478234.0	198.19	21.63	122.33	20.0	9.0	2099.66	3600.0	0.0	2.0
478277.0	198.19	21.67	124.29	20.0	9.0	2022.65	3600.0	0.0	2.0
478329.0	198.19	21.84	126.47	20.0	9.0	1953.13	3600.0	0.0	2.0
478367.0	198.19	21.9	127.31	20.0	9.0	1907.43	3600.0	0.0	2.0
478414.0	198.19	21.91	115.68	20.0	9.0	1982.03	3600.0	0.0	2.0
478457.0	198.19	21.97	76.98	20.0	9.0	2058.18	3600.0	0.0	2.0
478510.0	198.19	21.96	56.34	20.0	9.0	1925.05	3600.0	0.0	2.0
478553.0	198.19	21.94	42.61	20.0	9.0	1869.39	3600.0	0.0	1.0
478612.0	198.19	21.85	28.17	20.0	9.0	1854.6	3600.0	48.86	1.0
478659.0	198.19	21.86	21.66	20.0	9.0	1878.76	3600.0	48.86	1.0
478703.0	198.19	21.96	22.79	20.0	9.0	1959.25	3600.0	46.86	1.0
478750.0	198.19	21.37	19.53	20.0	9.0	1869.39	3600.0	46.86	1.0
478794.0	198.19	21.35	16.52	20.0	9.0	1784.02	3600.0	48.86	1.0
478843.0	198.19	21.46	15.3	20.0	9.0	1758.91	3600.0	46.86	1.0
478892.0	198.19	21.56	13.35	20.0	9.0	1651.98	3600.0	46.87	1.0
478935.0	198.19	21.63	13.21	20.0	9.0	1649.08	3600.0	48.86	1.0
478979.0	198.19	21.86	11.92	20.0	9.0	1707.65	3600.0	46.87	1.0
479026.0	198.19	22.08	13.39	20.0	9.0	1767.2	3600.0	46.87	1.0
479076.0	198.19	21.98	13.18	20.0	9.0	1668.15	3600.0	48.86	1.0
479126.0	198.19	21.76	13.06	20.0	9.0	1565.11	3600.0	46.87	1.0
479173.0	198.19	21.72	12.41	20.0	9.0	1768.87	3600.0	46.87	1.0
479217.0	198.19	21.91	12.25	20.0	9.0	1863.82	3600.0	48.87	1.0
479266.0	198.19	21.81	24.54	20.0	9.0	1772.21	3600.0	46.87	1.0
479313.0	198.19	22.14	18.07	20.0	9.0	1578.28	3600.0	46.87	1.0
479364.0	198.19	22.2	15.21	20.0	9.0	1737.72	3600.0	48.87	1.0
479411.0	198.19	21.56	14.07	20.0	9.0	1873.13	3600.0	48.87	1.0
479461.0	198.19	20.99	13.44	20.0	9.0	1969.54	3600.0	46.88	1.0
479508.0	198.19	20.52	22.82	20.0	9.0	1755.62	3600.0	46.88	1.0
479557.0	198.19	20.41	28.18	20.0	9.0	1747.44	3600.0	48.87	1.0
479604.0	198.19	20.52	64.31	20.0	9.0	1996.81	3600.0	48.87	1.0
479648.0	198.19	20.33	85.88	20.0	9.0	2051.42	3600.0	46.88	1.0
479702.0	198.19	20.23	103.03	20.0	9.0	2035.83	3600.0	46.88	1.0
479749.0	198.19	19.88	111.87	20.0	9.0	2097.32	3600.0	46.88	1.0
479794.0	198.19	20.59	117.49	20.0	9.0	2121.04	3600.0	48.88	1.0
479847.0	198.19	21.24	123.14	20.0	9.0	2140.41	3600.0	48.88	1.0
479894.0	198.19	21.89	125.82	20.0	9.0	2170.14	3600.0	48.88	1.0
479939.0	198.19	22.23	127.72	20.0	9.0	2142.86	3600.0	46.89	1.0
479992.0	198.19	22.62	128.92	20.0	9.0	2097.32	3600.0	46.89	1.0
480046.0	198.19	22.7	129.91	20.0	9.0	2267.23	3600.0	46.89	1.0
480093.0	198.19	22.73	130.54	20.0	9.0	2221.56	3600.0	46.89	1.0
480141.0	198.19	22.63	131.73	20.0	9.0	2245.51	3600.0	46.89	1.0
480185.0	198.19	22.63	132.36	20.0	9.0	2172.65	3600.0	48.89	1.0
480238.0	198.19	22.61	132.52	20.0	9.0	2145.31	3600.0	48.89	1.0
480286.0	198.19	22.65	132.63	20.0	9.0	2208.48	3600.0	48.89	1.0
480327.0	198.19	22.69	131.1	20.0	9.0	2104.38	3600.0	48.89	1.0
480377.0	198.19	22.68	87.31	20.0	9.0	2205.88	3600.0	46.9	1.0
480431.0	198.19	22.69	57.03	20.0	9.0	2224.2	3600.0	46.9	1.0
480478.0	198.19	22.67	39.74	20.0	8.0	2121.04	3600.0	46.9	1.0
480525.0	198.19	22.41	29.66	20.0	7.0	2085.65	3600.0	46.9	1.0
480575.0	198.19	22.44	22.56	20.0	7.0	2074.11	3600.0	48.9	1.0
480622.0	198.19	22.49	16.79	20.0	6.0	1967.47	3600.0	48.9	1.0
480660.0	198.19	22.59	11.95	20.0	6.0	2049.18	3600.0	46.9	1.0
480712.0	198.19	22.66	10.42	20.0	6.0	2064.98	3600.0	46.91	1.0
480751.0	198.19	22.57	10.82	20.0	6.0	1917.18	3600.0	48.9	1.0
480803.0	198.19	22.6	8.35	20.0	6.0	2092.63	3600.0	48.9	1.0
480847.0	198.19	22.34	8.03	20.0	5.0	1996.81	3600.0	46.91	1.0
480900.0	198.19	22.49	6.56	20.0	5.0	1871.26	3600.0	46.91	1.0
480943.0	198.19	22.4	5.86	20.0	5.0	1929.01	3600.0	48.91	1.0
480996.0	198.19	22.27	8.36	20.0	4.0	1672.61	3600.0	48.91	1.0
481039.0	198.19	22.36	7.08	20.0	4.0	1683.12	3600.0	46.91	1.0
481086.0	198.19	22.36	6.3	20.0	4.0	1822.16	3600.0	46.91	1.0
481130.0	198.19	22.23	6.19	20.0	3.0	1672.61	3600.0	48.91	1.0
481179.0	198.19	22.27	5.8	20.0	3.0	1563.8	3600.0	46.91	1.0
481222.0	198.19	22.21	6.47	20.0	3.0	1563.8	3600.0	48.91	1.0
481269.0	198.19	22.08	7.73	20.0	3.0	1706.1	3600.0	48.91	1.0
481318.0	198.19	22.16	7.5	20.0	2.0	1574.31	3600.0	46.92	1.0
481369.0	198.19	22.1	7.53	20.0	3.0	1558.6	3600.0	48.91	1.0
481418.0	198.19	22.01	8.09	20.0	2.0	1456.88	3600.0	46.92	1.0
481456.0	198.19	22.03	8.25	20.0	2.0	1539.41	3600.0	48.91	1.0
481505.0	198.19	21.91	8.9	20.0	2.0	1449.0	3600.0	46.92	1.0
481552.0	198.19	22.05	9.6	20.0	2.0	1410.84	3600.0	46.92	1.0
481601.0	198.19	22.17	9.71	20.0	2.0	1630.43	3600.0	48.92	1.0
481650.0	198.19	22.23	13.05	20.0	2.0	1552.15	3600.0	46.92	1.0
481700.0	198.19	22.11	11.02	20.0	2.0	1391.98	3600.0	48.92	1.0
481744.0	198.19	22.17	10.29	20.0	2.0	1221.5	3600.0	46.92	1.0
481794.0	198.19	22.06	10.21	20.0	2.0	1266.89	3600.0	48.92	1.0
481838.0	198.19	22.11	10.7	20.0	2.0	1458.01	3600.0	46.93	1.0
481887.0	198.19	22.12	8.52	20.0	2.0	1371.62	3600.0	48.92	1.0
481931.0	198.19	22.09	9.52	20.0	2.0	1174.81	3600.0	46.93	1.0
481980.0	198.19	21.99	8.77	20.0	2.0	959.08	3600.0	48.92	1.0
482029.0	198.19	22.02	9.21	20.0	2.0	1198.08	3600.0	46.93	1.0
482073.0	198.19	22.2	9.04	20.0	2.0	1506.02	3600.0	48.92	1.0
482122.0	198.19	22.12	6.79	20.0	2.0	1420.45	3600.0	46.93	1.0
482171.0	198.19	22.04	4.28	20.0	2.0	1239.26	3600.0	48.93	1.0
482214.0	198.19	21.93	2.84	20.0	2.0	1026.27	3600.0	46.93	1.0
482264.0	198.19	21.98	1.79	20.0	2.0	1260.93	3600.0	48.93	1.0
482313.0	198.19	22.0	1.13	20.0	2.0	1524.39	3600.0	46.93	1.0
482362.0	198.19	21.83	0.71	20.0	2.0	1424.77	3600.0	48.93	1.0
482411.0	198.19	21.79	0.45	20.0	2.0	1244.19	3600.0	46.93	1.0
482460.0	198.19	21.87	0.28	20.0	2.0	1028.52	3600.0	48.93	1.0
482509.0	198.19	21.95	0.18	20.0	2.0	1220.7	3600.0	46.93	1.0
482558.0	198.19	22.04	0.11	20.0	2.0	1498.8	3600.0	48.93	1.0
482608.0	198.19	22.02	0.07	20.0	3.0	1407.66	3600.0	46.94	1.0
482657.0	198.19	22.08	0.04	20.0	3.0	1222.29	3600.0	48.93	1.0
482700.0	198.19	22.07	0.03	20.0	3.0	999.47	3600.0	46.94	1.0
482749.0	198.19	22.04	0.02	20.0	2.0	1224.69	3600.0	48.93	1.0
482792.0	198.19	22.14	0.01	20.0	3.0	1554.73	3600.0	46.94	1.0
482841.0	198.19	21.89	0.01	20.0	3.0	1467.14	3600.0	48.93	1.0
482890.0	198.19	21.96	0.0	20.0	3.0	1296.68	3600.0	46.94	1.0
482939.0	198.19	22.02	0.0	20.0	3.0	1099.06	3600.0	48.94	1.0
482982.0	198.19	22.08	0.0	20.0	3.0	1056.93	3600.0	46.94	1.0
483026.0	198.19	22.05	0.0	20.0	3.0	1353.79	3600.0	48.94	1.0
483075.0	198.19	22.06	0.0	20.0	3.0	1323.22	3600.0	46.94	1.0
483124.0	198.19	22.12	0.0	20.0	3.0	1307.53	3600.0	48.94	1.0
483167.0	198.19	22.19	0.0	20.0	3.0	1166.77	3600.0	46.94	1.0
483216.0	198.19	21.93	0.11	20.0	3.0	1231.12	3600.0	48.94	1.0
483260.0	198.19	21.86	0.07	20.0	3.0	1134.3	3600.0	46.95	1.0
483309.0	198.19	21.83	0.04	20.0	3.0	1157.41	3600.0	48.94	1.0
483358.0	198.19	21.91	0.03	20.0	3.0	1296.68	3600.0	46.95	1.0
483398.0	198.19	21.87	0.02	20.0	3.0	1296.68	3600.0	46.95	1.0
483447.0	198.19	21.92	0.01	20.0	3.0	1160.99	3600.0	48.94	1.0
483496.0	198.19	21.95	0.01	20.0	3.0	844.21	3600.0	46.95	1.0
483539.0	198.19	21.97	0.01	20.0	3.0	1082.56	3600.0	48.94	1.0
483589.0	198.19	22.0	0.19	20.0	3.0	1481.04	3600.0	46.95	1.0
483632.0	198.19	22.06	0.12	20.0	3.0	1369.61	3600.0	48.95	1.0
483681.0	198.19	22.11	0.08	20.0	3.0	1173.34	3600.0	46.95	1.0
483730.0	198.19	21.96	0.05	20.0	3.0	954.68	3600.0	48.95	1.0
483779.0	198.19	22.07	0.03	20.0	3.0	1339.29	3600.0	46.95	1.0
483833.0	198.19	22.22	0.02	20.0	3.0	1489.28	3600.0	48.95	1.0
483876.0	198.19	22.02	0.21	20.0	3.0	1320.42	3600.0	46.95	1.0
483932.0	198.19	22.11	0.13	20.0	3.0	1330.73	3600.0	48.95	1.0
483981.0	198.19	22.04	0.08	20.0	2.0	1200.38	3600.0	46.95	1.0
484024.0	198.19	22.14	0.05	20.0	2.0	1195.03	3600.0	48.95	1.0
484073.0	198.19	22.12	0.03	20.0	3.0	1370.61	3600.0	46.96	1.0
484122.0	198.19	22.05	0.43	20.0	3.0	1274.64	3600.0	48.95	1.0
484171.0	198.19	22.09	0.27	20.0	3.0	1051.6	3600.0	46.96	1.0
484220.0	198.19	22.08	0.17	20.0	3.0	1179.25	3600.0	48.95	1.0
484264.0	198.19	22.14	0.11	20.0	3.0	1275.51	3600.0	46.96	1.0
484314.0	198.19	22.15	0.07	20.0	2.0	1080.69	3600.0	48.92	1.0
484365.0	198.19	21.92	0.46	20.0	3.0	1080.69	3600.0	48.92	1.0
484411.0	198.19	21.9	0.3	20.0	3.0	1080.69	3600.0	48.92	1.0
484457.0	198.19	21.89	0.2	20.0	3.0	1080.69	3600.0	48.92	1.0
484509.0	198.19	22.02	0.13	20.0	3.0	1080.69	3600.0	48.92	1.0
484549.0	198.19	21.96	0.09	20.0	3.0	1080.69	3600.0	48.92	1.0
484595.0	198.19	21.85	0.06	19.99	3.0	1080.69	3600.0	48.92	1.0
484646.0	198.19	21.88	0.04	20.0	3.0	1080.69	3600.0	48.92	1.0
484687.0	198.19	21.84	0.03	20.0	3.0	1080.69	3600.0	48.92	1.0
484739.0	198.19	21.81	0.02	19.98	3.0	1080.69	3600.0	48.92	1.0
484779.0	198.19	21.77	0.01	19.98	3.0	1080.69	3600.0	48.92	1.0
484831.0	198.19	21.7	0.56	19.98	2.0	1080.69	3600.0	48.92	1.0
484877.0	198.19	21.71	0.37	19.97	3.0	1080.69	3600.0	48.92	1.0
484929.0	198.19	21.85	0.24	19.92	3.0	1080.69	3600.0	48.92	1.0
484975.0	198.19	21.92	0.16	19.87	3.0	1080.69	3600.0	48.92	1.0
485026.0	198.19	21.81	0.1	19.8	3.0	1080.69	3600.0	48.92	1.0
485076.0	198.19	21.75	0.06	19.86	3.0	0.0	3600.0	48.92	0.0
485127.0	198.19	21.75	0.04	19.67	3.0	0.0	3600.0	48.92	0.0
485177.0	198.19	21.77	0.02	19.56	3.0	0.0	3600.0	48.92	0.0
485221.0	198.19	21.73	0.02	19.62	3.0	0.0	3600.0	48.92	0.0
485265.0	198.19	21.77	0.01	19.59	3.0	0.0	3600.0	48.92	0.0
485315.0	198.19	21.81	0.01	19.57	3.0	0.0	3600.0	48.92	0.0
485365.0	198.19	21.94	0.0	19.38	3.0	0.0	3600.0	48.92	0.0
485409.0	198.19	21.87	0.0	19.29	2.0	0.0	3600.0	48.92	0.0
485459.0	198.19	21.91	0.0	19.11	2.0	0.0	3600.0	48.92	0.0
485504.0	198.19	21.77	0.0	19.12	1.0	0.0	3600.0	48.92	0.0
485554.0	198.19	21.73	0.0	19.17	0.0	0.0	3600.0	48.92	0.0
485598.0	198.19	21.67	0.0	19.22	0.0	0.0	3600.0	48.92	0.0
485648.0	198.19	21.8	0.0	19.24	0.0	0.0	3600.0	48.92	0.0
485692.0	198.19	21.66	0.0	19.31	0.0	0.0	3600.0	48.92	0.0
485736.0	198.19	21.71	0.0	19.33	0.0	0.0	3600.0	48.92	0.0
485786.0	198.19	21.69	0.0	19.29	0.0	0.0	3600.0	48.92	0.0
485830.0	198.19	21.65	0.03	19.29	0.0	0.0	3600.0	48.92	0.0
485880.0	198.19	21.63	0.02	19.37	0.0	0.0	3600.0	48.92	0.0
485924.0	198.19	21.56	0.09	19.34	0.0	0.0	3600.0	48.92	0.0
485975.0	198.19	21.79	0.06	19.33	0.0	0.0	3600.0	48.92	0.0
486019.0	198.19	21.69	0.04	19.24	0.0	0.0	3600.0	48.92	0.0
486064.0	198.19	21.58	0.03	19.17	0.0	0.0	3600.0	48.92	0.0
486113.0	198.19	21.7	0.11	19.07	0.0	0.0	3600.0	48.92	0.0
486163.0	198.19	21.57	0.07	19.06	0.0	0.0	3600.0	48.92	0.0
486213.0	198.19	21.63	0.04	18.97	0.0	0.0	3600.0	48.92	0.0
486257.0	198.19	21.5	0.13	18.99	0.0	0.0	3600.0	48.92	0.0
486307.0	198.19	21.61	0.08	18.94	0.0	0.0	3600.0	48.92	0.0
486351.0	198.19	21.39	0.49	18.96	0.0	0.0	3600.0	48.92	0.0
486402.0	198.19	21.45	0.31	18.88	0.0	0.0	3600.0	48.92	0.0
486446.0	198.19	21.48	0.21	18.9	0.0	0.0	3600.0	48.92	0.0
486496.0	198.19	21.41	0.5	18.92	0.0	0.0	3600.0	48.92	0.0
486540.0	198.19	21.46	0.33	18.8	0.0	0.0	3600.0	48.92	0.0
486584.0	198.19	21.48	0.22	18.79	0.0	0.0	3600.0	48.92	0.0
486629.0	198.19	21.44	0.15	18.85	0.0	0.0	3600.0	48.92	0.0
486673.0	198.19	21.5	0.1	18.83	0.0	0.0	3600.0	48.92	0.0
486723.0	198.19	21.39	0.06	18.74	0.0	0.0	3600.0	48.92	0.0
486767.0	198.19	21.48	0.04	18.63	0.0	0.0	3600.0	48.92	0.0
486817.0	198.19	21.23	0.56	18.8	0.0	0.0	3600.0	48.92	0.0
486861.0	198.19	21.33	0.57	18.74	0.0	0.0	3600.0	48.92	0.0
486912.0	198.19	21.31	0.36	18.83	0.0	0.0	3600.0	48.92	0.0
486962.0	198.19	21.29	0.23	18.9	0.0	0.0	3600.0	48.92	0.0
487011.0	198.19	21.26	0.22	18.82	0.0	0.0	3600.0	48.92	0.0
487056.0	198.19	21.56	0.14	18.78	0.0	0.0	3600.0	48.92	0.0
487100.0	198.19	21.86	0.1	18.4	0.0	0.0	3600.0	48.92	0.0
487150.0	198.19	21.95	0.06	18.3	0.0	0.0	3600.0	48.92	0.0
487194.0	198.19	22.1	0.04	18.0	0.0	0.0	3600.0	48.92	0.0
487233.0	198.19	22.21	0.03	17.95	0.0	0.0	3600.0	48.92	0.0
487282.0	198.19	22.25	0.02	17.83	0.0	0.0	3600.0	48.92	0.0
487327.0	198.19	22.29	0.01	18.03	0.0	0.0	3600.0	48.92	0.0
487376.0	198.19	22.26	0.01	18.24	0.0	0.0	3600.0	48.92	0.0
487415.0	198.19	22.26	0.01	18.19	0.0	0.0	3600.0	48.92	0.0
487465.0	198.19	22.33	0.0	18.25	0.0	0.0	3600.0	48.92	0.0
487510.0	198.19	22.32	0.03	18.39	0.0	0.0	3600.0	48.92	0.0
487560.0	198.19	22.37	0.02	18.3	0.0	0.0	3600.0	48.92	0.0
487599.0	198.19	22.46	0.01	18.3	0.0	0.0	3600.0	48.92	0.0
487649.0	198.19	22.48	0.36	18.3	0.0	0.0	3600.0	48.92	0.0
487693.0	198.19	22.45	0.24	18.36	0.0	0.0	3600.0	48.92	0.0
487737.0	198.19	22.43	0.33	18.33	0.0	0.0	3600.0	48.92	0.0
487787.0	198.19	22.47	0.21	18.25	0.0	0.0	3600.0	48.92	0.0
487831.0	198.19	22.26	1.29	17.92	0.0	0.0	3600.0	48.92	0.0
487881.0	198.19	22.16	0.81	17.79	0.0	0.0	3600.0	48.92	0.0
487931.0	198.19	21.99	0.63	17.63	0.0	0.0	3600.0	48.92	0.0
487982.0	198.19	21.91	0.46	17.51	0.0	0.0	3600.0	48.92	0.0
488031.0	198.19	21.96	0.29	17.58	0.0	0.0	3600.0	48.92	0.0
488076.0	198.19	21.89	0.19	17.75	0.0	0.0	3600.0	48.92	0.0
488131.0	198.19	22.13	0.12	17.84	0.0	0.0	3600.0	48.92	0.0
488175.0	198.19	22.4	0.08	17.85	0.0	0.0	3600.0	48.92	0.0
488225.0	198.19	22.43	0.18	17.8	0.0	0.0	3600.0	48.92	0.0
488275.0	198.19	22.57	0.11	17.9	0.0	0.0	3600.0	48.92	0.0
488320.0	198.19	22.52	0.16	17.95	0.0	0.0	3600.0	48.92	0.0
488364.0	198.19	22.44	0.11	18.0	0.0	0.0	3600.0	48.92	0.0
488414.0	198.19	22.43	0.76	18.09	0.0	0.0	3600.0	48.92	0.0
488464.0	198.19	22.43	0.48	18.13	0.0	0.0	3600.0	48.92	0.0
488513.0	198.19	22.47	0.3	18.14	0.0	0.0	3600.0	48.92	0.0
488563.0	198.19	22.5	0.19	17.9	0.0	0.0	3600.0	48.92	0.0
488607.0	198.19	22.49	0.13	17.9	0.0	0.0	3600.0	48.92	0.0
488657.0	198.19	22.6	0.08	17.66	0.0	0.0	3600.0	48.92	0.0
488701.0	198.19	22.5	0.09	17.67	0.0	0.0	3600.0	48.92	0.0
488752.0	198.19	22.62	0.17	17.57	0.0	0.0	3600.0	48.92	0.0
488797.0	198.19	22.57	0.11	17.66	0.0	0.0	3600.0	48.92	0.0
488846.0	198.19	22.69	0.07	17.57	0.0	0.0	3600.0	48.92	0.0
488896.0	198.19	22.36	0.32	17.6	0.0	0.0	3600.0	48.92	0.0
488946.0	198.19	22.49	0.2	17.54	0.0	0.0	3600.0	48.92	0.0
488995.0	198.19	22.34	0.13	17.59	0.0	0.0	3600.0	48.92	0.0
489046.0	198.19	22.44	0.08	17.48	0.0	0.0	3600.0	48.92	0.0
489096.0	198.19	22.44	0.12	17.53	0.0	0.0	3600.0	48.92	0.0
489140.0	198.19	22.46	0.08	17.48	0.0	0.0	3600.0	48.92	0.0
489185.0	198.19	22.51	0.05	17.47	0.0	0.0	3600.0	48.92	0.0
489234.0	198.19	22.46	0.03	17.45	0.0	0.0	3600.0	48.92	0.0
489284.0	198.19	22.45	0.02	17.37	0.0	0.0	3600.0	48.92	0.0
489328.0	198.19	22.44	0.01	17.46	0.0	0.0	3600.0	48.92	0.0
489378.0	198.19	22.42	0.01	17.38	0.0	0.0	3600.0	48.92	0.0
489422.0	198.19	22.35	0.01	17.39	0.0	0.0	3600.0	48.92	0.0
489473.0	198.19	22.45	0.0	17.32	0.0	0.0	3600.0	48.92	0.0
489517.0	198.19	22.35	0.0	17.4	0.0	0.0	3600.0	48.92	0.0
489567.0	198.19	22.56	0.0	17.36	0.0	0.0	3600.0	48.92	0.0
489611.0	198.19	22.41	0.0	17.37	0.0	0.0	3600.0	48.92	0.0
489661.0	198.19	22.27	0.0	17.24	0.0	0.0	3600.0	48.92	0.0
489710.0	198.19	21.97	0.29	17.29	0.0	0.0	3600.0	48.92	0.0
489760.0	198.19	22.04	0.18	17.28	0.0	0.0	3600.0	48.92	0.0
489810.0	198.19	21.94	0.5	17.47	0.0	0.0	3600.0	48.92	0.0

================================Data log ends here================================