Log created on 30-4-2018__17.22.59
Tes 3

Time	MAT	CHT	MAP	AFR	TPS	RPM	CCM	Cons	State
43757.0	26.23	24.77	833.32	20.0	9.0	0.0	3600.0	0.0	0.0
43807.0	26.21	24.42	833.32	20.0	9.0	0.0	3600.0	0.0	0.0
43851.0	26.23	24.83	833.32	20.0	9.0	0.0	3600.0	0.0	0.0
43900.0	26.25	24.67	833.32	20.0	9.0	0.0	3600.0	0.0	0.0
43945.0	26.25	24.73	833.32	20.0	9.0	0.0	3600.0	0.0	0.0
43990.0	26.19	24.95	833.32	20.0	9.0	0.0	3600.0	0.0	0.0
44034.0	26.18	24.64	833.32	20.0	9.0	0.0	3600.0	0.0	0.0
44078.0	26.22	25.2	833.32	20.0	9.0	0.0	3600.0	0.0	0.0
44128.0	26.22	24.56	833.32	20.0	9.0	0.0	3600.0	0.0	0.0
44177.0	26.16	24.59	833.32	20.0	9.0	0.0	3600.0	0.0	0.0
44227.0	26.17	24.49	833.32	20.0	9.0	0.0	3600.0	0.0	0.0
44271.0	26.09	24.29	833.32	20.0	9.0	0.0	3600.0	0.0	0.0
44315.0	26.12	24.6	833.32	20.0	9.0	0.0	3600.0	0.0	0.0
44365.0	26.1	24.3	833.32	20.0	9.0	0.0	3600.0	0.0	0.0
44409.0	26.12	25.03	833.32	20.0	9.0	0.0	3600.0	0.0	0.0
44460.0	26.13	24.56	833.32	20.0	9.0	0.0	3600.0	0.0	0.0
44504.0	26.17	24.91	833.32	20.0	9.0	0.0	3600.0	0.0	0.0
44553.0	26.24	24.67	833.32	20.0	9.0	0.0	3600.0	0.0	0.0
44598.0	26.25	24.73	833.32	20.0	9.0	0.0	3600.0	0.0	0.0
44642.0	26.22	24.96	833.32	20.0	9.0	0.0	3600.0	0.0	0.0
44691.0	26.26	24.58	833.32	20.0	9.0	0.0	3600.0	0.0	0.0
44736.0	26.25	24.84	833.32	20.0	9.0	0.0	3600.0	0.0	0.0
44785.0	26.2	24.34	833.32	20.0	9.0	0.0	3600.0	0.0	0.0
44829.0	26.21	24.08	833.32	20.0	9.0	0.0	3600.0	0.0	0.0
44879.0	26.31	24.36	833.32	20.0	9.0	0.0	3600.0	0.0	0.0
44930.0	26.32	24.45	833.32	20.0	9.0	0.0	3600.0	0.0	0.0
44979.0	26.26	24.8	833.32	20.0	9.0	0.0	3600.0	0.0	0.0
45029.0	26.18	24.15	833.32	20.0	9.0	0.0	3600.0	0.0	0.0
45078.0	26.19	24.9	833.32	20.0	9.0	0.0	3600.0	0.0	0.0
45128.0	26.2	24.44	833.32	20.0	9.0	0.0	3600.0	0.0	0.0
45177.0	26.26	24.72	833.32	20.0	9.0	0.0	3600.0	0.0	0.0
45228.0	26.25	24.6	833.32	20.0	9.0	0.0	3600.0	0.0	0.0
45272.0	26.19	24.43	833.32	20.0	9.0	0.0	3600.0	0.0	0.0
45316.0	26.2	24.78	833.32	20.0	9.0	0.0	3600.0	0.0	0.0
45366.0	26.29	24.35	833.32	20.0	9.0	0.0	3600.0	0.0	0.0
45410.0	26.2	24.88	833.32	20.0	4.0	0.0	3600.0	0.0	0.0
45459.0	26.02	22.86	833.32	20.0	0.0	0.0	3600.0	0.0	0.0
45503.0	25.73	21.66	833.32	20.0	0.0	0.0	3600.0	0.0	0.0
45547.0	25.5	21.01	833.32	20.0	0.0	0.0	3600.0	0.0	0.0
45596.0	25.58	20.95	833.32	20.0	0.0	0.0	3600.0	0.0	0.0
45645.0	25.61	21.89	833.32	20.0	0.0	0.0	3600.0	0.0	0.0
45689.0	25.7	22.45	833.32	20.0	0.0	0.0	3600.0	0.0	0.0
45733.0	25.64	22.04	833.32	20.0	0.0	0.0	3600.0	0.0	0.0
45776.0	25.43	21.48	833.32	20.0	0.0	0.0	3600.0	0.0	0.0
45820.0	25.21	20.23	833.32	20.0	1.0	0.0	3600.0	0.0	0.0
45871.0	25.09	19.48	833.32	20.0	4.0	0.0	3600.0	0.0	0.0
45915.0	25.2	20.21	833.32	20.0	6.0	0.0	3600.0	0.0	0.0
45965.0	25.26	20.41	833.32	20.0	6.0	0.0	3600.0	0.0	0.0
46014.0	25.6	21.54	833.32	20.0	8.0	0.0	3600.0	0.0	0.0
46058.0	25.71	22.44	833.32	20.0	5.0	0.0	3600.0	0.0	0.0
46108.0	25.45	20.54	833.32	20.0	0.0	0.0	3600.0	0.0	0.0
46157.0	25.25	19.08	833.32	20.0	0.0	0.0	3600.0	0.0	0.0
46195.0	25.18	18.72	833.32	20.0	0.0	0.0	3600.0	0.0	0.0
46244.0	25.13	19.08	833.32	20.0	0.0	0.0	3600.0	0.0	0.0
46294.0	25.3	19.76	833.32	20.0	0.0	0.0	3600.0	0.0	0.0
46338.0	25.49	20.55	833.32	20.0	0.0	0.0	3600.0	0.0	0.0
46387.0	25.38	19.62	833.32	20.0	0.0	0.0	3600.0	0.0	0.0
46430.0	25.17	18.61	833.32	20.0	0.0	0.0	3600.0	0.0	0.0
46469.0	25.07	19.26	833.32	20.0	2.0	0.0	3600.0	0.0	0.0
46518.0	25.1	19.2	833.32	20.0	4.0	0.0	3600.0	0.0	0.0
46563.0	25.18	19.53	833.32	20.0	5.0	0.0	3600.0	0.0	0.0
46612.0	25.53	21.34	833.32	20.0	6.0	0.0	3600.0	0.0	0.0
46656.0	25.86	21.88	833.32	20.0	6.0	0.0	3600.0	0.0	0.0
46706.0	25.57	21.59	833.32	20.0	7.0	0.0	3600.0	0.0	0.0
46750.0	25.53	21.91	833.32	20.0	7.0	0.0	3600.0	0.0	0.0
46800.0	25.65	22.0	833.32	20.0	8.0	0.0	3600.0	0.0	0.0
46844.0	25.79	23.11	833.32	20.0	8.0	0.0	3600.0	0.0	0.0
46894.0	25.96	23.51	833.32	20.0	8.0	0.0	3600.0	0.0	0.0
46944.0	25.99	24.2	833.32	20.0	8.0	0.0	3600.0	0.0	0.0
46993.0	26.04	24.11	833.32	20.0	8.0	0.0	3600.0	0.0	0.0
47043.0	26.04	23.88	833.32	20.0	8.0	0.0	3600.0	0.0	0.0
47087.0	26.07	24.28	833.32	20.0	8.0	0.0	3600.0	0.0	0.0
47131.0	26.06	24.04	833.32	20.0	8.0	0.0	3600.0	0.0	0.0
47176.0	26.1	24.51	833.32	20.0	8.0	0.0	3600.0	0.0	0.0
47225.0	26.2	24.29	833.32	20.0	8.0	0.0	3600.0	0.0	0.0
47276.0	26.19	24.68	833.32	20.0	8.0	0.0	3600.0	0.0	0.0
47320.0	26.2	24.56	833.32	20.0	8.0	0.0	3600.0	0.0	0.0
47364.0	26.13	23.88	833.32	20.0	7.0	0.0	3600.0	0.0	0.0
47408.0	26.2	24.39	833.32	20.0	8.0	0.0	3600.0	0.0	0.0
47463.0	26.34	23.98	833.32	20.0	8.0	0.0	3600.0	0.0	0.0
47507.0	26.18	24.03	833.32	20.0	8.0	0.0	3600.0	0.0	0.0
47557.0	26.2	24.08	833.32	20.0	8.0	0.0	3600.0	0.0	0.0
47601.0	26.21	24.28	833.32	20.0	8.0	0.0	3600.0	0.0	0.0
47645.0	26.23	24.35	833.32	20.0	8.0	0.0	3600.0	0.0	0.0
47695.0	26.27	24.07	833.32	20.0	8.0	0.0	3600.0	0.0	0.0
47739.0	26.3	25.94	833.32	20.0	8.0	0.0	3600.0	0.0	0.0
47783.0	26.23	27.13	833.32	20.0	8.0	0.0	3600.0	0.0	0.0
47828.0	26.25	28.49	833.32	20.0	8.0	0.0	3500.0	0.0	0.0
47878.0	26.17	29.41	833.32	20.0	8.0	0.0	3500.0	0.0	0.0
47928.0	26.19	30.24	833.32	20.0	8.0	0.0	3500.0	0.0	0.0
47977.0	26.12	30.59	833.32	20.0	8.0	0.0	3500.0	0.0	0.0
48027.0	26.12	32.24	833.32	20.0	8.0	0.0	3500.0	0.0	0.0
48066.0	26.12	33.73	833.32	20.0	8.0	0.0	3500.0	0.0	0.0
48110.0	26.15	34.7	833.32	20.0	8.0	0.0	3500.0	0.0	0.0
48160.0	26.12	35.59	833.32	20.0	8.0	0.0	3500.0	0.0	0.0
48209.0	26.14	36.13	833.32	20.0	8.0	0.0	3500.0	0.0	0.0
48253.0	26.18	36.62	833.32	20.0	8.0	0.0	3500.0	0.0	0.0
48299.0	26.2	36.86	833.32	20.0	8.0	0.0	3500.0	0.0	0.0
48348.0	26.18	37.05	833.32	20.0	8.0	0.0	3500.0	0.0	0.0
48392.0	26.23	37.34	833.32	20.0	8.0	0.0	3500.0	0.0	0.0
48442.0	26.21	37.32	833.32	20.0	8.0	0.0	3500.0	0.0	0.0
48486.0	26.08	37.43	833.32	20.0	9.0	0.0	3500.0	0.0	0.0
48536.0	26.1	37.52	833.32	20.0	9.0	0.0	3500.0	0.0	0.0
48580.0	26.22	37.77	833.32	20.0	9.0	0.0	3500.0	0.0	0.0
48630.0	26.04	37.7	833.32	20.0	9.0	0.0	3500.0	0.0	0.0
48679.0	26.14	37.81	833.32	20.0	8.0	0.0	3500.0	0.0	0.0
48723.0	26.18	37.87	833.32	20.0	8.0	0.0	3500.0	0.0	0.0
48774.0	26.19	37.88	833.32	20.0	8.0	0.0	3500.0	0.0	0.0
48818.0	26.12	37.84	833.32	20.0	7.0	0.0	3500.0	0.0	0.0
48862.0	26.05	37.81	833.32	20.0	7.0	0.0	3500.0	0.0	0.0
48912.0	26.09	37.86	833.32	20.0	7.0	0.0	3500.0	0.0	0.0
48962.0	26.1	37.92	833.32	20.0	7.0	0.0	3500.0	0.0	0.0
49006.0	26.16	37.91	833.32	20.0	7.0	0.0	3500.0	0.0	0.0
49055.0	26.15	37.84	833.32	20.0	8.0	0.0	3500.0	0.0	0.0
49105.0	26.04	37.66	833.32	20.0	8.0	0.0	3500.0	0.0	0.0
49149.0	26.07	37.7	833.32	20.0	8.0	0.0	3500.0	0.0	0.0
49193.0	26.12	37.74	833.32	20.0	8.0	0.0	3500.0	0.0	0.0
49244.0	26.3	37.92	833.32	20.0	8.0	0.0	3500.0	0.0	0.0
49293.0	26.21	37.82	833.32	20.0	8.0	0.0	3500.0	0.0	0.0
49343.0	26.23	37.84	833.32	20.0	8.0	0.0	3500.0	0.0	0.0
49393.0	26.18	37.8	833.32	20.0	8.0	0.0	3500.0	0.0	0.0
49437.0	26.18	37.74	833.32	20.0	7.0	0.0	3500.0	0.0	0.0
49481.0	26.19	37.8	833.32	20.0	7.0	0.0	3500.0	0.0	0.0
49531.0	26.2	37.91	833.32	20.0	7.0	0.0	3500.0	0.0	0.0
49575.0	26.14	37.85	833.32	20.0	8.0	0.0	3500.0	0.0	0.0
49625.0	26.08	37.65	833.32	20.0	8.0	0.0	3500.0	0.0	0.0
49670.0	26.27	37.87	833.32	20.0	8.0	0.0	3500.0	0.0	0.0
49719.0	26.19	37.77	833.32	20.0	8.0	0.0	3500.0	0.0	0.0
49769.0	26.16	37.67	833.32	20.0	8.0	0.0	3500.0	0.0	0.0
49813.0	26.08	37.63	833.32	20.0	9.0	0.0	3500.0	0.0	0.0
49863.0	25.94	37.56	833.32	20.0	9.0	0.0	3500.0	0.0	0.0
49907.0	25.99	37.62	833.32	20.0	9.0	0.0	3500.0	0.0	0.0
49956.0	26.14	37.76	833.32	20.0	9.0	0.0	3500.0	0.0	0.0
50007.0	26.09	37.77	833.32	20.0	9.0	0.0	3500.0	0.0	0.0
50057.0	26.11	37.82	833.32	20.0	9.0	0.0	3500.0	0.0	0.0
50101.0	26.23	37.94	833.32	20.0	9.0	0.0	3500.0	0.0	0.0
50150.0	26.09	37.89	833.32	20.0	9.0	0.0	3500.0	0.0	0.0
50195.0	26.17	38.07	833.32	20.0	9.0	0.0	3400.0	0.0	0.0
50239.0	26.14	38.03	833.32	20.0	9.0	0.0	3400.0	0.0	0.0
50288.0	26.11	38.03	833.32	20.0	9.0	0.0	3400.0	0.0	0.0
50332.0	26.11	38.06	833.32	20.0	9.0	0.0	3400.0	0.0	0.0
50377.0	26.06	38.12	833.32	20.0	9.0	0.0	3400.0	0.0	0.0
50426.0	26.02	38.07	833.32	20.0	9.0	0.0	3400.0	0.0	0.0
50470.0	26.08	38.1	833.32	20.0	9.0	0.0	3400.0	0.0	0.0
50521.0	26.24	38.18	833.32	20.0	9.0	0.0	3400.0	0.0	0.0
50565.0	26.1	38.07	833.32	20.0	9.0	0.0	3400.0	0.0	0.0
50609.0	26.14	38.25	833.32	20.0	9.0	0.0	3400.0	0.0	0.0
50659.0	26.05	38.02	833.32	20.0	9.0	0.0	3400.0	0.0	0.0
50709.0	26.08	38.01	833.32	20.0	9.0	0.0	3400.0	0.0	0.0
50753.0	26.09	38.03	833.32	20.0	9.0	0.0	3400.0	0.0	0.0
50797.0	26.08	38.09	833.32	20.0	9.0	0.0	3400.0	0.0	0.0
50846.0	26.07	38.09	833.32	20.0	9.0	0.0	3400.0	0.0	0.0
50891.0	26.09	38.01	833.32	20.0	9.0	0.0	3400.0	0.0	0.0
50940.0	26.2	38.06	833.32	20.0	9.0	0.0	3400.0	0.0	0.0
50996.0	26.08	37.97	833.32	20.0	9.0	0.0	3500.0	0.0	0.0
51040.0	26.15	37.98	833.32	20.0	9.0	0.0	3500.0	0.0	0.0
51085.0	26.07	37.82	833.32	20.0	9.0	0.0	3500.0	0.0	0.0
51129.0	26.06	37.82	833.32	20.0	9.0	0.0	3500.0	0.0	0.0
51178.0	26.01	37.79	833.32	20.0	9.0	0.0	3500.0	0.0	0.0
51228.0	26.14	37.87	833.32	20.0	9.0	0.0	3500.0	0.0	0.0
51277.0	26.12	37.84	833.32	20.0	9.0	0.0	3500.0	0.0	0.0
51322.0	26.09	37.74	833.32	20.0	9.0	0.0	3500.0	0.0	0.0
51372.0	26.11	37.72	833.32	20.0	9.0	0.0	3500.0	0.0	0.0
51422.0	26.06	37.67	833.32	20.0	9.0	0.0	3500.0	0.0	0.0
51466.0	26.06	37.57	833.32	20.0	9.0	0.0	3500.0	0.0	0.0
51516.0	26.11	37.64	833.32	20.0	9.0	0.0	3500.0	0.0	0.0
51560.0	26.13	37.68	833.32	20.0	9.0	0.0	3500.0	0.0	0.0
51615.0	26.32	37.85	833.32	20.0	9.0	0.0	3500.0	0.0	0.0
51659.0	26.2	37.77	833.32	20.0	9.0	0.0	3500.0	0.0	0.0
51709.0	26.18	37.74	833.32	20.0	9.0	0.0	3500.0	0.0	0.0
51759.0	26.15	37.71	833.32	20.0	9.0	0.0	3500.0	0.0	0.0
51809.0	26.13	37.7	833.32	20.0	9.0	0.0	3500.0	0.0	0.0
51853.0	26.1	37.7	833.32	20.0	9.0	0.0	3500.0	0.0	0.0
51897.0	26.15	37.74	833.32	20.0	9.0	0.0	3500.0	0.0	0.0
51947.0	26.09	37.74	833.32	20.0	9.0	0.0	3500.0	0.0	0.0
51991.0	26.06	37.72	833.32	20.0	9.0	0.0	3500.0	0.0	0.0
52041.0	26.22	37.84	833.32	20.0	9.0	0.0	3500.0	0.0	0.0
52085.0	26.08	37.73	833.32	20.0	9.0	0.0	3500.0	0.0	0.0
52134.0	26.19	37.8	833.32	20.0	9.0	0.0	3500.0	0.0	0.0
52185.0	26.07	37.68	833.32	20.0	9.0	0.0	3500.0	0.0	0.0
52229.0	26.07	37.74	833.32	20.0	9.0	0.0	3500.0	0.0	0.0
52279.0	26.05	37.74	833.32	20.0	9.0	0.0	3500.0	0.0	0.0
52323.0	26.04	37.78	833.32	20.0	9.0	0.0	3500.0	0.0	0.0
52373.0	26.08	37.76	833.32	20.0	9.0	0.0	3500.0	0.0	0.0
52417.0	26.1	37.73	833.32	20.0	9.0	0.0	3500.0	0.0	0.0
52466.0	26.16	37.73	833.32	20.0	9.0	0.0	3500.0	0.0	0.0
52516.0	26.11	37.76	833.32	20.0	9.0	0.0	3500.0	0.0	0.0
52560.0	26.17	37.95	833.32	20.0	9.0	0.0	3500.0	0.0	0.0
52611.0	26.03	37.65	833.32	20.0	9.0	0.0	3500.0	0.0	0.0
52655.0	26.11	37.8	833.32	20.0	9.0	0.0	3500.0	0.0	0.0
52704.0	26.32	37.99	833.32	20.0	9.0	0.0	3500.0	0.0	0.0
52749.0	26.16	37.85	833.32	20.0	9.0	0.0	3500.0	0.0	0.0
52798.0	26.11	37.84	833.32	20.0	9.0	0.0	3500.0	0.0	0.0
52848.0	26.09	37.82	833.32	20.0	9.0	0.0	3500.0	0.0	0.0
52892.0	26.19	37.81	833.32	20.0	9.0	0.0	3500.0	0.0	0.0
52936.0	26.14	37.76	833.32	20.0	9.0	0.0	3500.0	0.0	0.0
52986.0	26.1	37.76	833.32	20.0	9.0	0.0	3500.0	0.0	0.0
53030.0	26.04	37.75	833.32	20.0	9.0	0.0	3500.0	0.0	0.0
53074.0	26.08	37.79	833.32	20.0	9.0	0.0	3500.0	0.0	0.0
53125.0	26.27	37.91	833.32	20.0	9.0	0.0	3500.0	0.0	0.0
53169.0	26.22	37.8	833.32	20.0	9.0	0.0	3500.0	0.0	0.0
53213.0	26.2	37.77	833.32	20.0	9.0	0.0	3500.0	0.0	0.0
53257.0	26.16	37.74	833.32	20.0	9.0	0.0	3500.0	0.0	0.0
53307.0	26.11	37.7	833.32	20.0	9.0	0.0	3500.0	0.0	0.0
53351.0	26.08	37.69	833.32	20.0	9.0	0.0	3500.0	0.0	0.0
53395.0	26.15	37.86	833.32	20.0	9.0	0.0	3500.0	0.0	0.0
53445.0	25.97	37.59	833.32	20.0	9.0	0.0	3500.0	0.0	0.0
53494.0	26.02	37.69	833.32	20.0	9.0	0.0	3500.0	0.0	0.0
53539.0	26.08	37.7	833.32	20.0	9.0	0.0	3500.0	0.0	0.0
53588.0	26.25	37.76	833.32	20.0	9.0	0.0	3500.0	0.0	0.0
53633.0	26.2	37.74	833.32	20.0	9.0	0.0	3500.0	0.0	0.0
53683.0	26.2	37.73	833.32	20.0	9.0	0.0	3500.0	0.0	0.0
53727.0	26.21	37.72	833.32	20.0	9.0	0.0	3500.0	0.0	0.0
53777.0	26.15	37.74	833.32	20.0	9.0	0.0	3500.0	0.0	0.0
53826.0	25.99	37.59	833.32	20.0	9.0	0.0	3500.0	0.0	0.0
53870.0	26.06	37.62	833.32	20.0	9.0	0.0	3500.0	0.0	0.0
53920.0	26.08	37.71	833.32	20.0	9.0	0.0	3500.0	0.0	0.0
53964.0	26.24	37.89	833.32	20.0	9.0	0.0	3500.0	0.0	0.0
54014.0	26.2	37.79	833.32	20.0	9.0	0.0	3500.0	0.0	0.0
54064.0	26.21	37.77	833.32	20.0	9.0	0.0	3500.0	0.0	0.0
54109.0	26.15	37.74	833.32	20.0	9.0	0.0	3500.0	0.0	0.0
54158.0	26.19	37.74	833.32	20.0	9.0	0.0	3500.0	0.0	0.0
54208.0	26.24	37.73	833.32	20.0	9.0	0.0	3500.0	0.0	0.0
54252.0	26.06	37.77	833.32	20.0	9.0	0.0	3500.0	0.0	0.0
54302.0	26.05	37.77	833.32	20.0	9.0	0.0	3500.0	0.0	0.0
54346.0	26.12	37.71	833.32	20.0	8.0	0.0	3500.0	0.0	0.0
54395.0	26.19	37.77	833.32	20.0	8.0	0.0	3500.0	0.0	0.0
54446.0	26.28	37.81	833.32	20.0	8.0	0.0	3500.0	0.0	0.0
54490.0	26.28	37.81	833.32	20.0	8.0	0.0	3500.0	0.0	0.0
54534.0	26.3	37.61	833.32	20.0	8.0	0.0	3500.0	0.0	0.0
54579.0	26.26	37.49	833.32	20.0	9.0	0.0	3500.0	0.0	0.0
54628.0	26.21	37.37	833.32	20.0	9.0	0.0	3500.0	0.0	0.0
54678.0	26.21	37.33	833.32	20.0	9.0	0.0	3500.0	0.0	0.0
54722.0	26.17	37.28	833.32	20.0	9.0	0.0	3500.0	0.0	0.0
54772.0	26.12	37.15	833.32	20.0	9.0	0.0	3500.0	0.0	0.0
54816.0	26.13	37.18	833.32	20.0	9.0	0.0	3500.0	0.0	0.0
54866.0	26.15	37.16	833.32	20.0	9.0	0.0	3500.0	0.0	0.0
54916.0	26.26	37.37	833.32	20.0	9.0	0.0	3500.0	0.0	0.0
54960.0	26.22	37.22	833.32	20.0	9.0	0.0	3500.0	0.0	0.0
55010.0	26.21	37.23	833.32	20.0	9.0	0.0	3500.0	0.0	0.0
55054.0	26.19	37.14	833.32	20.0	9.0	0.0	3500.0	0.0	0.0
55104.0	26.15	37.15	833.32	20.0	9.0	0.0	3500.0	0.0	0.0
55148.0	26.13	37.11	833.32	20.0	9.0	0.0	3500.0	0.0	0.0
55192.0	26.2	37.22	833.32	20.0	9.0	0.0	3500.0	0.0	0.0
55242.0	26.18	37.23	833.32	20.0	9.0	0.0	3500.0	0.0	0.0
55286.0	26.14	37.17	833.32	20.0	9.0	0.0	3500.0	0.0	0.0
55331.0	26.21	37.39	833.32	20.0	9.0	0.0	3500.0	0.0	0.0
55378.0	26.37	37.7	833.32	20.0	9.0	0.0	3500.0	0.0	0.0
55428.0	25.95	37.08	833.32	20.0	9.0	0.0	3500.0	0.0	0.0
55473.0	25.44	37.01	833.32	20.0	9.0	0.0	3500.0	0.0	0.0
55523.0	25.58	36.98	833.32	20.0	9.0	0.0	3500.0	0.0	2.0
55572.0	25.66	37.28	833.32	20.0	9.0	0.0	3500.0	0.0	2.0
55617.0	25.71	37.32	833.32	20.0	9.0	0.0	3500.0	0.0	2.0
55661.0	25.88	37.27	833.32	20.0	8.0	0.0	3500.0	0.0	2.0
55711.0	25.95	37.19	833.32	20.0	8.0	0.0	3500.0	0.0	2.0
55755.0	26.06	37.15	833.32	20.0	8.0	0.0	3500.0	0.0	2.0
55799.0	26.06	37.13	833.32	20.0	7.0	0.0	3500.0	0.0	2.0
55849.0	26.08	36.99	833.32	20.0	7.0	0.0	3500.0	0.0	2.0
55895.0	26.09	37.09	833.32	20.0	7.0	0.0	3500.0	0.0	2.0
55944.0	26.2	37.11	833.32	20.0	6.0	0.0	3500.0	0.0	2.0
55994.0	26.16	37.11	833.32	20.0	6.0	0.0	3500.0	0.0	2.0
56038.0	26.28	37.17	833.32	20.0	6.0	0.0	3500.0	0.0	0.0
56083.0	26.3	36.88	833.32	20.0	6.0	0.0	3500.0	0.0	0.0
56132.0	26.33	36.98	833.32	20.0	6.0	0.0	3500.0	0.0	0.0
56176.0	26.25	37.02	833.32	20.0	7.0	0.0	3500.0	0.0	0.0
56220.0	26.29	37.13	833.32	20.0	7.0	0.0	3500.0	0.0	0.0
56270.0	26.32	37.33	833.32	20.0	7.0	0.0	3500.0	0.0	0.0
56314.0	26.24	37.34	833.32	20.0	7.0	0.0	3500.0	0.0	0.0
56365.0	26.24	37.28	833.32	20.0	8.0	0.0	3500.0	0.0	0.0
56415.0	26.19	37.2	833.32	20.0	8.0	0.0	3500.0	0.0	0.0
56459.0	26.12	37.07	833.32	20.0	8.0	0.0	3500.0	0.0	0.0
56508.0	26.11	37.08	833.32	20.0	8.0	0.0	3500.0	0.0	0.0
56553.0	26.14	37.21	833.32	20.0	8.0	0.0	3500.0	0.0	0.0
56602.0	26.08	35.45	833.32	20.0	8.0	0.0	3500.0	0.0	0.0
56646.0	26.05	33.17	833.32	20.0	8.0	0.0	3500.0	0.0	0.0
56691.0	26.2	32.69	833.32	19.98	8.0	0.0	3500.0	0.0	0.0
56735.0	26.17	31.94	833.32	19.93	8.0	0.0	3500.0	0.0	0.0
56779.0	26.16	31.76	833.32	19.91	8.0	0.0	3500.0	0.0	0.0
56829.0	26.1	31.19	833.32	19.92	8.0	0.0	3500.0	0.0	0.0
56879.0	26.09	29.64	833.32	19.88	8.0	0.0	3500.0	0.0	0.0
56924.0	26.17	28.88	833.32	19.9	7.0	0.0	3500.0	0.0	0.0
56968.0	26.27	28.72	833.32	19.89	7.0	0.0	3500.0	0.0	0.0
57012.0	26.3	28.64	833.32	19.86	7.0	0.0	3500.0	0.0	0.0
57062.0	26.34	28.85	833.32	19.83	7.0	0.0	3500.0	0.0	0.0
57112.0	26.36	28.67	833.32	19.84	7.0	0.0	3500.0	0.0	0.0
57156.0	26.31	29.0	833.32	19.77	7.0	0.0	3500.0	0.0	0.0
57200.0	26.28	28.67	833.32	19.66	8.0	0.0	3500.0	0.0	0.0
57244.0	26.26	28.36	833.32	19.62	8.0	0.0	3500.0	0.0	0.0
57294.0	26.25	28.54	833.32	19.61	7.0	0.0	3500.0	0.0	0.0
57345.0	26.25	28.56	833.32	19.53	7.0	0.0	3500.0	0.0	0.0
57394.0	26.3	28.36	833.32	19.45	7.0	0.0	3500.0	0.0	0.0
57444.0	26.35	28.4	833.32	19.47	7.0	0.0	3500.0	0.0	0.0
57483.0	26.31	28.4	833.32	19.41	7.0	0.0	3500.0	0.0	0.0
57527.0	26.34	28.23	833.32	19.5	7.0	0.0	3500.0	0.0	0.0
57577.0	26.32	28.32	833.32	19.39	7.0	0.0	3500.0	0.0	0.0
57627.0	26.34	28.1	833.32	19.22	7.0	0.0	3500.0	0.0	0.0
57676.0	26.33	27.98	833.32	18.9	7.0	0.0	3600.0	0.0	0.0
57721.0	26.34	27.89	833.32	18.62	7.0	0.0	3600.0	0.0	0.0
57765.0	26.36	28.01	833.32	18.43	7.0	0.0	3500.0	0.0	0.0
57809.0	26.33	28.0	833.32	18.33	7.0	0.0	3500.0	0.0	0.0
57860.0	26.4	27.93	833.32	18.3	8.0	0.0	3600.0	0.0	0.0
57899.0	26.34	27.79	833.32	18.3	8.0	0.0	3600.0	0.0	0.0
57949.0	26.29	27.22	833.32	18.22	8.0	0.0	3600.0	0.0	0.0
57988.0	26.28	27.42	833.32	18.2	8.0	0.0	3600.0	0.0	0.0
58032.0	26.23	27.04	833.32	18.27	8.0	0.0	3600.0	0.0	0.0
58076.0	26.26	27.23	833.32	18.16	8.0	0.0	3600.0	0.0	0.0
58126.0	26.14	26.82	833.32	18.34	8.0	0.0	3600.0	0.0	0.0
58176.0	26.22	27.26	833.32	18.08	8.0	0.0	3600.0	0.0	0.0
58220.0	26.14	26.94	833.32	18.0	8.0	0.0	3600.0	0.0	0.0
58270.0	26.26	26.94	833.32	17.9	8.0	0.0	3600.0	0.0	0.0
58314.0	26.18	26.65	833.32	17.96	7.0	0.0	3600.0	0.0	0.0
58358.0	25.99	26.67	833.32	17.85	7.0	0.0	3600.0	0.0	0.0
58408.0	26.07	26.89	833.32	18.03	7.0	0.0	3600.0	0.0	0.0
58452.0	26.18	27.08	833.32	18.06	7.0	0.0	3600.0	0.0	0.0
58503.0	26.22	27.14	833.32	18.14	7.0	0.0	3600.0	0.0	0.0
58547.0	26.23	27.04	833.32	18.38	6.0	0.0	3600.0	0.0	0.0
58597.0	26.23	27.32	833.32	18.37	6.0	0.0	3600.0	0.0	0.0
58641.0	26.25	27.37	833.32	18.2	6.0	0.0	3600.0	0.0	0.0
58691.0	26.25	27.08	833.32	17.88	6.0	0.0	3600.0	0.0	0.0
58740.0	26.11	27.24	833.32	17.68	6.0	0.0	3600.0	0.0	0.0
58785.0	26.2	27.41	833.32	17.61	6.0	0.0	3600.0	0.0	0.0
58834.0	26.23	27.66	833.32	17.43	6.0	0.0	3600.0	0.0	0.0
58880.0	26.24	27.84	833.32	17.42	6.0	0.0	3600.0	0.0	0.0
58929.0	26.17	27.59	833.32	17.46	7.0	0.0	3600.0	0.0	0.0
58974.0	26.23	27.31	833.32	17.47	8.0	0.0	3600.0	0.0	0.0
59018.0	26.18	27.37	833.32	17.43	8.0	0.0	3600.0	0.0	0.0
59062.0	26.32	27.11	833.32	17.5	8.0	0.0	3600.0	0.0	0.0
59112.0	26.18	27.22	833.32	17.68	8.0	0.0	3600.0	0.0	0.0
59162.0	26.25	27.61	833.32	17.85	8.0	0.0	3600.0	0.0	0.0
59206.0	26.08	27.08	833.32	17.97	8.0	0.0	3600.0	0.0	0.0
59251.0	26.16	29.69	833.32	17.89	8.0	0.0	3500.0	0.0	0.0
59298.0	25.98	32.72	833.32	17.99	8.0	0.0	3500.0	0.0	0.0
59342.0	25.91	33.26	833.32	18.25	7.0	0.0	3500.0	0.0	0.0
59387.0	25.83	32.49	833.32	18.49	8.0	0.0	3500.0	0.0	0.0
59431.0	26.02	34.27	833.32	18.06	7.0	0.0	3500.0	0.0	0.0
59482.0	26.1	35.4	833.32	17.6	7.0	0.0	3500.0	0.0	0.0
59526.0	26.23	35.35	833.32	17.53	7.0	0.0	3500.0	0.0	2.0
59570.0	26.15	34.93	833.32	17.18	7.0	0.0	3500.0	0.0	2.0
59615.0	26.13	35.68	833.32	16.98	7.0	0.0	3500.0	0.0	2.0
59659.0	26.22	36.23	833.32	17.01	8.0	0.0	3500.0	0.0	2.0
59704.0	26.25	36.5	833.32	16.98	8.0	0.0	3500.0	0.0	2.0
59748.0	26.33	36.37	833.32	17.02	7.0	0.0	3500.0	0.0	2.0
59793.0	26.26	36.67	833.32	17.0	7.0	0.0	3500.0	0.0	2.0
59843.0	26.26	36.89	833.32	16.9	7.0	0.0	3500.0	0.0	2.0
59887.0	26.15	36.9	833.32	16.55	7.0	0.0	3500.0	0.0	2.0
59932.0	26.19	36.93	833.32	16.3	7.0	0.0	3500.0	0.0	2.0
59976.0	26.22	37.04	833.32	15.93	7.0	0.0	3500.0	0.0	2.0
60026.0	26.13	37.0	833.32	15.93	7.0	0.0	3500.0	0.0	0.0
60076.0	26.21	37.17	833.32	15.77	8.0	0.0	3500.0	0.0	0.0
60114.0	26.17	37.23	833.32	15.89	7.0	0.0	3500.0	0.0	0.0
60165.0	26.19	37.19	833.32	16.04	7.0	0.0	3500.0	0.0	0.0
60209.0	26.16	37.25	833.32	16.1	7.0	0.0	3500.0	0.0	0.0
60259.0	26.18	37.27	833.32	16.23	7.0	0.0	3500.0	0.0	0.0
60303.0	26.23	37.3	833.32	16.27	7.0	0.0	3500.0	0.0	0.0
60353.0	26.04	37.34	833.32	16.27	7.0	0.0	3500.0	0.0	0.0
60397.0	26.09	37.25	833.32	16.19	7.0	0.0	3500.0	0.0	0.0
60447.0	26.09	37.26	833.32	16.13	7.0	0.0	3500.0	0.0	0.0
60491.0	26.08	37.23	833.32	16.05	7.0	0.0	3500.0	0.0	0.0
60536.0	26.21	37.28	833.32	15.93	7.0	0.0	3500.0	0.0	0.0
60587.0	26.34	37.22	833.32	16.01	7.0	0.0	3500.0	0.0	0.0
60631.0	26.28	37.25	833.32	16.02	7.0	0.0	3500.0	0.0	0.0
60669.0	26.22	37.19	833.32	15.99	7.0	0.0	3500.0	0.0	0.0
60713.0	26.16	37.25	833.32	16.04	8.0	0.0	3500.0	0.0	0.0
60758.0	26.21	37.23	833.32	16.04	8.0	0.0	3500.0	0.0	0.0
60808.0	26.1	37.26	833.32	16.01	8.0	0.0	3500.0	0.0	0.0
60858.0	26.08	37.19	833.32	16.07	9.0	0.0	3500.0	0.0	0.0
60902.0	26.12	37.22	833.32	16.08	9.0	0.0	3500.0	0.0	0.0
60946.0	26.17	37.17	833.32	16.14	9.0	0.0	3500.0	0.0	0.0
60991.0	26.15	37.2	833.32	16.14	9.0	0.0	3500.0	0.0	0.0
61029.0	26.15	37.21	833.32	16.06	8.0	0.0	3500.0	0.0	0.0
61079.0	26.27	37.38	833.32	16.02	8.0	0.0	3500.0	0.0	0.0
61123.0	26.23	37.34	833.32	16.21	8.0	0.0	3500.0	0.0	0.0
61168.0	26.03	37.41	833.32	16.21	8.0	0.0	3500.0	0.0	0.0
61212.0	26.05	37.27	833.32	16.31	8.0	0.0	3500.0	0.0	0.0
61262.0	26.08	37.33	833.32	16.26	8.0	0.0	3500.0	0.0	0.0
61306.0	26.04	37.23	833.32	16.36	8.0	0.0	3500.0	0.0	0.0
61357.0	26.21	37.25	833.32	16.24	8.0	0.0	3500.0	0.0	0.0
61401.0	26.16	37.24	833.32	16.11	8.0	0.0	3500.0	0.0	0.0
61445.0	26.21	37.33	833.32	15.96	8.0	0.0	3500.0	0.0	0.0
61490.0	26.21	37.31	833.32	15.83	8.0	0.0	3500.0	0.0	0.0
61534.0	26.29	37.35	833.32	15.79	8.0	0.0	3500.0	0.0	0.0
61578.0	26.22	37.2	833.32	15.66	8.0	0.0	3500.0	0.0	0.0
61628.0	26.14	37.05	833.32	15.5	8.0	0.0	3500.0	0.0	0.0
61672.0	26.2	37.13	833.32	15.4	8.0	0.0	3500.0	0.0	0.0
61716.0	26.2	37.26	833.32	15.32	8.0	0.0	3500.0	0.0	0.0
61766.0	26.19	37.22	833.32	15.38	8.0	0.0	3500.0	0.0	0.0
61811.0	26.23	37.34	833.32	15.34	8.0	0.0	3500.0	0.0	0.0
61855.0	26.21	37.37	833.32	15.55	7.0	0.0	3500.0	0.0	0.0
61905.0	26.23	37.47	833.32	15.54	7.0	0.0	3500.0	0.0	0.0
61949.0	26.27	37.46	833.32	15.54	7.0	0.0	3500.0	0.0	0.0
62000.0	26.2	37.34	833.32	15.49	7.0	0.0	3500.0	0.0	0.0
62044.0	26.29	37.39	833.32	15.51	7.0	0.0	3500.0	0.0	0.0
62088.0	26.26	37.47	833.32	15.65	7.0	0.0	3500.0	0.0	0.0
62138.0	26.32	37.35	833.32	15.83	7.0	0.0	3500.0	0.0	0.0
62182.0	26.39	37.38	833.32	15.9	7.0	0.0	3500.0	0.0	0.0
62232.0	26.39	37.29	833.32	15.95	7.0	0.0	3500.0	0.0	0.0
62282.0	26.32	37.29	833.32	15.95	7.0	0.0	3500.0	0.0	0.0
62326.0	26.36	37.4	833.32	16.0	8.0	0.0	3500.0	0.0	0.0
62370.0	26.27	37.38	833.32	15.69	8.0	0.0	3500.0	0.0	0.0
62415.0	26.26	37.26	833.32	15.62	8.0	0.0	3500.0	0.0	0.0
62465.0	26.39	37.45	833.32	15.51	8.0	0.0	3500.0	0.0	0.0
62503.0	26.33	37.34	833.32	15.48	8.0	0.0	3500.0	0.0	0.0
62547.0	26.27	37.23	833.32	15.42	8.0	0.0	3500.0	0.0	0.0
62593.0	26.2	37.19	833.32	15.44	8.0	0.0	3500.0	0.0	0.0
62642.0	26.23	37.31	833.32	15.32	7.0	0.0	3500.0	0.0	0.0
62687.0	26.18	37.22	833.32	15.33	7.0	0.0	3500.0	0.0	0.0
62731.0	26.19	37.29	833.32	15.27	7.0	0.0	3500.0	0.0	0.0
62781.0	26.22	37.23	833.32	15.27	7.0	0.0	3500.0	0.0	0.0
62825.0	26.22	37.32	833.32	15.29	7.0	0.0	3500.0	0.0	0.0
62869.0	26.23	37.32	833.32	15.34	8.0	0.0	3500.0	0.0	0.0
62914.0	26.12	37.36	833.32	15.5	7.0	0.0	3500.0	0.0	0.0
62963.0	26.21	37.29	833.32	15.56	8.0	0.0	3500.0	0.0	0.0
63013.0	26.16	37.06	833.32	15.55	8.0	0.0	3500.0	0.0	0.0
63064.0	26.19	37.08	833.32	15.51	8.0	0.0	3500.0	0.0	0.0
63108.0	26.13	37.14	833.32	15.46	8.0	0.0	3500.0	0.0	0.0
63152.0	26.24	37.12	833.32	15.43	8.0	0.0	3500.0	0.0	0.0
63197.0	26.18	37.24	833.32	15.34	8.0	0.0	3500.0	0.0	0.0
63247.0	26.24	37.27	833.32	15.43	8.0	0.0	3500.0	0.0	0.0
63291.0	26.23	37.27	833.32	15.33	8.0	0.0	3500.0	0.0	0.0
63352.0	26.37	37.48	833.32	15.39	8.0	0.0	3500.0	0.0	0.0
63401.0	26.26	37.35	833.32	15.32	8.0	0.0	3500.0	0.0	0.0
63447.0	26.32	37.5	833.32	15.36	8.0	0.0	3500.0	0.0	0.0
63496.0	26.17	37.32	833.32	15.27	8.0	0.0	3500.0	0.0	0.0
63546.0	26.2	37.3	833.32	15.38	8.0	0.0	3500.0	0.0	0.0
63590.0	26.16	37.05	833.32	15.46	8.0	0.0	3500.0	0.0	0.0
63635.0	26.16	37.06	833.32	15.51	8.0	0.0	3500.0	0.0	0.0
63679.0	26.17	37.09	833.32	15.68	7.0	0.0	3500.0	0.0	0.0
63729.0	26.23	37.15	833.32	15.65	7.0	0.0	3500.0	0.0	0.0
63778.0	26.24	37.11	833.32	15.65	6.0	0.0	3500.0	0.0	0.0
63823.0	26.41	37.31	833.32	15.64	6.0	0.0	3500.0	0.0	0.0
63867.0	26.3	37.24	833.32	15.62	6.0	0.0	3500.0	0.0	0.0
63911.0	26.33	37.28	833.32	15.55	6.0	0.0	3500.0	0.0	0.0
63956.0	26.13	37.24	833.32	15.54	6.0	0.0	3500.0	0.0	0.0
64006.0	26.16	37.31	833.32	15.47	6.0	0.0	3500.0	0.0	0.0
64051.0	26.26	37.31	833.32	15.53	6.0	0.0	3500.0	0.0	0.0
64095.0	26.29	37.33	833.32	15.55	6.0	0.0	3500.0	0.0	0.0
64145.0	26.33	37.34	833.32	15.72	6.0	0.0	3500.0	0.0	0.0
64189.0	26.31	37.29	833.32	15.71	6.0	0.0	3500.0	0.0	0.0
64239.0	26.34	37.39	833.32	15.71	6.0	0.0	3500.0	0.0	0.0
64283.0	26.34	37.41	833.32	15.61	6.0	0.0	3500.0	0.0	0.0
64333.0	26.35	37.4	833.32	15.22	6.0	0.0	3500.0	0.0	0.0
64377.0	26.33	37.39	833.32	15.0	6.0	0.0	3500.0	0.0	0.0
64428.0	26.27	37.36	833.32	14.9	7.0	0.0	3500.0	0.0	0.0
64472.0	26.3	37.34	833.32	14.8	7.0	0.0	3500.0	0.0	0.0
64516.0	26.25	37.32	833.32	14.77	7.0	0.0	3500.0	0.0	0.0
64561.0	26.26	37.28	833.32	15.08	7.0	0.0	3500.0	0.0	0.0
64605.0	26.26	37.21	833.32	15.4	7.0	0.0	3500.0	0.0	0.0
64649.0	26.43	37.24	833.32	15.49	7.0	0.0	3500.0	0.0	0.0
64699.0	26.35	37.26	833.32	15.63	7.0	0.0	3500.0	0.0	0.0
64749.0	26.36	37.4	833.32	15.79	8.0	0.0	3500.0	0.0	0.0
64798.0	26.33	37.33	833.32	15.58	8.0	0.0	3500.0	0.0	0.0
64848.0	26.23	37.18	833.32	15.24	8.0	0.0	3500.0	0.0	0.0
64899.0	26.22	37.16	833.32	15.09	7.0	0.0	3500.0	0.0	0.0
64943.0	26.26	37.2	833.32	14.94	7.0	0.0	3500.0	0.0	0.0
64987.0	26.24	37.2	833.32	14.92	7.0	0.0	3500.0	0.0	0.0
65032.0	26.29	37.19	833.32	14.77	7.0	0.0	3500.0	0.0	0.0
65081.0	26.27	37.24	833.32	14.65	7.0	0.0	3500.0	0.0	0.0
65131.0	26.33	37.29	833.32	14.47	7.0	0.0	3500.0	0.0	0.0
65181.0	26.28	37.29	833.32	14.44	8.0	0.0	3500.0	0.0	0.0
65225.0	26.15	37.25	833.32	14.37	7.0	0.0	3500.0	0.0	0.0
65275.0	26.17	37.3	833.32	14.48	7.0	0.0	3500.0	0.0	0.0
65319.0	26.12	37.29	833.32	14.85	7.0	0.0	3500.0	0.0	0.0
65370.0	26.19	37.31	833.32	15.03	7.0	0.0	3500.0	0.0	0.0
65414.0	26.15	37.22	833.32	15.13	8.0	0.0	3500.0	0.0	0.0
65464.0	26.28	37.31	833.32	15.24	8.0	0.0	3500.0	0.0	0.0
65508.0	26.19	37.17	833.32	15.28	8.0	0.0	3500.0	0.0	0.0
65558.0	26.41	37.36	833.32	15.1	9.0	0.0	3500.0	0.0	0.0
65597.0	26.34	37.33	833.32	14.97	9.0	0.0	3500.0	0.0	0.0
65646.0	26.2	37.28	833.32	14.94	9.0	0.0	3500.0	0.0	0.0
65685.0	26.22	37.27	833.32	14.88	9.0	0.0	3500.0	0.0	0.0
65730.0	25.96	37.14	833.32	14.84	9.0	0.0	3500.0	0.0	0.0
65774.0	26.1	37.13	833.32	14.99	9.0	0.0	3500.0	0.0	0.0
65824.0	26.15	37.17	833.32	15.14	9.0	0.0	3500.0	0.0	0.0
65868.0	26.16	37.15	833.32	15.3	9.0	0.0	3500.0	0.0	0.0
65912.0	26.29	37.18	833.32	15.3	9.0	0.0	3500.0	0.0	0.0
65963.0	26.28	37.13	833.32	15.29	9.0	0.0	3500.0	0.0	0.0
66007.0	26.42	37.14	833.32	15.51	9.0	0.0	3500.0	0.0	0.0
66057.0	26.31	37.11	833.32	15.39	9.0	0.0	3500.0	0.0	0.0
66102.0	26.24	37.15	833.32	15.5	9.0	0.0	3500.0	0.0	0.0
66151.0	26.33	37.31	833.32	15.47	9.0	0.0	3500.0	0.0	0.0
66196.0	26.24	37.23	833.32	15.48	9.0	0.0	3500.0	0.0	0.0
66245.0	26.24	37.34	833.32	15.46	9.0	0.0	3500.0	0.0	0.0
66290.0	26.07	37.15	833.32	15.25	9.0	0.0	3500.0	0.0	0.0
66334.0	26.15	37.31	833.32	15.15	9.0	0.0	3500.0	0.0	0.0
66378.0	26.14	37.25	833.32	15.01	9.0	0.0	3500.0	0.0	0.0
66417.0	26.21	37.27	833.32	14.91	9.0	0.0	3500.0	0.0	0.0
66462.0	26.18	37.23	833.32	14.89	9.0	0.0	3500.0	0.0	0.0
66511.0	26.11	37.11	833.32	14.93	9.0	0.0	3500.0	0.0	0.0
66562.0	26.15	37.17	833.32	15.06	9.0	0.0	3500.0	0.0	0.0
66612.0	26.1	37.11	833.32	15.18	9.0	0.0	3500.0	0.0	0.0
66651.0	26.2	37.11	833.32	15.18	9.0	0.0	3500.0	0.0	0.0
66695.0	26.17	37.11	833.32	15.15	9.0	0.0	3500.0	0.0	0.0
66745.0	26.15	37.15	833.32	15.22	9.0	0.0	3500.0	0.0	0.0
66789.0	26.4	37.27	833.32	15.17	9.0	0.0	3500.0	0.0	0.0
66839.0	26.3	37.22	833.32	15.1	9.0	0.0	3500.0	0.0	0.0
66883.0	26.42	37.34	833.32	15.11	9.0	0.0	3500.0	0.0	0.0
66933.0	26.28	37.23	833.32	15.15	9.0	0.0	3500.0	0.0	0.0
66977.0	26.28	37.29	833.32	15.04	9.0	0.0	3500.0	0.0	0.0
67027.0	26.14	37.14	833.32	15.3	9.0	0.0	3500.0	0.0	0.0
67073.0	26.2	37.18	833.32	15.25	9.0	0.0	3500.0	0.0	0.0
67117.0	26.23	37.16	833.32	15.21	9.0	0.0	3500.0	0.0	0.0
67167.0	26.13	37.12	833.32	15.2	9.0	0.0	3500.0	0.0	0.0
67211.0	26.11	37.1	833.32	15.3	10.0	0.0	3500.0	0.0	0.0
67256.0	26.1	37.03	833.32	15.54	10.0	0.0	3500.0	0.0	0.0
67301.0	26.19	37.18	833.32	15.6	10.0	0.0	3500.0	0.0	0.0
67351.0	26.1	37.09	833.32	15.57	10.0	0.0	3500.0	0.0	0.0
67396.0	26.16	37.05	833.32	15.57	10.0	0.0	3500.0	0.0	0.0
67440.0	26.27	37.2	833.32	15.63	10.0	0.0	3500.0	0.0	0.0
67485.0	26.25	37.18	833.32	15.55	10.0	0.0	3500.0	0.0	0.0
67530.0	26.12	36.78	833.32	15.46	10.0	0.0	3500.0	0.0	0.0
67580.0	26.28	36.94	833.32	15.37	10.0	0.0	3500.0	0.0	0.0
67625.0	26.26	37.0	833.32	15.32	10.0	0.0	3500.0	0.0	0.0
67671.0	26.13	36.91	833.32	15.23	10.0	0.0	3500.0	0.0	0.0
67716.0	26.29	37.07	833.32	15.25	10.0	0.0	3500.0	0.0	0.0
67766.0	26.26	37.03	833.32	15.28	10.0	0.0	3500.0	0.0	0.0
67810.0	26.27	36.98	833.32	15.21	10.0	0.0	3500.0	0.0	0.0
67855.0	26.32	37.1	833.32	15.28	10.0	0.0	3500.0	0.0	0.0
67900.0	26.24	37.12	833.32	15.29	10.0	0.0	3500.0	0.0	0.0
67945.0	26.22	37.12	833.32	15.28	10.0	0.0	3500.0	0.0	0.0
67990.0	26.31	37.18	833.32	15.29	10.0	0.0	3500.0	0.0	0.0
68040.0	26.28	37.17	833.32	15.27	10.0	0.0	3500.0	0.0	0.0
68085.0	26.26	37.16	833.32	15.29	10.0	0.0	3500.0	0.0	0.0
68129.0	26.32	37.23	833.32	15.24	10.0	0.0	3500.0	0.0	0.0
68180.0	26.32	37.17	833.32	15.17	10.0	0.0	3500.0	0.0	0.0
68219.0	26.26	37.12	833.32	15.15	10.0	0.0	3500.0	0.0	0.0
68264.0	26.5	37.3	833.32	15.15	10.0	0.0	3500.0	0.0	0.0
68315.0	26.39	37.17	833.32	15.18	10.0	0.0	3500.0	0.0	0.0
68360.0	26.22	37.1	833.32	15.27	11.0	0.0	3500.0	0.0	0.0
68404.0	26.43	37.32	833.32	15.2	11.0	0.0	3500.0	0.0	0.0
68449.0	26.25	37.13	833.32	15.26	10.0	0.0	3500.0	0.0	0.0
68494.0	26.28	37.1	833.32	15.35	10.0	0.0	3500.0	0.0	0.0
68544.0	26.46	37.26	833.32	15.4	10.0	0.0	3500.0	0.0	0.0
68589.0	26.31	37.13	833.32	15.48	10.0	0.0	3500.0	0.0	0.0
68634.0	26.31	37.11	833.32	15.61	10.0	0.0	3500.0	0.0	0.0
68678.0	26.5	37.21	833.32	15.56	10.0	0.0	3500.0	0.0	0.0
68729.0	26.31	37.08	833.32	15.41	10.0	0.0	3500.0	0.0	0.0
68773.0	26.29	37.04	833.32	15.38	10.0	0.0	3500.0	0.0	0.0
68818.0	26.53	37.25	833.32	15.39	10.0	0.0	3500.0	0.0	0.0
68864.0	26.45	37.2	833.32	15.31	10.0	0.0	3500.0	0.0	0.0
68914.0	26.34	37.12	833.32	15.44	10.0	0.0	3500.0	0.0	0.0
68959.0	26.54	37.26	833.32	15.28	10.0	0.0	3500.0	0.0	0.0
69009.0	26.42	37.16	833.32	15.14	10.0	0.0	3500.0	0.0	0.0
69054.0	26.33	37.1	833.32	15.06	9.0	0.0	3500.0	0.0	0.0
69098.0	26.32	37.17	833.32	14.97	9.0	0.0	3500.0	0.0	0.0
69148.0	26.36	37.48	833.32	14.87	9.0	0.0	3500.0	0.0	0.0
69190.0	26.46	37.51	833.32	14.81	9.0	0.0	3500.0	0.0	0.0
69234.0	26.49	37.32	833.32	14.81	9.0	0.0	3500.0	0.0	0.0
69279.0	26.52	37.53	833.32	14.78	9.0	0.0	3500.0	0.0	0.0
69329.0	26.53	37.63	833.32	14.92	9.0	0.0	3500.0	0.0	0.0
69385.0	26.51	37.69	833.32	15.05	9.0	0.0	3500.0	0.0	0.0
69429.0	26.42	37.48	833.32	15.19	9.0	0.0	3500.0	0.0	0.0
69473.0	26.49	37.53	833.32	15.41	9.0	0.0	3500.0	0.0	0.0
69518.0	26.38	37.28	833.32	15.46	9.0	0.0	3500.0	0.0	2.0
69568.0	26.45	37.33	833.32	15.64	9.0	0.0	3500.0	0.0	2.0
69618.0	26.47	37.2	833.32	15.54	9.0	0.0	3500.0	0.0	2.0
69668.0	26.39	37.04	833.32	15.71	9.0	0.0	3500.0	0.0	2.0
69712.0	26.33	37.07	833.32	15.62	9.0	0.0	3500.0	0.0	2.0
69763.0	26.3	37.06	833.32	15.65	9.0	0.0	3500.0	0.0	2.0
69807.0	26.33	36.52	833.32	15.56	9.0	0.0	3500.0	0.0	2.0
69857.0	26.27	36.53	833.32	15.53	9.0	0.0	3500.0	0.0	2.0
69902.0	26.26	36.64	833.32	15.56	9.0	0.0	3500.0	0.0	2.0
69946.0	26.11	36.63	833.32	15.69	9.0	0.0	3500.0	0.0	2.0
69996.0	26.15	36.75	833.32	15.87	9.0	0.0	3500.0	0.0	2.0
70046.0	26.12	36.96	833.32	15.93	9.0	0.0	3500.0	0.0	0.0
70090.0	26.13	36.85	833.32	15.96	9.0	0.0	3500.0	0.0	0.0
70135.0	26.15	36.85	833.32	16.05	9.0	0.0	3500.0	0.0	0.0
70184.0	26.23	36.92	833.32	16.06	9.0	0.0	3500.0	0.0	0.0
70230.0	26.28	36.94	833.32	15.93	9.0	0.0	3500.0	0.0	0.0
70279.0	26.27	36.89	833.32	15.74	9.0	0.0	3500.0	0.0	0.0
70329.0	26.14	36.91	833.32	15.7	9.0	0.0	3500.0	0.0	0.0
70368.0	26.26	36.9	833.32	15.64	9.0	0.0	3500.0	0.0	0.0
70418.0	26.22	36.98	833.32	15.45	9.0	0.0	3500.0	0.0	0.0
70468.0	26.44	37.14	833.32	15.94	9.0	0.0	3500.0	0.0	0.0
70512.0	26.35	37.03	833.32	16.16	9.0	0.0	3500.0	0.0	0.0
70562.0	26.3	37.07	833.32	16.44	9.0	0.0	3500.0	0.0	0.0
70611.0	26.08	37.14	833.32	16.62	9.0	0.0	3500.0	0.0	0.0
70657.0	26.07	37.08	833.32	16.75	9.0	0.0	3500.0	0.0	0.0
70701.0	26.09	37.04	833.32	16.21	9.0	0.0	3500.0	0.0	0.0
70745.0	26.13	37.05	833.32	15.85	9.0	0.0	3500.0	0.0	0.0
70795.0	26.16	37.04	833.32	15.6	9.0	0.0	3500.0	0.0	0.0
70845.0	26.29	37.05	833.32	15.46	9.0	0.0	3500.0	0.0	0.0
70889.0	26.3	37.05	833.32	15.42	9.0	0.0	3500.0	0.0	0.0
70939.0	26.49	37.23	833.32	15.51	9.0	0.0	3500.0	0.0	0.0
70983.0	26.39	37.06	833.32	15.62	9.0	0.0	3500.0	0.0	0.0
71027.0	26.32	37.14	833.32	15.84	9.0	0.0	3500.0	0.0	0.0
71077.0	26.07	37.01	833.32	15.87	9.0	0.0	3500.0	0.0	0.0
71121.0	26.09	36.97	833.32	15.96	10.0	0.0	3500.0	0.0	0.0
71166.0	25.95	36.84	833.32	15.99	10.0	0.0	3500.0	0.0	0.0
71212.0	26.04	36.88	833.32	15.96	10.0	0.0	3500.0	0.0	0.0
71262.0	26.15	36.87	833.32	15.88	10.0	0.0	3500.0	0.0	0.0
71307.0	26.06	36.65	833.32	15.86	10.0	0.0	3500.0	0.0	0.0
71352.0	26.07	36.72	833.32	15.99	10.0	0.0	3500.0	0.0	0.0
71396.0	26.19	36.82	833.32	15.89	10.0	0.0	3500.0	0.0	0.0
71446.0	26.14	36.82	833.32	15.82	10.0	0.0	3500.0	0.0	0.0
71497.0	26.15	36.85	833.32	15.91	10.0	0.0	3500.0	0.0	0.0
71547.0	26.19	36.95	833.32	15.96	10.0	0.0	3500.0	0.0	0.0
71586.0	26.2	36.74	833.32	15.98	10.0	0.0	3500.0	0.0	0.0
71631.0	26.22	36.82	833.32	16.09	10.0	0.0	3500.0	0.0	0.0
71682.0	26.28	36.9	833.32	15.99	10.0	0.0	3500.0	0.0	0.0
71732.0	26.36	36.9	833.32	15.76	10.0	0.0	3500.0	0.0	0.0
71777.0	26.31	36.91	833.32	15.65	10.0	0.0	3500.0	0.0	0.0
71822.0	26.43	36.98	833.32	15.58	10.0	0.0	3500.0	0.0	0.0
71867.0	26.31	36.97	833.32	15.59	10.0	0.0	3500.0	0.0	0.0
71911.0	26.24	36.91	833.32	15.72	10.0	0.0	3500.0	0.0	0.0
71956.0	26.38	37.12	833.32	15.59	10.0	0.0	3500.0	0.0	0.0
72006.0	26.3	37.06	833.32	15.53	10.0	0.0	3500.0	0.0	0.0
72051.0	26.19	36.98	833.32	15.7	10.0	0.0	3500.0	0.0	0.0
72096.0	26.15	37.0	833.32	15.56	10.0	0.0	3500.0	0.0	0.0
72140.0	26.19	36.97	833.32	15.55	10.0	0.0	3500.0	0.0	0.0
72192.0	26.2	36.92	833.32	15.75	10.0	0.0	3500.0	0.0	0.0
72236.0	26.17	36.89	833.32	15.99	10.0	0.0	3500.0	0.0	0.0
72281.0	26.17	36.91	833.32	16.02	10.0	0.0	3500.0	0.0	0.0
72331.0	26.18	36.88	833.32	16.08	10.0	0.0	3500.0	0.0	0.0
72381.0	26.08	36.85	833.32	16.1	10.0	0.0	3500.0	0.0	0.0
72432.0	26.18	36.82	833.32	15.93	10.0	0.0	3500.0	0.0	0.0
72471.0	26.17	36.84	833.32	15.75	10.0	0.0	3500.0	0.0	0.0
72521.0	26.18	37.13	833.32	15.45	10.0	0.0	3500.0	0.0	0.0
72564.0	26.1	37.1	833.32	15.67	9.0	0.0	3500.0	0.0	0.0
72611.0	25.9	34.13	833.32	15.74	10.0	0.0	3500.0	0.0	0.0
72653.0	25.8	24.16	833.32	16.24	9.0	0.0	3600.0	0.0	0.0
72701.0	25.81	28.78	833.32	16.5	9.0	0.0	3500.0	0.0	0.0
72749.0	25.97	29.48	833.32	16.85	9.0	0.0	3500.0	0.0	0.0
72799.0	26.25	31.79	833.32	17.19	9.0	0.0	3500.0	0.0	0.0
72841.0	25.87	33.47	833.32	17.77	9.0	0.0	3500.0	0.0	0.0
72888.0	26.26	35.53	833.32	17.92	9.0	0.0	3500.0	0.0	0.0
72936.0	26.12	36.51	833.32	18.27	9.0	0.0	3500.0	0.0	0.0
72978.0	26.24	37.18	833.32	18.35	9.0	0.0	3500.0	0.0	0.0
73025.0	26.34	37.69	833.32	18.38	9.0	1449.0	3500.0	0.0	2.0
73074.0	26.41	37.69	833.32	18.52	8.0	1333.57	3500.0	0.0	2.0
73117.0	26.39	37.88	833.32	18.53	8.0	1283.81	3500.0	0.0	2.0
73166.0	26.38	38.04	833.32	18.43	9.0	1126.46	3400.0	0.0	2.0
73210.0	26.21	38.04	833.32	18.56	8.0	1308.44	3400.0	0.0	2.0
73260.0	26.35	38.37	833.32	18.46	9.0	1595.74	3400.0	0.0	2.0
73303.0	26.32	38.46	833.32	18.44	9.0	1522.53	3400.0	0.0	2.0
73358.0	26.01	37.86	833.32	18.98	9.0	1369.36	3500.0	0.0	2.0
73401.0	26.08	38.03	833.32	18.67	9.0	1202.5	3400.0	0.0	2.0
73444.0	26.24	38.26	833.32	18.18	9.0	1574.31	3400.0	0.0	2.0
73496.0	26.2	38.21	833.32	18.09	9.0	1518.83	3400.0	0.0	2.0
73545.0	26.27	38.28	833.32	18.56	9.0	1569.04	3400.0	0.0	2.0
73589.0	26.37	38.42	833.32	19.04	9.0	1503.01	3400.0	0.0	2.0
73632.0	26.44	38.55	833.32	19.3	9.0	1436.23	3400.0	0.0	2.0
73681.0	26.37	38.48	833.32	19.35	9.0	1354.28	3400.0	0.0	2.0
73731.0	26.35	38.44	833.32	19.31	8.0	1184.09	3400.0	0.0	2.0
73783.0	26.44	38.55	833.32	19.37	9.0	1603.93	3400.0	0.0	2.0
73832.0	26.44	38.58	833.32	19.54	9.0	1453.77	3400.0	0.0	2.0
73881.0	26.32	38.44	833.32	19.71	8.0	1510.57	3400.0	0.0	2.0
73930.0	25.98	37.89	833.32	19.82	8.0	1474.06	3500.0	0.0	2.0
73979.0	25.99	38.03	833.32	19.88	8.0	1318.1	3400.0	0.0	2.0
74029.0	26.26	37.96	833.32	19.93	9.0	1445.64	3500.0	0.0	1.0
74073.0	26.3	38.12	833.32	19.95	9.0	1400.56	3400.0	53.28	1.0
74125.0	26.32	38.33	833.32	19.52	9.0	1529.05	3400.0	53.71	1.0
74164.0	26.47	38.52	833.32	19.09	9.0	1561.52	3400.0	49.58	1.0
74213.0	26.47	38.6	833.32	18.64	9.0	1423.69	3400.0	46.54	1.0
74263.0	26.36	38.6	833.32	18.28	9.0	1289.32	3400.0	43.36	1.0
74307.0	26.3	38.52	833.32	18.24	9.0	3750000.0	3400.0	41.94	1.0
74358.0	26.45	38.65	833.32	17.9	9.0	1665.19	3400.0	40.56	1.0
74405.0	26.45	36.25	833.32	17.77	9.0	1722.16	3500.0	35.87	1.0
74456.0	26.48	37.06	833.32	17.87	9.0	1250000.0	3500.0	37.75	1.0
74500.0	26.54	35.69	833.32	17.78	9.0	1511.79	3500.0	36.01	1.0
74550.0	26.45	36.45	833.32	17.77	9.0	1392.76	3500.0	34.99	1.0
74597.0	26.34	31.07	833.32	17.65	9.0	1572.99	3500.0	36.64	1.0
74647.0	26.28	33.72	833.32	17.64	10.0	1419.11	3500.0	37.01	1.0
74691.0	26.15	35.12	833.32	17.96	10.0	1465.7	3500.0	36.48	1.0
74736.0	25.97	35.53	833.32	18.38	10.0	159574.45	3500.0	43.19	1.0
74780.0	26.09	35.17	833.32	18.18	10.0	1496.11	3500.0	42.06	1.0
74834.0	26.01	36.38	833.32	17.93	10.0	1646.18	3500.0	38.97	1.0
74878.0	26.01	36.75	833.32	17.6	10.0	1510.88	3500.0	35.39	1.0
74923.0	26.08	37.33	833.32	17.15	9.0	1609.44	3500.0	33.73	1.0
74967.0	26.03	37.17	833.32	17.09	9.0	1857.36	3500.0	30.1	1.0
75020.0	25.84	36.76	833.32	17.52	9.0	1700.29	3500.0	35.08	1.0
75064.0	26.03	36.57	833.32	17.36	9.0	1560.87	3500.0	34.55	1.0
75113.0	26.03	36.02	833.32	17.13	9.0	1618.82	3500.0	32.83	1.0
75161.0	26.12	36.2	833.32	16.95	10.0	1785.71	3500.0	28.18	1.0
75205.0	26.22	36.79	833.32	16.88	10.0	1648.35	3500.0	29.54	1.0
75255.0	26.13	36.53	833.32	16.97	11.0	1514.54	3500.0	27.56	1.0
75299.0	26.2	36.42	833.32	16.85	11.0	1429.66	3500.0	29.33	1.0
75347.0	26.05	36.7	833.32	17.37	10.0	1852.77	3500.0	32.33	1.0
75392.0	25.95	37.15	833.32	17.47	11.0	1778.94	3500.0	33.77	1.0
75430.0	25.88	35.89	833.32	17.86	11.0	1843.66	3500.0	32.67	1.0
75484.0	26.06	36.64	833.32	18.09	11.0	1658.56	3500.0	41.12	1.0
75534.0	26.17	37.33	833.32	17.64	11.0	1677.48	3500.0	38.52	1.0
75582.0	26.13	37.63	833.32	17.98	10.0	1798.13	3500.0	38.25	1.0
75626.0	25.7	37.3	833.32	18.37	9.0	1670.38	3500.0	43.22	1.0
75670.0	25.86	37.54	833.32	17.89	9.0	1738.12	3500.0	41.15	1.0
75717.0	26.03	37.83	833.32	17.64	10.0	1849.11	3500.0	36.48	1.0
75767.0	26.1	38.02	833.32	17.68	6.0	1710.77	3400.0	34.76	1.0
75811.0	26.04	35.94	833.32	17.7	4.0	1614.29	3500.0	37.23	1.0
75858.0	25.92	35.09	833.32	17.58	4.0	1661.87	3500.0	34.36	1.0
75909.0	25.81	34.84	833.32	17.2	4.0	1598.12	3500.0	31.54	1.0
75953.0	25.91	34.8	833.32	17.12	4.0	1516.68	3500.0	31.04	1.0
76002.0	25.94	36.03	833.32	17.13	4.0	1437.61	3500.0	31.64	1.0
76049.0	26.12	37.03	833.32	16.87	0.0	1775.57	3500.0	28.79	1.0
76099.0	25.9	35.75	833.32	17.55	0.0	1730.9	3500.0	31.55	1.0
76148.0	25.87	35.83	833.32	18.01	0.0	1586.63	3500.0	37.59	1.0
76197.0	25.91	36.42	833.32	18.43	0.0	1449.0	3500.0	40.6	1.0
76235.0	25.78	36.78	833.32	18.62	0.0	1302.54	3500.0	44.08	1.0
76284.0	25.87	35.96	833.32	18.58	0.0	1130.2	3500.0	45.38	1.0
76334.0	25.97	35.23	833.32	18.3	0.0	1231.93	3500.0	43.89	1.0
76383.0	25.97	36.21	833.32	18.19	0.0	1187.46	3500.0	41.42	1.0
76426.0	25.95	36.69	833.32	18.32	0.0	1045.88	3500.0	40.38	1.0
76473.0	26.0	35.88	833.32	18.64	0.0	1045.88	3500.0	40.38	1.0
76519.0	25.8	36.13	833.32	18.89	0.0	1045.88	3500.0	40.38	1.0
76565.0	25.84	36.58	833.32	18.91	0.0	1045.88	3500.0	40.38	1.0
76616.0	26.03	36.99	833.32	19.31	0.0	1045.88	3500.0	40.38	1.0
76662.0	26.18	37.25	833.32	19.46	0.0	1045.88	3500.0	40.38	1.0
76709.0	26.27	36.38	833.32	19.53	0.0	1045.88	3500.0	40.38	1.0
76755.0	26.37	36.9	833.32	19.55	0.0	1045.88	3500.0	40.38	1.0
76802.0	26.42	37.23	833.32	19.55	0.0	1045.88	3500.0	40.38	1.0
76853.0	26.07	36.93	833.32	19.17	0.0	1045.88	3500.0	40.38	1.0
76899.0	25.63	36.56	833.32	19.26	0.0	1045.88	3500.0	40.38	1.0
76945.0	25.52	36.45	833.32	18.97	0.0	1045.88	3500.0	40.38	1.0
76991.0	25.4	36.22	833.32	18.97	0.0	1045.88	3500.0	40.38	1.0
77036.0	25.45	36.04	833.32	18.41	0.0	0.0	3500.0	40.38	0.0
77081.0	25.4	36.13	833.32	18.43	0.0	0.0	3500.0	40.38	0.0
77131.0	25.44	36.15	833.32	18.3	0.0	0.0	3500.0	40.38	0.0
77175.0	25.26	36.06	833.32	18.46	0.0	0.0	3500.0	40.38	0.0
77220.0	25.48	36.2	833.32	18.1	0.0	0.0	3500.0	40.38	0.0
77264.0	25.43	36.17	833.32	18.02	0.0	0.0	3500.0	40.38	0.0
77309.0	25.45	36.26	833.32	17.9	0.0	0.0	3500.0	40.38	0.0
77353.0	25.54	36.27	833.32	17.67	0.0	0.0	3500.0	40.38	0.0
77404.0	25.77	36.5	833.32	17.1	0.0	0.0	3500.0	40.38	0.0
77449.0	25.86	36.59	833.32	17.0	0.0	0.0	3500.0	40.38	0.0
77499.0	25.65	36.41	833.32	16.96	0.0	0.0	3500.0	40.38	0.0
77549.0	25.93	36.7	833.32	16.86	0.0	0.0	3500.0	40.38	0.0
77593.0	25.92	36.48	833.32	16.54	0.0	0.0	3500.0	40.38	0.0
77632.0	25.84	36.39	833.32	16.52	0.0	0.0	3500.0	40.38	0.0
77682.0	25.5	36.16	833.32	16.62	0.0	0.0	3500.0	40.38	0.0
77727.0	25.4	36.18	833.32	16.42	0.0	0.0	3500.0	40.38	0.0
77777.0	25.5	36.3	833.32	16.23	3.0	0.0	3500.0	40.38	0.0
77817.0	25.65	36.36	833.32	16.02	4.0	0.0	3500.0	40.38	0.0
77868.0	25.8	36.56	833.32	15.88	6.0	0.0	3500.0	40.38	0.0
77913.0	25.66	36.54	833.32	16.04	6.0	0.0	3500.0	40.38	0.0
77963.0	25.63	36.33	833.32	16.02	6.0	0.0	3500.0	40.38	0.0
78008.0	25.68	36.41	833.32	15.86	8.0	0.0	3500.0	40.38	0.0
78053.0	25.84	36.66	833.32	15.77	9.0	0.0	3500.0	40.38	0.0
78098.0	25.91	36.72	833.32	15.8	9.0	0.0	3500.0	40.38	0.0
78149.0	26.0	36.71	833.32	15.89	5.0	0.0	3500.0	40.38	0.0
78194.0	25.94	36.5	833.32	15.88	6.0	0.0	3500.0	40.38	0.0
78239.0	26.07	36.57	833.32	15.84	7.0	0.0	3500.0	40.38	0.0
78283.0	26.04	36.5	833.32	15.86	8.0	0.0	3500.0	40.38	0.0
78328.0	26.21	36.79	833.32	16.04	8.0	0.0	3500.0	40.38	0.0
78380.0	26.01	36.67	833.32	16.04	9.0	0.0	3500.0	40.38	0.0
78425.0	26.04	36.61	833.32	16.21	9.0	0.0	3500.0	40.38	0.0
78470.0	26.06	36.8	833.32	16.32	9.0	0.0	3500.0	40.38	0.0
78520.0	26.06	36.82	833.32	16.3	9.0	0.0	3500.0	40.38	0.0
78565.0	26.05	36.81	833.32	16.22	10.0	0.0	3500.0	40.38	0.0
78610.0	25.92	36.53	833.32	16.31	10.0	0.0	3500.0	40.38	0.0
78656.0	25.87	36.36	833.32	16.2	10.0	0.0	3500.0	40.38	0.0
78695.0	25.95	36.39	833.32	16.16	10.0	0.0	3500.0	40.38	0.0
78746.0	26.1	36.64	833.32	16.13	10.0	0.0	3500.0	40.38	0.0
78792.0	25.99	36.61	833.32	16.08	10.0	0.0	3500.0	40.38	0.0
78837.0	26.03	36.66	833.32	15.94	10.0	0.0	3500.0	40.38	0.0
78882.0	26.0	36.67	833.32	15.76	10.0	0.0	3500.0	40.38	0.0
78934.0	26.05	36.66	833.32	15.72	10.0	0.0	3500.0	40.38	0.0
78980.0	26.07	36.63	833.32	15.62	10.0	0.0	3500.0	40.38	0.0
79025.0	26.06	36.68	833.32	15.55	10.0	0.0	3500.0	40.38	0.0
79070.0	26.01	36.64	833.32	15.64	10.0	0.0	3500.0	40.38	0.0
79116.0	26.04	36.66	833.32	15.56	10.0	0.0	3500.0	40.38	0.0
79161.0	26.18	36.77	833.32	15.46	10.0	0.0	3500.0	40.38	0.0
79212.0	26.19	36.76	833.32	15.39	10.0	0.0	3500.0	40.38	0.0
79252.0	26.1	36.69	833.32	15.32	10.0	0.0	3500.0	40.38	0.0
79303.0	26.07	36.67	833.32	15.31	10.0	0.0	3500.0	40.38	0.0
79348.0	26.06	36.68	833.32	15.34	10.0	0.0	3500.0	40.38	0.0
79393.0	26.03	36.67	833.32	15.46	10.0	0.0	3500.0	40.38	0.0
79438.0	26.02	36.69	833.32	15.59	9.0	0.0	3500.0	40.38	0.0
79483.0	26.13	36.72	833.32	15.7	8.0	0.0	3500.0	40.38	0.0
79535.0	26.15	36.81	833.32	15.64	9.0	0.0	3500.0	40.38	0.0
79574.0	26.09	36.73	833.32	15.5	9.0	0.0	3500.0	40.38	0.0
79619.0	26.01	36.68	833.32	15.43	10.0	0.0	3500.0	40.38	0.0
79670.0	26.03	36.69	833.32	15.47	10.0	0.0	3500.0	40.38	0.0
79715.0	26.14	36.92	833.32	15.46	10.0	0.0	3500.0	40.38	0.0
79761.0	26.04	36.98	833.32	15.42	11.0	0.0	3500.0	40.38	0.0
79806.0	26.05	36.89	833.32	15.34	11.0	0.0	3500.0	40.38	0.0
79852.0	25.94	36.8	833.32	15.39	11.0	0.0	3500.0	40.38	0.0
79897.0	25.85	36.65	833.32	15.45	12.0	0.0	3500.0	40.38	0.0
79937.0	25.85	36.69	833.32	15.58	13.0	0.0	3500.0	40.38	0.0
79988.0	25.75	36.64	833.32	15.63	19.0	0.0	3500.0	40.38	0.0
80033.0	25.67	36.54	833.32	15.96	19.0	0.0	3500.0	40.38	0.0
80084.0	25.79	36.63	833.32	15.82	16.0	0.0	3500.0	40.38	0.0
80130.0	25.66	36.51	833.32	16.05	13.0	0.0	3500.0	40.38	0.0
80176.0	25.65	36.57	833.32	16.07	12.0	0.0	3500.0	40.38	0.0
80221.0	25.84	36.67	833.32	15.88	11.0	0.0	3500.0	40.38	0.0
80266.0	25.89	36.73	833.32	15.75	11.0	0.0	3500.0	40.38	0.0
80317.0	25.88	36.53	833.32	15.58	10.0	0.0	3500.0	40.38	0.0
80363.0	25.94	36.61	833.32	15.51	10.0	0.0	3500.0	40.38	0.0
80408.0	25.97	36.68	833.32	15.51	10.0	0.0	3500.0	40.38	0.0
80459.0	25.98	36.8	833.32	15.43	10.0	0.0	3500.0	40.38	0.0
80504.0	26.05	36.83	833.32	15.29	10.0	0.0	3500.0	40.38	0.0
80549.0	26.16	36.96	833.32	15.25	10.0	0.0	3500.0	40.38	0.0
80601.0	26.23	37.09	833.32	15.02	10.0	0.0	3500.0	40.38	0.0
80647.0	26.15	36.98	833.32	14.86	10.0	0.0	3500.0	40.38	0.0
80697.0	26.01	36.67	833.32	14.73	11.0	0.0	3500.0	40.38	0.0
80743.0	26.05	36.66	833.32	14.68	11.0	0.0	3500.0	40.38	0.0
80783.0	26.06	36.75	833.32	14.78	11.0	0.0	3500.0	40.38	0.0
80834.0	26.07	36.82	833.32	14.77	11.0	0.0	3500.0	40.38	0.0
80879.0	26.04	36.84	833.32	14.82	11.0	0.0	3500.0	40.38	0.0
80924.0	26.04	36.86	833.32	14.8	11.0	0.0	3500.0	40.38	0.0
80970.0	26.28	37.06	833.32	14.86	11.0	0.0	3500.0	40.38	0.0
81015.0	26.24	37.11	833.32	15.08	11.0	0.0	3500.0	40.38	0.0
81067.0	26.2	36.94	833.32	15.26	11.0	0.0	3500.0	40.38	0.0
81112.0	25.94	36.8	833.32	15.38	11.0	0.0	3500.0	40.38	0.0
81157.0	25.97	36.83	833.32	15.51	11.0	0.0	3500.0	40.38	0.0
81208.0	26.06	36.86	833.32	15.68	10.0	0.0	3500.0	40.38	0.0
81254.0	26.04	36.87	833.32	15.6	10.0	0.0	3500.0	40.38	0.0
81305.0	26.05	36.83	833.32	15.45	10.0	0.0	3500.0	40.38	0.0
81350.0	26.24	37.0	833.32	15.51	10.0	0.0	3500.0	40.38	0.0
81395.0	26.28	37.17	833.32	15.4	10.0	0.0	3500.0	40.38	0.0
81441.0	26.26	37.09	833.32	15.3	11.0	0.0	3500.0	40.38	0.0
81486.0	26.19	36.98	833.32	15.14	11.0	0.0	3500.0	40.38	0.0
81531.0	26.05	36.71	833.32	15.01	10.0	0.0	3500.0	40.38	0.0
81583.0	26.08	36.74	833.32	14.91	11.0	0.0	3500.0	40.38	0.0
81629.0	26.07	36.76	833.32	14.87	11.0	0.0	3500.0	40.38	0.0
81674.0	26.06	36.85	833.32	14.86	11.0	0.0	3500.0	40.38	0.0
81714.0	26.02	36.84	833.32	14.86	11.0	0.0	3500.0	40.38	0.0
81764.0	26.03	36.85	833.32	14.98	10.0	0.0	3500.0	40.38	0.0
81810.0	26.1	37.06	833.32	15.03	11.0	0.0	3500.0	40.38	0.0
81855.0	26.1	37.0	833.32	15.04	11.0	0.0	3500.0	40.38	0.0
81906.0	26.05	36.93	833.32	15.05	11.0	0.0	3500.0	40.38	0.0
81951.0	25.94	36.66	833.32	15.19	10.0	0.0	3500.0	40.38	0.0
81997.0	25.98	36.72	833.32	15.1	11.0	0.0	3500.0	40.38	0.0
82049.0	25.98	36.78	833.32	14.98	10.0	0.0	3500.0	40.38	0.0
82093.0	25.93	36.78	833.32	14.97	4.0	0.0	3500.0	40.38	0.0
82138.0	25.53	36.59	833.32	15.19	0.0	0.0	3500.0	40.38	0.0
82183.0	25.53	36.52	833.32	15.35	0.0	0.0	3500.0	40.38	0.0
82233.0	25.6	36.56	833.32	15.31	0.0	0.0	3500.0	40.38	0.0
82277.0	25.67	36.57	833.32	15.19	0.0	0.0	3500.0	40.38	0.0
82322.0	25.43	36.24	833.32	15.32	1.0	0.0	3500.0	40.38	0.0
82372.0	25.31	36.26	833.32	15.41	3.0	0.0	3500.0	40.38	0.0
82423.0	25.51	36.44	833.32	15.21	6.0	0.0	3500.0	40.38	0.0
82468.0	25.69	36.59	833.32	15.1	7.0	0.0	3500.0	40.38	0.0
82513.0	25.76	36.61	833.32	15.22	9.0	0.0	3500.0	40.38	0.0
82558.0	25.88	36.83	833.32	15.28	9.0	0.0	3500.0	40.38	0.0
82603.0	25.97	36.84	833.32	15.32	9.0	0.0	3500.0	40.38	0.0
82649.0	26.07	36.83	833.32	15.32	10.0	0.0	3500.0	40.38	0.0
82694.0	26.07	36.83	833.32	15.31	10.0	0.0	3500.0	40.38	0.0
82745.0	26.06	36.92	833.32	15.02	10.0	0.0	3500.0	40.38	0.0
82785.0	26.2	36.89	833.32	14.85	10.0	0.0	3500.0	40.38	0.0
82836.0	26.26	37.1	833.32	14.76	9.0	0.0	3500.0	40.38	0.0
82880.0	26.02	36.92	833.32	14.8	2.0	0.0	3500.0	40.38	0.0
82925.0	25.79	36.75	833.32	14.85	4.0	0.0	3500.0	40.38	0.0
82970.0	25.97	36.95	833.32	15.05	4.0	0.0	3500.0	40.38	0.0
83020.0	25.84	36.8	833.32	15.1	0.0	0.0	3500.0	40.38	0.0
83059.0	25.76	36.72	833.32	15.28	0.0	0.0	3500.0	40.38	0.0
83109.0	25.71	36.68	833.32	15.34	0.0	0.0	3500.0	40.38	0.0
83160.0	25.65	36.63	833.32	15.47	0.0	0.0	3500.0	40.38	0.0
83205.0	25.68	36.62	833.32	15.42	0.0	0.0	3500.0	40.38	0.0
83249.0	25.76	36.73	833.32	15.34	0.0	0.0	3500.0	40.38	0.0
83299.0	25.6	36.61	833.32	15.7	0.0	0.0	3500.0	40.38	0.0
83344.0	25.34	36.33	833.32	16.0	0.0	0.0	3500.0	40.38	0.0
83388.0	25.25	36.25	833.32	16.15	4.0	0.0	3500.0	40.38	0.0
83433.0	25.36	36.29	833.32	16.27	11.0	0.0	3500.0	40.38	0.0
83479.0	25.36	36.3	833.32	15.92	15.0	0.0	3500.0	40.38	0.0
83524.0	25.44	36.3	833.32	15.65	18.0	0.0	3500.0	40.38	0.0
83570.0	25.44	36.23	833.32	15.38	20.0	0.0	3500.0	40.38	0.0
83620.0	25.59	36.33	833.32	15.15	20.0	0.0	3500.0	40.38	0.0
83666.0	25.76	36.48	833.32	14.91	21.0	0.0	3500.0	40.38	0.0
83712.0	25.8	36.47	833.32	14.86	21.0	0.0	3500.0	40.38	0.0
83757.0	25.51	36.29	833.32	14.97	21.0	0.0	3500.0	40.38	0.0
83808.0	25.58	36.2	833.32	15.14	21.0	0.0	3500.0	40.38	0.0
83854.0	25.38	36.18	833.32	15.34	22.0	0.0	3500.0	40.38	0.0
83899.0	25.39	36.18	833.32	15.5	22.0	0.0	3500.0	40.38	0.0
83950.0	25.77	36.64	833.32	15.19	22.0	0.0	3500.0	40.38	0.0
83995.0	25.87	36.62	833.32	14.98	22.0	0.0	3500.0	40.38	0.0
84041.0	25.85	36.59	833.32	14.91	22.0	0.0	3500.0	40.38	0.0
84092.0	25.74	36.54	833.32	14.91	22.0	0.0	3500.0	40.38	0.0
84137.0	25.72	36.57	833.32	14.82	22.0	0.0	3500.0	40.38	0.0
84183.0	25.74	36.6	833.32	14.73	23.0	0.0	3500.0	40.38	0.0
84229.0	25.79	36.6	833.32	15.06	23.0	0.0	3500.0	40.38	0.0
84274.0	25.66	36.48	833.32	15.38	24.0	0.0	3500.0	40.38	0.0
84319.0	25.65	36.36	833.32	15.45	23.0	0.0	3500.0	40.38	0.0
84365.0	25.91	36.59	833.32	15.46	23.0	0.0	3500.0	40.38	0.0
84416.0	26.03	36.75	833.32	15.55	23.0	0.0	3500.0	40.38	0.0
84461.0	26.01	36.78	833.32	15.2	23.0	0.0	3500.0	40.38	0.0
84506.0	26.01	36.64	833.32	14.95	23.0	0.0	3500.0	40.38	0.0
84552.0	25.98	36.54	833.32	14.86	23.0	0.0	3500.0	40.38	0.0
84602.0	25.92	36.54	833.32	14.72	23.0	0.0	3500.0	40.38	0.0
84654.0	25.9	36.53	833.32	14.61	23.0	0.0	3500.0	40.38	0.0
84700.0	25.93	36.64	833.32	14.67	21.0	0.0	3500.0	40.38	0.0
84745.0	25.96	36.55	833.32	14.79	17.0	0.0	3500.0	40.38	0.0
84790.0	25.9	36.56	833.32	14.95	18.0	0.0	3500.0	40.38	0.0
84841.0	25.75	36.5	833.32	15.09	25.0	0.0	3500.0	40.38	0.0
84887.0	25.67	36.45	833.32	15.06	20.0	0.0	3500.0	40.38	0.0
84932.0	25.53	36.37	833.32	14.98	22.0	0.0	3500.0	40.38	0.0
84977.0	25.52	36.32	833.32	15.05	27.0	0.0	3500.0	40.38	0.0
85028.0	25.44	36.28	833.32	15.24	29.0	0.0	3500.0	40.38	0.0
85074.0	25.5	36.26	833.32	15.22	27.0	0.0	3500.0	40.38	0.0
85125.0	25.55	36.35	833.32	15.22	24.0	0.0	3500.0	40.38	0.0
85171.0	25.76	36.48	833.32	15.26	27.0	0.0	3500.0	40.38	0.0
85222.0	25.72	36.64	833.32	15.35	18.0	0.0	3500.0	40.38	0.0
85267.0	25.59	36.43	833.32	15.47	13.0	0.0	3500.0	40.38	0.0
85312.0	25.58	36.44	833.32	15.61	10.0	0.0	3500.0	40.38	0.0
85357.0	25.69	36.62	833.32	15.49	8.0	0.0	3500.0	40.38	0.0
85402.0	25.72	36.69	833.32	15.39	8.0	0.0	3500.0	40.38	0.0
85447.0	25.92	36.94	833.32	15.37	6.0	0.0	3500.0	40.38	0.0
85498.0	25.83	36.81	833.32	15.4	5.0	0.0	3500.0	40.38	0.0
85549.0	25.82	36.82	833.32	15.32	4.0	0.0	3500.0	40.38	0.0
85594.0	25.86	36.85	833.32	15.25	4.0	0.0	3500.0	40.38	0.0
85639.0	26.06	36.96	833.32	15.12	3.0	0.0	3500.0	40.38	0.0
85689.0	26.14	37.0	833.32	14.94	3.0	0.0	3500.0	40.38	0.0
85734.0	26.14	37.01	833.32	14.81	3.0	0.0	3500.0	40.38	0.0
85779.0	26.17	37.01	833.32	14.67	3.0	0.0	3500.0	40.38	0.0
85824.0	26.2	36.99	833.32	14.6	3.0	0.0	3500.0	40.38	0.0
85869.0	26.23	36.98	833.32	14.51	3.0	0.0	3500.0	40.38	0.0
85914.0	26.22	37.01	833.32	14.48	3.0	0.0	3500.0	40.38	0.0
85959.0	26.17	36.99	833.32	14.55	3.0	0.0	3500.0	40.38	0.0
86004.0	26.21	37.01	833.32	14.58	3.0	0.0	3500.0	40.38	0.0
86054.0	26.21	37.03	833.32	14.61	3.0	0.0	3500.0	40.38	0.0
86099.0	26.19	37.03	833.32	14.59	3.0	0.0	3500.0	40.38	0.0
86145.0	26.22	36.98	833.32	14.6	3.0	0.0	3500.0	40.38	0.0
86190.0	26.26	36.97	833.32	14.57	3.0	0.0	3500.0	40.38	0.0
86235.0	26.3	37.01	833.32	14.53	3.0	0.0	3500.0	40.38	0.0
86285.0	26.29	36.99	833.32	14.52	3.0	0.0	3500.0	40.38	0.0
86330.0	26.29	36.97	833.32	14.54	3.0	0.0	3500.0	40.38	0.0
86370.0	26.26	36.93	833.32	14.53	3.0	0.0	3500.0	40.38	0.0
86420.0	26.25	36.97	833.32	14.6	3.0	0.0	3500.0	40.38	0.0
86465.0	26.21	36.94	833.32	14.63	3.0	0.0	3500.0	40.38	0.0
86505.0	26.19	36.97	833.32	14.63	3.0	0.0	3500.0	40.38	0.0
86555.0	26.24	37.01	833.32	14.62	3.0	0.0	3500.0	40.38	0.0
86605.0	26.23	37.05	833.32	14.61	3.0	0.0	3500.0	40.38	0.0
86657.0	26.29	37.01	833.32	14.62	3.0	0.0	3500.0	40.38	0.0
86702.0	26.25	36.98	833.32	14.57	3.0	0.0	3500.0	40.38	0.0
86747.0	26.24	36.99	833.32	14.54	3.0	0.0	3500.0	40.38	0.0
86792.0	26.26	36.99	833.32	14.49	3.0	0.0	3500.0	40.38	0.0
86842.0	26.22	37.03	833.32	14.56	4.0	0.0	3500.0	40.38	0.0
86887.0	26.07	36.95	833.32	14.6	5.0	0.0	3500.0	40.38	0.0
86926.0	25.99	36.83	833.32	14.65	6.0	0.0	3500.0	40.38	0.0
86971.0	26.14	36.96	833.32	14.75	7.0	0.0	3500.0	40.38	0.0
87022.0	25.89	36.8	833.32	14.8	9.0	0.0	3500.0	40.38	0.0
87066.0	25.88	36.76	833.32	14.85	9.0	0.0	3500.0	40.38	0.0
87117.0	25.88	36.77	833.32	14.83	10.0	0.0	3500.0	40.38	0.0
87157.0	25.77	36.64	833.32	14.91	10.0	0.0	3500.0	40.38	0.0
87202.0	26.01	36.79	833.32	14.94	11.0	0.0	3500.0	40.38	0.0
87254.0	26.11	36.91	833.32	15.03	11.0	0.0	3500.0	40.38	0.0
87300.0	26.06	36.98	833.32	15.01	11.0	0.0	3500.0	40.38	0.0
87345.0	26.09	36.96	833.32	14.97	11.0	0.0	3500.0	40.38	0.0
87385.0	26.06	36.9	833.32	14.96	11.0	0.0	3500.0	40.38	0.0
87435.0	26.03	36.85	833.32	14.77	11.0	0.0	3500.0	40.38	0.0
87481.0	25.97	36.74	833.32	14.71	11.0	0.0	3500.0	40.38	0.0
87526.0	25.97	36.73	833.32	14.65	12.0	0.0	3500.0	40.38	0.0
87571.0	25.96	36.68	833.32	14.67	11.0	0.0	3500.0	40.38	0.0
87622.0	26.18	36.98	833.32	14.62	11.0	0.0	3500.0	40.38	0.0
87668.0	26.18	37.03	833.32	14.64	11.0	0.0	3500.0	40.38	0.0
87719.0	26.15	36.81	833.32	14.68	11.0	0.0	3500.0	40.38	0.0
87764.0	26.07	36.76	833.32	14.71	11.0	0.0	3500.0	40.38	0.0
87810.0	26.08	36.85	833.32	14.71	11.0	0.0	3500.0	40.38	0.0
87856.0	26.09	36.84	833.32	14.75	11.0	0.0	3500.0	40.38	0.0
87901.0	26.09	36.87	833.32	14.72	11.0	0.0	3500.0	40.38	0.0
87946.0	26.13	36.88	833.32	14.75	11.0	0.0	3500.0	40.38	0.0
87992.0	26.18	36.93	833.32	14.81	11.0	0.0	3500.0	40.38	0.0
88037.0	26.27	37.09	833.32	14.81	11.0	0.0	3500.0	40.38	0.0
88088.0	26.17	37.07	833.32	14.71	11.0	0.0	3500.0	40.38	0.0
88133.0	26.01	36.96	833.32	14.66	11.0	0.0	3500.0	40.38	0.0
88184.0	26.02	36.76	833.32	14.66	11.0	0.0	3500.0	40.38	0.0
88229.0	26.0	36.8	833.32	14.68	11.0	0.0	3500.0	40.38	0.0
88275.0	26.03	36.79	833.32	14.69	11.0	0.0	3500.0	40.38	0.0
88321.0	26.03	36.87	833.32	14.66	11.0	0.0	3500.0	40.38	0.0
88372.0	26.02	36.84	833.32	14.67	11.0	0.0	3500.0	40.38	0.0
88412.0	26.26	36.98	833.32	14.66	11.0	0.0	3500.0	40.38	0.0
88457.0	26.15	37.09	833.32	14.57	11.0	0.0	3500.0	40.38	0.0
88502.0	26.02	36.97	833.32	14.46	11.0	0.0	3500.0	40.38	0.0
88548.0	26.06	36.91	833.32	14.4	11.0	0.0	3500.0	40.38	0.0
88593.0	25.97	36.78	833.32	14.49	11.0	0.0	3500.0	40.38	0.0
88644.0	25.98	36.83	833.32	14.65	11.0	0.0	3500.0	40.38	0.0
88689.0	26.03	36.85	833.32	14.77	11.0	0.0	3500.0	40.38	0.0
88735.0	26.05	36.82	833.32	14.81	11.0	0.0	3500.0	40.38	0.0
88785.0	26.03	36.81	833.32	14.82	11.0	0.0	3500.0	40.38	0.0
88832.0	26.35	37.0	833.32	14.84	11.0	0.0	3500.0	40.38	0.0
88877.0	26.2	36.92	833.32	14.64	11.0	0.0	3500.0	40.38	0.0
88922.0	26.15	36.83	833.32	14.45	11.0	0.0	3500.0	40.38	0.0
88973.0	26.07	36.75	833.32	14.38	11.0	0.0	3500.0	40.38	0.0
89019.0	26.05	36.76	833.32	14.31	11.0	0.0	3500.0	40.38	0.0
89064.0	26.06	36.73	833.32	14.26	11.0	0.0	3500.0	40.38	0.0
89109.0	26.06	36.76	833.32	14.39	11.0	0.0	3500.0	40.38	0.0
89155.0	26.05	36.76	833.32	14.58	11.0	0.0	3500.0	40.38	0.0
89200.0	26.07	36.79	833.32	14.65	11.0	0.0	3500.0	40.38	0.0
89251.0	26.3	37.21	833.32	14.73	11.0	0.0	3500.0	40.38	0.0
89296.0	26.19	37.2	833.32	14.69	11.0	0.0	3500.0	40.38	0.0
89342.0	26.16	37.13	833.32	14.66	11.0	0.0	3500.0	40.38	0.0
89388.0	26.13	37.18	833.32	14.82	11.0	0.0	3500.0	40.38	0.0
89439.0	26.04	37.03	833.32	14.97	11.0	0.0	3500.0	40.38	0.0
89484.0	26.01	36.96	833.32	15.08	11.0	0.0	3500.0	40.38	0.0
89535.0	26.01	36.96	833.32	15.1	11.0	0.0	3500.0	40.38	0.0
89575.0	26.03	36.92	833.32	15.09	11.0	0.0	3500.0	40.38	0.0
89620.0	26.09	36.9	833.32	15.06	11.0	0.0	3500.0	40.38	0.0
89665.0	26.19	36.35	833.32	15.04	11.0	0.0	3500.0	40.38	0.0
89716.0	26.12	33.91	833.32	14.99	11.0	0.0	3500.0	40.38	0.0
89767.0	26.1	32.29	833.32	14.97	11.0	0.0	3500.0	40.38	0.0
89819.0	26.09	31.34	833.32	15.0	11.0	0.0	3500.0	40.38	0.0
89859.0	26.06	30.81	833.32	14.97	11.0	0.0	3500.0	40.38	0.0
89904.0	26.0	30.26	833.32	14.85	11.0	0.0	3500.0	40.38	0.0
89955.0	26.04	29.94	833.32	14.78	11.0	0.0	3500.0	40.38	0.0
90000.0	26.14	29.65	833.32	14.81	11.0	0.0	3500.0	40.38	0.0
90046.0	26.18	29.52	833.32	14.75	11.0	0.0	3500.0	40.38	0.0
90091.0	26.07	29.16	833.32	14.72	11.0	0.0	3500.0	40.38	0.0
90136.0	26.02	28.99	833.32	14.73	11.0	0.0	3500.0	40.38	0.0
90182.0	26.03	28.72	833.32	14.76	11.0	0.0	3500.0	40.38	0.0
90221.0	26.05	28.73	833.32	14.81	11.0	0.0	3500.0	40.38	0.0
90272.0	25.96	28.88	833.32	14.86	11.0	0.0	3500.0	40.38	0.0
90323.0	25.99	28.99	833.32	14.9	11.0	0.0	3500.0	40.38	0.0
90369.0	26.08	29.08	833.32	14.94	11.0	0.0	3500.0	40.38	0.0
90415.0	26.24	29.2	833.32	14.92	11.0	0.0	3500.0	40.38	0.0
90460.0	26.2	29.41	833.32	14.91	11.0	0.0	3500.0	40.38	0.0

================================Data log ends here================================